Index,Region,Subregion,Stage,Confirmed,Deaths,Recovered,Stage_Confirmed,Stage_Deaths,Stage_Recovered,Stage_Treated%,Stage_Deaths%,Stage_Recovered%,Stage_Treated,Recovered_Change
15,India,Andaman and Nicobar Islands,2020-06-19,45,0,35,45,0,35,0.7777777777777778,0.0,1.0,35,
16,India,Andaman and Nicobar Islands,2020-06-29,90,0,46,55,0,11,0.2,0.0,1.0,11,0.0
17,India,Andaman and Nicobar Islands,2020-07-09,151,0,83,105,0,37,0.3523809523809524,0.0,1.0,37,0.0
18,India,Andaman and Nicobar Islands,2020-07-19,203,0,145,120,0,62,0.5166666666666667,0.0,1.0,62,0.0
19,India,Andaman and Nicobar Islands,2020-07-29,363,1,196,218,1,51,0.23853211009174313,0.019230769230769232,0.9807692307692307,52,-0.019230769230769273
20,India,Andaman and Nicobar Islands,2020-08-08,1351,20,500,1154,19,304,0.27989601386481805,0.058823529411764705,0.9411764705882353,323,-0.039592760180995445
21,India,Andaman and Nicobar Islands,2020-08-18,2529,30,1421,2009,10,921,0.4634146341463415,0.010741138560687433,0.9892588614393125,931,0.04808239085107724
22,India,Andaman and Nicobar Islands,2020-08-28,3050,42,2444,1599,12,1023,0.6472795497185742,0.011594202898550725,0.9884057971014493,1035,-0.0008530643378632519
23,India,Andaman and Nicobar Islands,2020-09-07,3359,50,2997,873,8,553,0.6426116838487973,0.0142602495543672,0.9857397504456328,561,-0.0026660466558164897
24,India,Andaman and Nicobar Islands,2020-09-17,3604,52,3378,557,2,381,0.6876122082585279,0.005221932114882507,0.9947780678851175,383,0.009038317439484689
25,India,Andaman and Nicobar Islands,2020-09-27,3794,53,3553,364,1,175,0.4835164835164835,0.005681818181818182,0.9943181818181818,176,-0.00045988606693569967
26,India,Andaman and Nicobar Islands,2020-10-07,3935,54,3696,329,1,143,0.4376899696048632,0.006944444444444444,0.9930555555555556,144,-0.0012626262626261875
27,India,Andaman and Nicobar Islands,2020-10-17,4083,56,3848,333,2,152,0.4624624624624625,0.012987012987012988,0.987012987012987,154,-0.0060425685425685716
28,India,Andaman and Nicobar Islands,2020-10-27,4274,58,4019,370,2,171,0.46756756756756757,0.011560693641618497,0.9884393063583815,173,0.0014263193453945
29,India,Andaman and Nicobar Islands,2020-11-06,4420,60,4194,343,2,175,0.5160349854227405,0.011299435028248588,0.9887005649717514,177,0.00026125861336989686
30,India,Andaman and Nicobar Islands,2020-11-16,4557,61,4346,303,1,152,0.504950495049505,0.006535947712418301,0.9934640522875817,153,0.004763487315830317
31,India,Andaman and Nicobar Islands,2020-11-26,4682,61,4491,275,0,145,0.5272727272727272,0.0,1.0,145,0.006535947712418277
32,India,Andaman and Nicobar Islands,2020-12-06,4758,61,4624,206,0,133,0.6456310679611651,0.0,1.0,133,0.0
33,India,Andaman and Nicobar Islands,2020-12-16,4850,61,4698,165,0,74,0.4484848484848485,0.0,1.0,74,0.0
34,India,Andaman and Nicobar Islands,2020-12-26,4912,62,4789,153,1,91,0.6013071895424836,0.010869565217391304,0.9891304347826086,92,-0.010869565217391353
35,India,Andaman and Nicobar Islands,2021-01-05,4949,62,4856,98,0,67,0.6836734693877551,0.0,1.0,67,0.010869565217391353
36,India,Andaman and Nicobar Islands,2021-01-15,4979,62,4895,61,0,39,0.639344262295082,0.0,1.0,39,0.0
37,India,Andaman and Nicobar Islands,2021-01-25,4994,62,4917,37,0,22,0.5945945945945946,0.0,1.0,22,0.0
38,India,Andaman and Nicobar Islands,2021-02-04,4994,62,4932,15,0,15,1.0,0.0,1.0,15,0.0
39,India,Andaman and Nicobar Islands,2021-02-14,5009,62,4938,15,0,6,0.4,0.0,1.0,6,0.0
40,India,Andaman and Nicobar Islands,2021-02-24,5016,62,4950,16,0,12,0.75,0.0,1.0,12,0.0
41,India,Andaman and Nicobar Islands,2021-03-06,5024,62,4955,12,0,5,0.4166666666666667,0.0,1.0,5,0.0
42,India,Andaman and Nicobar Islands,2021-03-16,5032,62,4967,15,0,12,0.8,0.0,1.0,12,0.0
43,India,Andaman and Nicobar Islands,2021-03-26,5043,62,4974,14,0,7,0.5,0.0,1.0,7,0.0
44,India,Andaman and Nicobar Islands,2021-04-05,5116,62,5001,80,0,27,0.3375,0.0,1.0,27,0.0
45,India,Andaman and Nicobar Islands,2021-04-15,5262,63,5082,199,1,81,0.4120603015075377,0.012195121951219513,0.9878048780487805,82,-0.012195121951219523
46,India,Andaman and Nicobar Islands,2021-04-25,5665,66,5467,520,3,385,0.7461538461538462,0.007731958762886598,0.9922680412371134,388,0.0044631631883329526
47,India,Andaman and Nicobar Islands,2021-05-05,6223,71,5928,690,5,461,0.6753623188405797,0.01072961373390558,0.9892703862660944,466,-0.0029976549710190037
48,India,Andaman and Nicobar Islands,2021-05-15,6568,85,6267,569,14,339,0.6203866432337434,0.039660056657223795,0.9603399433427762,353,-0.028930442923318256
49,India,Andaman and Nicobar Islands,2021-05-25,6878,106,6544,526,21,277,0.5665399239543726,0.07046979865771812,0.9295302013422819,298,-0.030809742000494245
50,India,Andaman and Nicobar Islands,2021-06-04,7088,121,6852,438,15,308,0.7374429223744292,0.04643962848297214,0.9535603715170279,323,0.024030170174745957
51,India,Andaman and Nicobar Islands,2021-06-14,7269,126,7034,296,5,182,0.6317567567567568,0.026737967914438502,0.9732620320855615,187,0.01970166056853362
52,India,Andaman and Nicobar Islands,2021-06-24,7440,127,7214,280,1,180,0.6464285714285715,0.0055248618784530384,0.994475138121547,181,0.021213106035985474
53,India,Andaman and Nicobar Islands,2021-07-04,7482,128,7333,141,1,119,0.851063829787234,0.008333333333333333,0.9916666666666667,120,-0.002808471454880279
54,India,Andaman and Nicobar Islands,2021-07-14,7499,129,7359,38,1,26,0.7105263157894737,0.037037037037037035,0.9629629629629629,27,-0.028703703703703787
55,India,Andaman and Nicobar Islands,2021-07-24,7525,129,7382,37,0,23,0.6216216216216216,0.0,1.0,23,0.03703703703703709
56,India,Andaman and Nicobar Islands,2021-08-02,7539,129,7403,28,0,21,0.75,0.0,1.0,21,0.0
