Index,Region,Subregion,Stage,Confirmed,Deaths,Recovered,Stage_Confirmed,Stage_Deaths,Stage_Recovered,Stage_Treated%,Stage_Deaths%,Stage_Recovered%,Stage_Treated,Recovered_Change
7,Japan,Akita,2020-06-09,16,0,16,16,0,16,1.0,0.0,1.0,16,
8,Japan,Akita,2020-06-29,16,0,16,0,0,0,,,,0,
9,Japan,Akita,2020-07-19,16,0,16,0,0,0,,,,0,
10,Japan,Akita,2020-08-08,34,0,16,18,0,0,0.0,,,0,
11,Japan,Akita,2020-08-28,48,0,41,32,0,25,0.78125,0.0,1.0,25,
12,Japan,Akita,2020-09-17,51,0,50,10,0,9,0.9,0.0,1.0,9,0.0
13,Japan,Akita,2020-10-07,58,0,53,8,0,3,0.375,0.0,1.0,3,0.0
14,Japan,Akita,2020-10-27,61,0,59,8,0,6,0.75,0.0,1.0,6,0.0
15,Japan,Akita,2020-11-16,73,0,65,14,0,6,0.42857142857142855,0.0,1.0,6,0.0
16,Japan,Akita,2020-12-06,90,1,85,25,1,20,0.84,0.047619047619047616,0.9523809523809523,21,-0.04761904761904767
17,Japan,Akita,2020-12-26,123,1,93,37,0,8,0.21621621621621623,0.0,1.0,8,0.04761904761904767
18,Japan,Akita,2021-01-15,189,1,152,95,0,59,0.6210526315789474,0.0,1.0,59,0.0
19,Japan,Akita,2021-02-04,267,3,219,114,2,67,0.6052631578947368,0.028985507246376812,0.9710144927536232,69,-0.02898550724637683
20,Japan,Akita,2021-02-24,269,6,257,47,3,38,0.8723404255319149,0.07317073170731707,0.926829268292683,41,-0.0441852244609402
21,Japan,Akita,2021-03-16,270,6,262,7,0,5,0.7142857142857143,0.0,1.0,5,0.07317073170731703
22,Japan,Akita,2021-04-05,301,6,272,33,0,10,0.30303030303030304,0.0,1.0,10,0.0
23,Japan,Akita,2021-04-25,414,9,333,136,3,61,0.47058823529411764,0.046875,0.953125,64,-0.046875
24,Japan,Akita,2021-05-15,684,9,501,342,0,168,0.49122807017543857,0.0,1.0,168,0.046875
25,Japan,Akita,2021-06-04,760,16,709,250,7,208,0.86,0.03255813953488372,0.9674418604651163,215,-0.032558139534883734
26,Japan,Akita,2021-06-23,787,20,740,62,4,31,0.5645161290322581,0.11428571428571428,0.8857142857142857,35,-0.08172757475083059
