Index,Region,Subregion,Stage,Confirmed,Deaths,Recovered,Stage_Confirmed,Stage_Deaths,Stage_Recovered,Stage_Treated%,Stage_Deaths%,Stage_Recovered%,Stage_Treated,Recovered_Change
1,Canada,Ontario,2020-01-31,2,,,2,,,,,,,
5,Canada,Ontario,2020-03-11,41,0,4,,,,,,,,
6,Canada,Ontario,2020-03-21,377,3,6,373,3,2,0.013404825737265416,0.6,0.4,5,
7,Canada,Ontario,2020-03-31,1966,33,0,1957,30,-6,0.012263668880940215,1.25,-0.25,24,-0.65
8,Canada,Ontario,2020-04-10,6237,222,0,6204,189,0,0.0304642166344294,1.0,0.0,189,0.25
9,Canada,Ontario,2020-04-20,12063,624,0,11841,402,0,0.03394983531796301,1.0,0.0,402,0.0
10,Canada,Ontario,2020-04-30,17395,1205,0,16771,581,0,0.034643133981277205,1.0,0.0,581,0.0
11,Canada,Ontario,2020-05-10,21469,1751,0,20264,546,0,0.026944334780892223,1.0,0.0,546,0.0
12,Canada,Ontario,2020-05-20,25197,2079,18190,23446,328,18190,0.7898148937985158,0.017712495949886598,0.9822875040501134,18518,0.9822875040501134
13,Canada,Ontario,2020-05-30,29023,2332,21754,8754,253,3564,0.4360292437742746,0.06628242074927954,0.9337175792507204,3817,-0.04856992479939304
14,Canada,Ontario,2020-06-09,32678,2536,25375,8592,204,3621,0.44518156424581007,0.05333333333333334,0.9466666666666667,3825,0.012949087415946248
15,Canada,Ontario,2020-06-19,34780,2625,29565,6869,89,4190,0.6229436599213859,0.020799252161720027,0.9792007478382799,4279,0.03253408117161327
16,Canada,Ontario,2020-06-29,36823,2726,31716,4633,101,2151,0.48607813511763437,0.044849023090586145,0.9551509769094139,2252,-0.024049770928866065
17,Canada,Ontario,2020-07-09,38200,2750,33498,3758,24,1782,0.4805747738158595,0.013289036544850499,0.9867109634551495,1806,0.03155998654573566
18,Canada,Ontario,2020-07-19,39434,2794,34920,3186,44,1422,0.4601381042059008,0.030013642564802184,0.9699863574351978,1466,-0.016724606019951738
19,Canada,Ontario,2020-07-29,40873,2813,36268,3159,19,1348,0.4327318771763216,0.013899049012435992,0.986100950987564,1367,0.01611459355236622
20,Canada,Ontario,2020-08-08,41894,2831,37820,2813,18,1552,0.5581230003554923,0.011464968152866241,0.9885350318471338,1570,0.002434080859569754
21,Canada,Ontario,2020-08-18,42800,2837,38861,2149,6,1041,0.4872033503955328,0.0057306590257879654,0.994269340974212,1047,0.005734309127078285
22,Canada,Ontario,2020-08-28,43919,2855,39818,2221,18,957,0.4389914452949122,0.018461538461538463,0.9815384615384616,975,-0.012730879435750464
23,Canada,Ontario,2020-09-07,45314,2862,40884,2641,7,1066,0.4062854979174555,0.0065237651444548,0.9934762348555451,1073,0.011937773317083566
24,Canada,Ontario,2020-09-17,47688,2873,42279,3942,11,1395,0.35667174023338405,0.007823613086770981,0.9921763869132291,1406,-0.0012998479423160791
25,Canada,Ontario,2020-09-27,52134,2888,44875,6982,15,2596,0.3739616155829275,0.005744925315970892,0.9942550746840291,2611,0.002078687770800003
26,Canada,Ontario,2020-10-07,58202,3039,49732,10439,151,4857,0.47973943864354823,0.030151757188498402,0.9698482428115016,5008,-0.024406831872527457
27,Canada,Ontario,2020-10-17,65869,3090,56766,13098,51,7034,0.5409222782104138,0.007198306280875089,0.992801693719125,7085,0.02295345090762335
28,Canada,Ontario,2020-10-27,74867,3153,64363,15011,63,7597,0.5102924522017187,0.008224543080939948,0.9917754569190601,7660,-0.0010262368000648614
29,Canada,Ontario,2020-11-06,84759,3265,73192,17243,112,8829,0.5185292582497245,0.012526563024270215,0.9874734369757298,8941,-0.0043020199433303485
30,Canada,Ontario,2020-11-16,98778,3418,83427,22321,153,10235,0.46539133551364187,0.014728532922603003,0.985271467077397,10388,-0.0022019698983327674
31,Canada,Ontario,2020-11-26,112898,3593,97645,26053,175,14218,0.5524507734234061,0.012158688251233238,0.9878413117487668,14393,0.002569844671369781
32,Canada,Ontario,2020-12-06,130962,3794,113214,29724,201,15569,0.5305477055577984,0.01274571972098922,0.9872542802790107,15770,-0.0005870314697560275
33,Canada,Ontario,2020-12-16,150468,4050,130674,33460,256,17460,0.5294680215182307,0.014450214495371415,0.9855497855046286,17716,-0.0017044947743821703
34,Canada,Ontario,2020-12-26,171892,4327,149532,37168,277,18858,0.5148245802841154,0.01447609093284557,0.9855239090671545,19135,-2.587643747409274e-05
35,Canada,Ontario,2021-01-05,202085,4749,172793,48226,422,23261,0.4910836478248248,0.017818688510746104,0.9821813114892539,23683,-0.0033425975779005634
36,Canada,Ontario,2021-01-15,236127,5302,203593,58585,553,30800,0.5351711188870871,0.017637865594998883,0.9823621344050011,31353,0.0001808229157471697
37,Canada,Ontario,2021-01-25,261594,5854,233798,52699,552,30205,0.5836353630998691,0.01794713398575934,0.9820528660142407,30757,-0.0003092683907603977
38,Canada,Ontario,2021-02-04,278304,6365,255181,38652,511,21383,0.5664389941012108,0.023339727779300264,0.9766602722206997,21894,-0.005392593793540956
39,Canada,Ontario,2021-02-14,290677,6660,270560,29131,295,15379,0.5380522467474512,0.018820977414827102,0.9811790225851729,15674,0.004518750364473134
40,Canada,Ontario,2021-02-24,301379,6895,284735,24159,235,14175,0.5964650854753922,0.016308119361554477,0.9836918806384455,14410,0.0025128580532726152
41,Canada,Ontario,2021-03-06,312447,7050,295552,20817,155,10817,0.5270692222702599,0.014126868392271235,0.9858731316077287,10972,0.0021812509692832327
42,Canada,Ontario,2021-03-16,325826,7162,306474,23224,112,10922,0.4751119531519118,0.010150444081928585,0.9898495559180714,11034,0.00397642431034273
43,Canada,Ontario,2021-03-26,343137,7274,320127,29501,112,13653,0.4665943527338056,0.008136578278241918,0.9918634217217581,13765,0.0020138658036866763
44,Canada,Ontario,2021-04-05,371317,7437,339479,43916,163,19352,0.4443710720466345,0.008352549321035102,0.9916474506789649,19515,-0.0002159710427932504
45,Canada,Ontario,2021-04-15,411346,7620,366873,64430,183,27394,0.42801489989135494,0.006635964753236393,0.9933640352467636,27577,0.0017165845677987734
46,Canada,Ontario,2021-04-25,453337,7895,408512,78844,275,41639,0.5316067170615393,0.006561053585914014,0.993438946414086,41914,7.4911167322389e-05
47,Canada,Ontario,2021-05-05,488535,8173,449670,72128,278,41158,0.5744787045252884,0.006709141809054928,0.9932908581909451,41436,-0.00014808822314094083
48,Canada,Ontario,2021-05-15,514907,8430,481991,57064,257,32321,0.5709028459273798,0.00788875928540733,0.9921112407145927,32578,-0.0011796174763524236
49,Canada,Ontario,2021-05-25,531362,8599,505210,40941,169,23219,0.5712610830219096,0.007225927826235676,0.9927740721737643,23388,0.0006628314591716755
50,Canada,Ontario,2021-06-04,542526,8808,524973,28717,209,19763,0.6954765469930703,0.010464650510715,0.989535349489285,19972,-0.0032387226844793338
51,Canada,Ontario,2021-06-14,547657,8936,533335,13876,128,8362,0.6118477947535312,0.015076560659599529,0.9849234393404005,8490,-0.004611910148884513
52,Canada,Ontario,2021-06-24,550848,9068,538533,8577,132,5198,0.6214294042205899,0.02476547842401501,0.975234521575985,5330,-0.009688917764415494
53,Canada,Ontario,2021-07-04,553180,9169,541977,5579,101,3444,0.6354185337874171,0.028490832157968972,0.971509167842031,3545,-0.0037253537339539955
54,Canada,Ontario,2021-07-14,555016,9233,544379,3870,64,2402,0.6372093023255814,0.025952960259529603,0.9740470397404704,2466,0.002537871898439348
55,Canada,Ontario,2021-07-17,555449,9246,544879,1837,13,500,0.27925966249319545,0.025341130604288498,0.9746588693957114,513,0.0006118296552410918
