Index,Region,Subregion,Stage,Confirmed,Deaths,Recovered,Stage_Confirmed,Stage_Deaths,Stage_Recovered,Stage_Treated%,Stage_Deaths%,Stage_Recovered%,Stage_Treated,Recovered_Change
5,Brazil,Rio Grande do Sul,2020-05-31,9332,224,0,9332,224,0,0.02400342906129447,1.0,0.0,224,
6,Brazil,Rio Grande do Sul,2020-06-30,26941,614,21664,26717,390,21664,0.8254669311674215,0.017683866872222728,0.9823161331277773,22054,0.9823161331277773
7,Brazil,Rio Grande do Sul,2020-07-31,66692,1876,57655,44414,1262,35991,0.8387670554329716,0.033876466324859744,0.9661235336751403,37253,-0.01619259945263707
8,Brazil,Rio Grande do Sul,2020-08-31,125813,3435,113498,66282,1559,55843,0.8660269756494976,0.027159332427441552,0.9728406675725585,57402,0.006717133897418237
9,Brazil,Rio Grande do Sul,2020-09-30,190572,4782,176768,73639,1347,63270,0.8774833987425141,0.02084590742374298,0.9791540925762571,64617,0.006313425003698581
10,Brazil,Rio Grande do Sul,2020-10-31,247576,5797,230142,66026,1015,53374,0.8237512495077697,0.01866186177352038,0.9813381382264796,54389,0.002184045650222566
11,Brazil,Rio Grande do Sul,2020-11-30,322058,6813,287980,86119,1016,57838,0.6834031979005795,0.017263057736092702,0.9827369422639073,58854,0.0013988040374276478
12,Brazil,Rio Grande do Sul,2020-12-31,449674,8872,424406,154881,2059,136426,0.894138080203511,0.014868036249413293,0.9851319637505868,138485,0.0023950214866794717
13,Brazil,Rio Grande do Sul,2021-01-31,547282,10669,523871,114004,1797,99465,0.8882319918599347,0.017746044913195473,0.9822539550868046,101262,-0.0028780086637821833
14,Brazil,Rio Grande do Sul,2021-02-28,640924,12392,598357,106384,1723,74486,0.7163577229658595,0.022608878216483618,0.9773911217835164,76209,-0.004862833303288183
15,Brazil,Rio Grande do Sul,2021-03-31,845380,19736,801198,234631,7344,202841,0.8958108689815071,0.034940647524799584,0.9650593524752005,210185,-0.01233176930831592
16,Brazil,Rio Grande do Sul,2021-04-30,974969,24951,928898,154035,5215,127700,0.862888304606096,0.0392356017003348,0.9607643982996652,132915,-0.0042949541755352705
17,Brazil,Rio Grande do Sul,2021-05-31,1085523,28192,1039824,131674,3241,110926,0.8670428482464267,0.028388238282515965,0.9716117617174841,114167,0.01084736341781889
18,Brazil,Rio Grande do Sul,2021-06-30,1215519,31398,1169471,147503,3206,129647,0.9006799861697729,0.024131935296907107,0.9758680647030928,132853,0.004256302985608751
19,Brazil,Rio Grande do Sul,2021-07-14,1261755,32435,1213135,60886,1037,43664,0.7341753440856683,0.023198586161383414,0.9768014138386166,44701,0.0009333491355237866
