Index,Region,Subregion,Stage,Confirmed,Deaths,Recovered,Stage_Confirmed,Stage_Deaths,Stage_Recovered,Stage_Treated%,Stage_Deaths%,Stage_Recovered%,Stage_Treated,Recovered_Change
1,Canada,,2020-01-31,3,0,0,3,0,0,0.0,,,0,
2,Canada,,2020-02-10,7,0,0,7,0,0,0.0,,,0,
3,Canada,,2020-02-20,8,0,1,8,0,1,0.125,0.0,1.0,1,
4,Canada,,2020-03-01,26,0,6,25,0,5,0.2,0.0,1.0,5,0.0
5,Canada,,2020-03-11,127,1,8,121,1,2,0.024793388429752067,0.3333333333333333,0.6666666666666666,3,-0.33333333333333337
6,Canada,,2020-03-21,1654,19,10,1645,18,2,0.0121580547112462,0.9,0.1,20,-0.5666666666666667
7,Canada,,2020-03-31,9246,152,1592,9217,133,1582,0.18606921991971356,0.07755102040816327,0.9224489795918367,1715,0.8224489795918367
8,Canada,,2020-04-10,22777,867,5855,21033,715,4263,0.23667570009033423,0.14363198071514666,0.8563680192848534,4978,-0.0660809603069833
9,Canada,,2020-04-20,39591,2290,12543,32869,1423,6688,0.24676747086920806,0.17544075946245838,0.8245592405375416,8111,-0.031808778747311806
10,Canada,,2020-04-30,56716,4179,21424,41883,1889,8881,0.25714490366019627,0.1753946146703807,0.8246053853296194,10770,4.614479207776245e-05
11,Canada,,2020-05-10,70736,5822,32109,45133,1643,10685,0.27314825072563315,0.1332738481505516,0.8667261518494485,12328,0.0421207665198291
12,Canada,,2020-05-20,82488,6950,40793,44557,1128,8684,0.220212312319052,0.11496127191194455,0.8850387280880554,9812,0.018312576238606937
13,Canada,,2020-05-30,91805,7857,48517,44062,907,7724,0.1958830738504834,0.10508631676514889,0.8949136832348511,8631,0.009874955146795705
14,Canada,,2020-06-09,98174,8347,56117,41800,490,7600,0.19354066985645932,0.06056860321384425,0.9394313967861557,8090,0.04451771355130463
15,Canada,,2020-06-19,102233,8580,64318,37769,233,8201,0.2233048267097355,0.027626274602798196,0.9723737253972018,8434,0.03294232861104607
16,Canada,,2020-06-29,105732,8768,68698,32834,188,4380,0.13912407869890966,0.04115586690017513,0.9588441330998249,4568,-0.013529592297376936
17,Canada,,2020-07-09,108617,8865,72095,31151,97,3397,0.11216333344033899,0.027761877504293073,0.972238122495707,3494,0.0133939893958821
18,Canada,,2020-07-19,112231,8943,98564,31271,78,26469,0.8489335166767932,0.002938185105661657,0.9970618148943383,26547,0.02482369239863136
19,Canada,,2020-07-29,117325,9006,101992,9818,63,3428,0.35557139947036054,0.018046405041535377,0.9819535949584646,3491,-0.015108219935873746
20,Canada,,2020-08-08,121084,9064,105255,10086,58,3263,0.32926829268292684,0.01746461909063535,0.9825353809093647,3321,0.0005817859509000822
21,Canada,,2020-08-18,124936,9118,111092,10617,54,5837,0.5548648394084958,0.009166525207944322,0.9908334747920556,5891,0.008298093882690982
22,Canada,,2020-08-28,129253,9181,115029,9043,63,3937,0.4423310848169855,0.01575,0.98425,4000,-0.006583474792055677
23,Canada,,2020-09-07,134335,9212,118386,10125,31,3357,0.3346172839506173,0.009149940968122786,0.9908500590318772,3388,0.0066000590318772145
24,Canada,,2020-09-17,143149,9267,124984,15551,55,6598,0.42781814674297475,0.008266947241845783,0.9917330527581543,6653,0.0008829937262770926
25,Canada,,2020-09-27,156560,9343,133204,22309,76,8220,0.37186785602223316,0.009161041465766635,0.9908389585342333,8296,-0.0008940942239209493
26,Canada,,2020-10-07,176535,9636,147814,33988,293,14610,0.4384782864540426,0.0196604710460981,0.9803395289539019,14903,-0.010499429580331454
27,Canada,,2020-10-17,199523,9836,166444,42073,200,18630,0.4475554393554061,0.010621348911311737,0.9893786510886883,18830,0.009039122134786415
28,Canada,,2020-10-27,226721,10120,189350,50441,284,22906,0.4597450486707242,0.012246658042259594,0.9877533419577404,23190,-0.0016253091309478274
29,Canada,,2020-11-06,260195,10546,214441,60725,426,25091,0.4202058460271717,0.016694752517929224,0.9833052474820708,25517,-0.004448094475669628
30,Canada,,2020-11-16,306437,11152,244699,81450,606,30258,0.37893186003683244,0.01963452566096423,0.9803654743390358,30864,-0.0029397731430350627
31,Canada,,2020-11-26,357926,11902,285672,102075,750,40973,0.40874846926279695,0.017975696857848188,0.9820243031421518,41723,0.0016588288031160747
32,Canada,,2020-12-06,420281,12775,334375,122707,873,48703,0.40401933060053624,0.017609327093755043,0.9823906729062449,49576,0.0003663697640930996
33,Canada,,2020-12-16,487685,13911,397217,140535,1136,62842,0.4552460241221048,0.017756103660633342,0.9822438963393667,63978,-0.00014677656687822616
34,Canada,,2020-12-26,551184,15051,450669,140056,1140,53452,0.38978694236591077,0.020882180539273154,0.9791178194607268,54592,-0.0031260768786398607
35,Canada,,2021-01-05,626129,16389,529580,160409,1338,78911,0.5002774158557188,0.01667310496080948,0.9833268950391906,80249,0.004209075578463728
36,Canada,,2021-01-15,702203,17856,608322,156234,1467,78742,0.5133901711535261,0.01828971811143388,0.9817102818885661,80209,-0.0016166131506244463
37,Canada,,2021-01-25,758142,19245,677636,131964,1389,69314,0.5357749083083265,0.019645559594359503,0.9803544404056405,70703,-0.0013558414829256682
38,Canada,,2021-02-04,798650,20486,729768,101769,1241,52132,0.5244524364000825,0.023251456729057762,0.9767485432709422,53373,-0.003605897134698277
39,Canada,,2021-02-14,830352,21261,771956,80098,775,42188,0.5363804339683887,0.01803877755277797,0.9819612224472221,42963,0.005212679176279877
40,Canada,,2021-02-24,860200,21810,808449,66983,549,36493,0.5530059865936133,0.014821013984126127,0.9851789860158738,37042,0.003217763568651777
41,Canada,,2021-03-06,889255,22212,837730,58996,402,29281,0.5031358058173435,0.013543105481251896,0.9864568945187481,29683,0.0012779085028742365
42,Canada,,2021-03-16,921011,22509,867542,61069,297,29812,0.4930324714667016,0.009864160217875053,0.9901358397821249,30109,0.003678945263376865
43,Canada,,2021-03-26,961839,22809,899230,71788,300,31688,0.44558979216582156,0.009378516943853945,0.9906214830561461,31988,0.0004856432740211192
44,Canada,,2021-04-05,1017761,23083,937403,95722,274,38173,0.40165270261799796,0.00712669389029053,0.9928733061097095,38447,0.0022518230535634176
45,Canada,,2021-04-15,1105778,23482,999374,145292,399,61971,0.4292734630950087,0.006397306397306397,0.9936026936026936,62370,0.0007293874929841238
46,Canada,,2021-04-25,1187484,23950,1081040,164628,468,81666,0.49890662584736495,0.005698005698005698,0.9943019943019943,82134,0.0006993006993006867
47,Canada,,2021-05-05,1266916,24437,1164426,161926,487,83386,0.5179711720168472,0.005806397768054082,0.994193602231946,83873,-0.0001083920700483132
48,Canada,,2021-05-15,1332229,24884,1237776,143366,447,73350,0.514745476612307,0.006057156794991666,0.9939428432050084,73797,-0.0002507590269376081
49,Canada,,2021-05-25,1372492,25269,1300280,109832,385,62504,0.5725926870128925,0.006121897311135493,0.9938781026888646,62889,-6.474051614380194e-05
50,Canada,,2021-06-04,1397898,25668,1345844,72349,399,45564,0.6352955811414117,0.00868089550290451,0.9913191044970955,45963,-0.0025589981917690796
51,Canada,,2021-06-14,1411228,25921,1368941,39716,253,23097,0.5879242622620606,0.010835117773019272,0.9891648822269807,23350,-0.0021542222701147473
52,Canada,,2021-06-24,1419569,26162,1383379,24707,241,14438,0.5941231230015785,0.016418012126166632,0.9835819878738333,14679,-0.005582894353147405
53,Canada,,2021-07-04,1424784,26316,1391882,15243,154,8503,0.56793282162304,0.017789072426937738,0.9822109275730623,8657,-0.0013710603007710542
54,Canada,,2021-07-14,1429369,26427,1397993,11171,111,6111,0.5569778891773342,0.017839922854387655,0.9821600771456124,6222,-5.085042744989998e-05
55,Canada,,2021-07-24,1433525,26504,1401834,9105,77,3841,0.4303130148270181,0.019652884124553342,0.9803471158754467,3918,-0.001812961270165725
56,Canada,,2021-08-03,1441275,26569,1405529,12937,65,3695,0.29063925175852207,0.017287234042553192,0.9827127659574468,3760,0.0023656500820001813
57,Canada,,2021-08-12,1455141,26647,0,23043,78,-1405529,-60.99253569413705,-5.5498199510335115e-05,1.0000554981995102,-1405451,0.017342732242063397
