Index,Region,Subregion,Stage,Confirmed,Deaths,Recovered,Stage_Confirmed,Stage_Deaths,Stage_Recovered,Stage_Treated%,Stage_Deaths%,Stage_Recovered%,Stage_Treated,Recovered_Change
1,Germany,,2020-01-31,5,0,0,5,0,0,0.0,,,0,
2,Germany,,2020-02-10,14,0,0,14,0,0,0.0,,,0,
3,Germany,,2020-02-20,16,0,12,16,0,12,0.75,0.0,1.0,12,
4,Germany,,2020-03-01,130,0,16,118,0,4,0.03389830508474576,0.0,1.0,4,0.0
5,Germany,,2020-03-11,1908,3,25,1892,3,9,0.006342494714587738,0.25,0.75,12,-0.25
6,Germany,,2020-03-21,22213,84,233,22185,81,208,0.013026819923371647,0.28027681660899656,0.7197231833910035,289,-0.030276816608996504
7,Germany,,2020-03-31,71808,775,16100,71491,691,15867,0.23160957323299436,0.04173209324797681,0.9582679067520232,16558,0.23854472336101973
8,Germany,,2020-04-10,122171,2767,53913,105296,1992,37813,0.378029554778909,0.050043964326089686,0.9499560356739103,39805,-0.008311871078112931
9,Germany,,2020-04-20,147065,4862,91500,90385,2095,37587,0.43903302539138134,0.05279471800816491,0.9472052819918351,39682,-0.0027507536820752243
10,Germany,,2020-04-30,163009,6623,123500,66647,1761,32000,0.50656443650877,0.052160777228162675,0.9478392227718373,33761,0.000633940780002229
11,Germany,,2020-05-10,171879,7569,144400,41756,946,20900,0.5231822971549,0.0433031218529708,0.9566968781470292,21846,0.008857655375191897
12,Germany,,2020-05-20,178473,8144,156966,26504,575,12566,0.49581195291276786,0.04375618293889354,0.9562438170611065,13141,-0.00045306108592269023
13,Germany,,2020-05-30,183189,8530,164908,18079,386,7942,0.46064494717628185,0.04634966378482228,0.9536503362151777,8328,-0.0025934808459288083
14,Germany,,2020-06-09,186506,8736,170129,13068,206,5221,0.4152892561983471,0.037958356366316566,0.9620416436336834,5427,0.008391307418505689
15,Germany,,2020-06-19,190299,8887,173972,11434,151,3843,0.3493090781878608,0.03780671006509765,0.9621932899349024,3994,0.00015164630121899947
16,Germany,,2020-06-29,195042,8976,177770,12183,89,3798,0.319051136830009,0.022896835605865706,0.9771031643941342,3887,0.014909874459231864
17,Germany,,2020-07-09,199001,9057,183728,12255,81,5958,0.4927784577723378,0.013412816691505217,0.9865871833084948,6039,0.00948401891436057
18,Germany,,2020-07-19,202735,9092,187400,9950,35,3672,0.37256281407035174,0.009441596978688967,0.990558403021311,3707,0.003971219712816221
19,Germany,,2020-07-29,208546,9135,191279,12054,43,3879,0.3253691720590675,0.010963793982661908,0.9890362060173381,3922,-0.001522197003972936
20,Germany,,2020-08-08,216903,9201,196550,16489,66,5271,0.3236703256716599,0.012366498032602586,0.9876335019673974,5337,-0.001402704049940695
21,Germany,,2020-08-18,228120,9241,203677,22369,40,7127,0.320398766149582,0.0055811357611273895,0.9944188642388726,7167,0.006785362271475193
22,Germany,,2020-08-28,242126,9290,214186,29208,49,10509,0.36147630786086005,0.004641030498200417,0.9953589695017996,10558,0.0009401052629269824
23,Germany,,2020-09-07,253626,9331,225704,30150,41,11518,0.38338308457711445,0.003547019638377022,0.996452980361623,11559,0.0010940108598234133
24,Germany,,2020-09-17,269048,9376,238437,34013,45,12733,0.3756798871019904,0.0035216778838628895,0.9964783221161371,12778,2.5341754514074388e-05
25,Germany,,2020-09-27,286339,9464,250866,38526,88,12429,0.32489747183720086,0.007030438603499241,0.9929695613965007,12517,-0.00350876071963635
26,Germany,,2020-10-07,311137,9582,269722,50807,118,18856,0.37345247702088297,0.006219036576367661,0.9937809634236323,18974,0.0008114020271315914
27,Germany,,2020-10-17,364664,9785,291129,85360,203,21407,0.2531630740393627,0.00939379916705229,0.9906062008329477,21610,-0.00317476259068461
28,Germany,,2020-10-27,463419,10121,327697,162505,336,36568,0.22709455093689426,0.009104704097116844,0.9908952959028832,36904,0.0002890950699354633
29,Germany,,2020-11-06,653992,11240,405809,316174,1119,78112,0.2505930278897063,0.014123259835165528,0.9858767401648345,79231,-0.005018555738048658
30,Germany,,2020-11-16,817526,12833,522313,400477,1593,116504,0.2948908426701159,0.013488911657366402,0.9865110883426336,118097,0.00063434817779906
31,Germany,,2020-11-26,1017830,15640,685537,482684,2807,163224,0.3439745257766986,0.01690648131975354,0.9830935186802464,166031,-0.0034175696623871543
32,Germany,,2020-12-06,1194550,18989,868285,493373,3349,182748,0.3771933202668164,0.01799599133785069,0.9820040086621493,186097,-0.0010895100180970951
33,Germany,,2020-12-16,1423830,24273,1056477,536556,5284,188192,0.3605886431239237,0.027310880936136782,0.9726891190638632,193476,-0.00931488959828608
34,Germany,,2020-12-26,1646240,29946,1253285,565490,5673,196808,0.35806291888450725,0.028017443611993223,0.9719825563880068,202481,-0.000706562675856448
35,Germany,,2021-01-05,1814565,36757,1472311,531334,6811,219026,0.425037735209868,0.030158919928975323,0.9698410800710247,225837,-0.0021414763169821383
36,Germany,,2021-01-15,2023828,45705,1664176,514760,8948,191865,0.3901099541533919,0.04455886820076389,0.9554411317992361,200813,-0.014399948271788587
37,Germany,,2021-01-25,2154656,53127,1859936,444775,7422,195760,0.4568197403181384,0.03652882637241488,0.9634711736275852,203182,0.0080300418283491
38,Germany,,2021-02-04,2265536,60634,2020303,352473,7507,160367,0.47627477849367184,0.04471806235629103,0.955281937643709,167874,-0.00818923598387622
39,Germany,,2021-02-14,2341744,65107,2136933,260807,4473,116630,0.46433953076412826,0.036935501184941745,0.9630644988150583,121103,0.007782561171349345
40,Germany,,2021-02-24,2416037,69170,2231073,213997,4063,94140,0.45889895652742796,0.0413734814618698,0.9586265185381302,98203,-0.0044379802769281
41,Germany,,2021-03-06,2502151,71951,2308094,201908,2781,77021,0.39523941597163065,0.03484875065787825,0.9651512493421217,79802,0.006524730803991519
42,Germany,,2021-03-16,2603064,73952,2387232,223019,2001,79138,0.36382101973374464,0.024661383551682913,0.9753386164483171,81139,0.010187367106195389
43,Germany,,2021-03-26,2765297,75828,2481908,304113,1876,94676,0.3174872498051711,0.0194299444858729,0.9805700555141271,96552,0.0052314390658100285
44,Germany,,2021-04-05,2902309,77136,2587580,344573,1308,105672,0.3104712209023922,0.012226584408300618,0.9877734155916994,106980,0.007203360077572274
45,Germany,,2021-04-15,3110252,79672,2747460,445536,2536,159880,0.3645406880700998,0.015614225199487736,0.9843857748005123,162416,-0.003387640791187141
46,Germany,,2021-04-25,3306692,81671,2917730,479560,1999,170270,0.35922303778463593,0.011603944993005126,0.9883960550069949,172269,0.0040102802064826415
47,Germany,,2021-05-05,3484755,84141,3118660,485354,2470,200930,0.4190755613428549,0.012143559488692232,0.9878564405113077,203400,-0.0005396144956871796
48,Germany,,2021-05-15,3595872,86100,3292700,393071,1959,174040,0.4477537137056664,0.011130745061051482,0.9888692549389485,175999,0.0010128144276407847
49,Germany,,2021-05-25,3662568,87733,3439570,283768,1633,146870,0.5233253925742155,0.010996410846918917,0.9890035891530811,148503,0.00013433421413255875
50,Germany,,2021-06-04,3704685,89152,3533860,177382,1419,94290,0.5395643300898626,0.014826191894179231,0.9851738081058208,95709,-0.0038297810472602833
51,Germany,,2021-06-14,3724168,89944,3585660,101156,792,51800,0.5199098422238918,0.015059324612108306,0.9849406753878917,52592,-0.00023313271792912982
52,Germany,,2021-06-17,3727668,90277,3597940,52064,333,12280,0.24225952673632453,0.02640133195908983,0.9735986680409102,12613,-0.011342007346981431
