Index,Region,Subregion,Stage,Confirmed,Deaths,Recovered,Stage_Confirmed,Stage_Deaths,Stage_Recovered,Stage_Treated%,Stage_Deaths%,Stage_Recovered%,Stage_Treated,Recovered_Change
4,Ireland,,2020-03-01,1,0,0,1,0,0,0.0,,,0,
5,Ireland,,2020-03-11,43,1,0,43,1,0,0.023255813953488372,1.0,0.0,1,
6,Ireland,,2020-03-21,785,3,5,784,2,5,0.008928571428571428,0.2857142857142857,0.7142857142857143,7,0.7142857142857143
7,Ireland,,2020-03-31,3235,71,5,3227,68,0,0.02107220328478463,1.0,0.0,68,-0.7142857142857143
8,Ireland,,2020-04-10,8089,287,25,8013,216,20,0.029452140272057906,0.9152542372881356,0.0847457627118644,236,0.0847457627118644
9,Ireland,,2020-04-20,15652,687,77,15340,400,52,0.029465449804432855,0.8849557522123894,0.11504424778761062,452,0.030298485075746215
10,Ireland,,2020-04-30,20612,1232,13386,19848,545,13309,0.6980048367593712,0.039338819113613394,0.9606611808863866,13854,0.8456169330987761
11,Ireland,,2020-05-10,22996,1458,17110,8378,226,3724,0.471472905227978,0.05721518987341772,0.9427848101265823,3950,-0.017876370759804305
12,Ireland,,2020-05-20,24315,1571,21060,5747,113,3950,0.7069775535061771,0.02781196160472557,0.9721880383952745,4063,0.029403228268692128
13,Ireland,,2020-05-30,24929,1651,22089,2298,80,1029,0.4825935596170583,0.0721370604147881,0.9278629395852119,1109,-0.044325098810062524
14,Ireland,,2020-06-09,25215,1691,22698,1475,40,609,0.44,0.061633281972265024,0.938366718027735,649,0.010503778442523037
15,Ireland,,2020-06-19,25368,1714,22698,979,23,0,0.02349336057201226,1.0,0.0,23,-0.938366718027735
16,Ireland,,2020-06-29,25462,1735,23364,1050,21,666,0.6542857142857142,0.03056768558951965,0.9694323144104804,687,0.9694323144104804
17,Ireland,,2020-07-09,25565,1743,23364,466,8,0,0.017167381974248927,1.0,0.0,8,-0.9694323144104804
18,Ireland,,2020-07-19,25760,1753,23364,653,10,0,0.015313935681470138,1.0,0.0,10,0.0
19,Ireland,,2020-07-29,25942,1764,23364,825,11,0,0.013333333333333334,1.0,0.0,11,0.0
20,Ireland,,2020-08-08,26644,1772,23364,1516,8,0,0.005277044854881266,1.0,0.0,8,0.0
21,Ireland,,2020-08-18,27499,1775,23364,2363,3,0,0.0012695725772323319,1.0,0.0,3,0.0
22,Ireland,,2020-08-28,28578,1777,23364,3439,2,0,0.0005815644082582146,1.0,0.0,2,0.0
23,Ireland,,2020-09-07,29774,1777,23364,4633,0,0,0.0,,,0,
24,Ireland,,2020-09-17,32023,1789,23364,6882,12,0,0.0017436791630340018,1.0,0.0,12,
25,Ireland,,2020-09-27,34990,1802,23364,9837,13,0,0.001321541120260242,1.0,0.0,13,0.0
26,Ireland,,2020-10-07,39584,1816,23364,14418,14,0,0.0009710084616451658,1.0,0.0,14,0.0
27,Ireland,,2020-10-17,48678,1849,23364,23498,33,0,0.00140437484041195,1.0,0.0,33,0.0
28,Ireland,,2020-10-27,58767,1890,23364,33554,41,0,0.0012219109495142158,1.0,0.0,41,0.0
29,Ireland,,2020-11-06,64538,1940,23364,39284,50,0,0.001272782812340902,1.0,0.0,50,0.0
30,Ireland,,2020-11-16,68356,1984,23364,43052,44,0,0.001022019882932268,1.0,0.0,44,0.0
31,Ireland,,2020-11-26,71494,2036,23364,46146,52,0,0.001126858232566203,1.0,0.0,52,0.0
32,Ireland,,2020-12-06,74246,2099,23364,48846,63,0,0.0012897678417884782,1.0,0.0,63,0.0
33,Ireland,,2020-12-16,77197,2140,23364,51734,41,0,0.0007925155603664901,1.0,0.0,41,0.0
34,Ireland,,2020-12-26,85394,2200,23364,59890,60,0,0.0010018367006177993,1.0,0.0,60,0.0
35,Ireland,,2021-01-05,113322,2282,23364,87758,82,0,0.000934387748125527,1.0,0.0,82,0.0
36,Ireland,,2021-01-15,166548,2536,23364,140902,254,0,0.0018026713602361925,1.0,0.0,254,0.0
37,Ireland,,2021-01-25,188923,2977,23364,163023,441,0,0.002705139765554554,1.0,0.0,441,0.0
38,Ireland,,2021-02-04,200744,3586,23364,174403,609,0,0.0034919124097635935,1.0,0.0,609,0.0
39,Ireland,,2021-02-14,209582,3948,23364,182632,362,0,0.0019821279950939593,1.0,0.0,362,0.0
40,Ireland,,2021-02-24,216840,4237,23364,189528,289,0,0.0015248406567894982,1.0,0.0,289,0.0
41,Ireland,,2021-03-06,222699,4419,23364,195098,182,0,0.0009328645091184943,1.0,0.0,182,0.0
42,Ireland,,2021-03-16,227663,4552,23364,199880,133,0,0.0006653992395437262,1.0,0.0,133,0.0
43,Ireland,,2021-03-26,233327,4651,23364,205411,99,0,0.0004819605571269309,1.0,0.0,99,0.0
44,Ireland,,2021-04-05,238466,4718,23364,210451,67,0,0.000318363894683323,1.0,0.0,67,0.0
45,Ireland,,2021-04-15,242402,4820,23364,214320,102,0,0.00047592385218365064,1.0,0.0,102,0.0
46,Ireland,,2021-04-25,246633,4873,23364,218449,53,0,0.0002426195587986212,1.0,0.0,53,0.0
47,Ireland,,2021-05-05,251087,4915,23364,222850,42,0,0.00018846757908907338,1.0,0.0,42,0.0
48,Ireland,,2021-05-15,255331,4941,23364,227052,26,0,0.00011451121329034758,1.0,0.0,26,0.0
49,Ireland,,2021-05-25,259512,4941,23364,231207,0,0,0.0,,,0,
50,Ireland,,2021-06-04,263769,4941,23364,235464,0,0,0.0,,,0,
51,Ireland,,2021-06-14,267006,4941,23364,238701,0,0,0.0,,,0,
52,Ireland,,2021-06-24,270097,4989,23364,241792,48,0,0.00019851773425092641,1.0,0.0,48,
53,Ireland,,2021-07-04,274306,5000,23364,245953,11,0,4.4723991982207984e-05,1.0,0.0,11,0.0
54,Ireland,,2021-07-14,279790,5018,23364,251426,18,0,7.159164127814944e-05,1.0,0.0,18,0.0
55,Ireland,,2021-07-19,285581,5018,23364,257199,0,0,0.0,,,0,
