Index,Region,Subregion,Stage,Confirmed,Deaths,Recovered,Stage_Confirmed,Stage_Deaths,Stage_Recovered,Stage_Treated%,Stage_Deaths%,Stage_Recovered%,Stage_Treated,Recovered_Change
6,Namibia,,2020-03-21,3,0,0,3,0,0,0.0,,,0,
7,Namibia,,2020-03-31,11,0,2,11,0,2,0.18181818181818182,0.0,1.0,2,
8,Namibia,,2020-04-10,16,0,3,14,0,1,0.07142857142857142,0.0,1.0,1,0.0
9,Namibia,,2020-04-20,16,0,6,13,0,3,0.23076923076923078,0.0,1.0,3,0.0
10,Namibia,,2020-04-30,16,0,8,10,0,2,0.2,0.0,1.0,2,0.0
11,Namibia,,2020-05-10,16,0,11,8,0,3,0.375,0.0,1.0,3,0.0
12,Namibia,,2020-05-20,16,0,14,5,0,3,0.6,0.0,1.0,3,0.0
13,Namibia,,2020-05-30,23,0,14,9,0,0,0.0,,,0,
14,Namibia,,2020-06-09,31,0,16,17,0,2,0.11764705882352941,0.0,1.0,2,
15,Namibia,,2020-06-19,45,0,19,29,0,3,0.10344827586206896,0.0,1.0,3,0.0
16,Namibia,,2020-06-29,196,0,24,177,0,5,0.02824858757062147,0.0,1.0,5,0.0
17,Namibia,,2020-07-09,615,0,25,591,0,1,0.001692047377326565,0.0,1.0,1,0.0
18,Namibia,,2020-07-19,1247,3,35,1222,3,10,0.010638297872340425,0.23076923076923078,0.7692307692307693,13,-0.23076923076923073
19,Namibia,,2020-07-29,1986,9,104,1948,6,69,0.038501026694045176,0.08,0.92,75,0.15076923076923077
20,Namibia,,2020-08-08,2802,16,575,2689,7,471,0.17776124953514316,0.014644351464435146,0.9853556485355649,478,0.06535564853556486
21,Namibia,,2020-08-18,4464,37,2407,3873,21,1832,0.47844048541182543,0.011332973556395036,0.9886670264436049,1853,0.0033113779080400363
22,Namibia,,2020-08-28,6906,65,2789,4462,28,382,0.09188704616763783,0.06829268292682927,0.9317073170731708,410,-0.05695970937043415
23,Namibia,,2020-09-07,8810,91,3806,5956,26,1017,0.17511752854264606,0.024928092042186004,0.975071907957814,1043,0.04336459088464317
24,Namibia,,2020-09-17,10078,108,7685,6181,17,3879,0.6303187186539395,0.004363449691991786,0.9956365503080082,3896,0.020564642350194284
25,Namibia,,2020-09-27,11033,120,8776,3240,12,1091,0.3404320987654321,0.010879419764279238,0.9891205802357208,1103,-0.006515970072287436
26,Namibia,,2020-10-07,11714,126,9673,2818,6,897,0.3204400283889283,0.006644518272425249,0.9933554817275747,903,0.004234901491853904
27,Namibia,,2020-10-17,12263,131,10419,2464,5,746,0.304788961038961,0.006657789613848202,0.9933422103861518,751,-1.3271341422926852e-05
28,Namibia,,2020-10-27,12729,133,10878,2179,2,459,0.21156493804497475,0.004338394793926247,0.9956616052060737,461,0.0023193948199219383
29,Namibia,,2020-11-06,13143,133,11578,2132,0,700,0.32833020637898686,0.0,1.0,700,0.004338394793926281
30,Namibia,,2020-11-16,13555,138,12843,1844,5,1265,0.6887201735357917,0.003937007874015748,0.9960629921259843,1270,-0.003937007874015741
31,Namibia,,2020-11-26,14155,147,13355,1174,9,512,0.4437819420783646,0.01727447216890595,0.982725527831094,521,-0.013337464294890244
32,Namibia,,2020-12-06,15078,152,13939,1576,5,584,0.3737309644670051,0.008488964346349746,0.9915110356536503,589,0.008785507822556271
33,Namibia,,2020-12-16,17276,164,15196,3185,12,1257,0.39843014128728416,0.009456264775413711,0.9905437352245863,1269,-0.0009673004290640108
34,Namibia,,2020-12-26,21398,187,17851,6038,23,2655,0.4435243458098708,0.008588498879761016,0.991411501120239,2678,0.000867765895652739
35,Namibia,,2021-01-05,25887,222,21777,7849,35,3926,0.5046502739202446,0.008836152486745772,0.9911638475132543,3961,-0.0002476536069847546
36,Namibia,,2021-01-15,29889,280,26254,7890,58,4477,0.5747782002534855,0.01278941565600882,0.9872105843439912,4535,-0.003953263169263033
37,Namibia,,2021-01-25,32650,319,30270,6116,39,4016,0.6630150425114454,0.009617755856966708,0.9903822441430333,4055,0.0031716597990421036
38,Namibia,,2021-02-04,34519,364,32872,3930,45,2602,0.6735368956743003,0.017000377786173027,0.982999622213827,2647,-0.007382621929206357
39,Namibia,,2021-02-14,35952,388,34141,2716,24,1269,0.47606774668630336,0.018561484918793503,0.9814385150812065,1293,-0.0015611071326204762
40,Namibia,,2021-02-24,37976,413,35750,3447,25,1609,0.4740353930954453,0.015299877600979192,0.9847001223990208,1634,0.00326160731781433
41,Namibia,,2021-03-06,39877,437,37366,3714,24,1616,0.44157242864835755,0.014634146341463415,0.9853658536585366,1640,0.000665731259515745
42,Namibia,,2021-03-16,41466,474,38793,3663,37,1427,0.39967239967239965,0.025273224043715847,0.9747267759562842,1464,-0.010639077702252364
43,Namibia,,2021-03-26,43179,504,41153,3912,30,2360,0.6109406952965235,0.012552301255230125,0.9874476987447699,2390,0.012720922788485689
44,Namibia,,2021-04-05,44886,538,42358,3229,34,1205,0.38371012697429546,0.02744148506860371,0.9725585149313963,1239,-0.014889183813373563
45,Namibia,,2021-04-06,45008,542,42641,2112,4,283,0.13589015151515152,0.013937282229965157,0.9860627177700348,287,0.013504202838638513
