Index,Region,Subregion,Stage,Confirmed,Deaths,Recovered,Stage_Confirmed,Stage_Deaths,Stage_Recovered,Stage_Treated%,Stage_Deaths%,Stage_Recovered%,Stage_Treated,Recovered_Change
2,Spain,,2020-02-10,2,0,0,2,0,0,0.0,,,0,
3,Spain,,2020-02-20,2,0,2,2,0,2,1.0,0.0,1.0,2,
4,Spain,,2020-03-01,84,0,2,82,0,0,0.0,,,0,
5,Spain,,2020-03-11,2277,54,183,2275,54,181,0.10329670329670329,0.2297872340425532,0.7702127659574468,235,
6,Spain,,2020-03-21,25374,1375,2125,25137,1321,1942,0.1298086486056411,0.40484216978240883,0.5951578302175912,3263,-0.17505493573985564
7,Spain,,2020-03-31,95923,8464,19259,92423,7089,17134,0.2620884411888816,0.2926557404120051,0.7073442595879949,24223,0.11218642937040368
8,Spain,,2020-04-10,158273,16081,55668,130550,7617,36409,0.3372347759479127,0.17301140235315496,0.8269885976468451,44026,0.11964433805885022
9,Spain,,2020-04-20,200210,20852,80587,128461,4771,24919,0.23112072924856572,0.16069383630852138,0.8393061636914786,29690,0.012317566044633521
10,Spain,,2020-04-30,213435,24543,112050,111996,3691,31463,0.31388621022179364,0.10499516413494908,0.895004835865051,35154,0.05569867217357238
11,Spain,,2020-05-10,224350,26621,136166,87757,2078,24116,0.29848331187255717,0.07933114453691685,0.9206688554630832,26194,0.025664019598032217
12,Spain,,2020-05-20,232555,27888,150376,69768,1267,14210,0.22183522531819747,0.08186341022161918,0.9181365897783809,15477,-0.0025322656847023284
13,Spain,,2020-05-30,239228,27125,150376,60964,-763,0,-0.012515582966996916,1.0,-0.0,-763,-0.9181365897783809
14,Spain,,2020-06-09,241966,27136,150376,64465,11,0,0.00017063522841852168,1.0,0.0,11,0.0
15,Spain,,2020-06-19,245575,28315,150376,68063,1179,0,0.017322186797525823,1.0,0.0,1179,0.0
16,Spain,,2020-06-29,248970,28346,150376,70279,31,0,0.00044109904807979625,1.0,0.0,31,0.0
17,Spain,,2020-07-09,253056,28401,150376,74334,55,0,0.0007399036779939193,1.0,0.0,55,0.0
18,Spain,,2020-07-19,260255,28420,150376,81478,19,0,0.0002331917818306782,1.0,0.0,19,0.0
19,Spain,,2020-07-29,282641,28441,150376,103845,21,0,0.00020222446916076846,1.0,0.0,21,0.0
20,Spain,,2020-08-08,314362,28503,150376,135545,62,0,0.00045741266737983697,1.0,0.0,62,0.0
21,Spain,,2020-08-18,364196,28670,150376,185317,167,0,0.0009011585553403088,1.0,0.0,167,0.0
22,Spain,,2020-08-28,439286,29011,150376,260240,341,0,0.0013103289271441745,1.0,0.0,341,0.0
23,Spain,,2020-09-07,525549,29516,150376,346162,505,0,0.0014588545247600834,1.0,0.0,505,0.0
24,Spain,,2020-09-17,625651,30405,150376,445759,889,0,0.0019943512077153797,1.0,0.0,889,0.0
25,Spain,,2020-09-27,716481,31232,150376,535700,827,0,0.0015437745006533507,1.0,0.0,827,0.0
26,Spain,,2020-10-07,835901,32562,150376,654293,1330,0,0.002032728456517187,1.0,0.0,1330,0.0
27,Spain,,2020-10-17,936560,33775,150376,753622,1213,0,0.0016095602304603634,1.0,0.0,1213,0.0
28,Spain,,2020-10-27,1116738,35298,150376,932587,1523,0,0.0016330916043221706,1.0,0.0,1523,0.0
29,Spain,,2020-11-06,1328832,38833,150376,1143158,3535,0,0.003092310949142638,1.0,0.0,3535,0.0
30,Spain,,2020-11-16,1496864,41253,150376,1307655,2420,0,0.0018506410329941765,1.0,0.0,2420,0.0
31,Spain,,2020-11-26,1617355,44374,150376,1425726,3121,0,0.002189060170046699,1.0,0.0,3121,0.0
32,Spain,,2020-12-06,1684647,46252,150376,1489897,1878,0,0.001260489819094877,1.0,0.0,1878,0.0
33,Spain,,2020-12-16,1773290,48596,150376,1576662,2344,0,0.0014866851614359958,1.0,0.0,2344,0.0
34,Spain,,2020-12-26,1854951,49824,150376,1655979,1228,0,0.0007415552975007533,1.0,0.0,1228,0.0
35,Spain,,2021-01-05,1982544,51430,150376,1782344,1606,0,0.0009010606257826772,1.0,0.0,1606,0.0
36,Spain,,2021-01-15,2252164,53314,150376,2050358,1884,0,0.0009188639252267165,1.0,0.0,1884,0.0
37,Spain,,2021-01-25,2593382,56208,150376,2389692,2894,0,0.0012110347274878939,1.0,0.0,2894,0.0
38,Spain,,2021-02-04,2913425,60802,150376,2706841,4594,0,0.00169718132686774,1.0,0.0,4594,0.0
39,Spain,,2021-02-14,3056035,64747,150376,2844857,3945,0,0.0013867129349559573,1.0,0.0,3945,0.0
40,Spain,,2021-02-24,3170644,68468,150376,2955521,3721,0,0.0012589996822895185,1.0,0.0,3721,0.0
41,Spain,,2021-03-06,3149012,71138,150376,2930168,2670,0,0.0009112105517499338,1.0,0.0,2670,0.0
42,Spain,,2021-03-16,3200024,72565,150376,2978510,1427,0,0.0004790986097075383,1.0,0.0,1427,0.0
43,Spain,,2021-03-26,3255324,75010,150376,3032383,2445,0,0.0008062965660999946,1.0,0.0,2445,0.0
44,Spain,,2021-04-05,3311325,75783,150376,3085939,773,0,0.0002504910174828472,1.0,0.0,773,0.0
45,Spain,,2021-04-15,3396685,76882,150376,3170526,1099,0,0.0003466301806072557,1.0,0.0,1099,0.0
46,Spain,,2021-04-25,3468617,77591,150376,3241359,709,0,0.00021873541313998233,1.0,0.0,709,0.0
47,Spain,,2021-05-05,3551262,78566,150376,3323295,975,0,0.0002933835244839835,1.0,0.0,975,0.0
48,Spain,,2021-05-15,3604799,79339,150376,3375857,773,0,0.00022897889335952323,1.0,0.0,773,0.0
49,Spain,,2021-05-25,3652879,79801,150376,3423164,462,0,0.00013496285892233034,1.0,0.0,462,0.0
50,Spain,,2021-05-28,3668658,79905,150376,3438481,104,0,3.0245913820666743e-05,1.0,0.0,104,0.0
