Index,Region,Subregion,Stage,Confirmed,Deaths,Recovered,Stage_Confirmed,Stage_Deaths,Stage_Recovered,Stage_Treated%,Stage_Deaths%,Stage_Recovered%,Stage_Treated,Recovered_Change
1,Thailand,,2020-01-31,19,0,8,19,0,8,0.42105263157894735,0.0,1.0,8,
2,Thailand,,2020-02-10,32,0,11,24,0,3,0.125,0.0,1.0,3,0.0
3,Thailand,,2020-02-20,35,0,17,24,0,6,0.25,0.0,1.0,6,0.0
4,Thailand,,2020-03-01,42,1,30,25,1,13,0.56,0.07142857142857142,0.9285714285714286,14,-0.0714285714285714
5,Thailand,,2020-03-11,59,1,34,28,0,4,0.14285714285714285,0.0,1.0,4,0.0714285714285714
6,Thailand,,2020-03-21,411,1,44,376,0,10,0.026595744680851064,0.0,1.0,10,0.0
7,Thailand,,2020-03-31,1651,10,342,1606,9,298,0.19115815691158156,0.029315960912052116,0.9706840390879479,307,-0.02931596091205213
8,Thailand,,2020-04-10,2473,33,1013,2121,23,671,0.3272041489863272,0.03314121037463977,0.9668587896253602,694,-0.0038252494625876654
9,Thailand,,2020-04-20,2792,47,1999,1746,14,986,0.572737686139748,0.014,0.986,1000,0.019141210374639783
10,Thailand,,2020-04-30,2954,54,2687,908,7,688,0.7654185022026432,0.010071942446043165,0.9899280575539569,695,0.003928057553956865
11,Thailand,,2020-05-10,3009,56,2794,268,2,107,0.40671641791044777,0.01834862385321101,0.981651376146789,109,-0.008276681407167863
12,Thailand,,2020-05-20,3034,56,2888,184,0,94,0.5108695652173914,0.0,1.0,94,0.01834862385321101
13,Thailand,,2020-05-30,3077,57,2961,133,1,73,0.556390977443609,0.013513513513513514,0.9864864864864865,74,-0.013513513513513487
14,Thailand,,2020-06-09,3121,58,2973,103,1,12,0.1262135922330097,0.07692307692307693,0.9230769230769231,13,-0.06340956340956339
15,Thailand,,2020-06-19,3146,58,3008,115,0,35,0.30434782608695654,0.0,1.0,35,0.07692307692307687
16,Thailand,,2020-06-29,3169,58,3053,103,0,45,0.4368932038834951,0.0,1.0,45,0.0
17,Thailand,,2020-07-09,3202,58,3085,91,0,32,0.3516483516483517,0.0,1.0,32,0.0
18,Thailand,,2020-07-19,3249,58,3096,106,0,11,0.10377358490566038,0.0,1.0,11,0.0
19,Thailand,,2020-07-29,3298,58,3111,144,0,15,0.10416666666666667,0.0,1.0,15,0.0
20,Thailand,,2020-08-08,3348,58,3150,179,0,39,0.21787709497206703,0.0,1.0,39,0.0
21,Thailand,,2020-08-18,3381,58,3198,173,0,48,0.2774566473988439,0.0,1.0,48,0.0
22,Thailand,,2020-08-28,3410,58,3237,154,0,39,0.2532467532467532,0.0,1.0,39,0.0
23,Thailand,,2020-09-07,3445,58,3281,150,0,44,0.29333333333333333,0.0,1.0,44,0.0
24,Thailand,,2020-09-17,3490,58,3325,151,0,44,0.2913907284768212,0.0,1.0,44,0.0
25,Thailand,,2020-09-27,3545,59,3369,162,1,44,0.2777777777777778,0.022222222222222223,0.9777777777777777,45,-0.022222222222222254
26,Thailand,,2020-10-07,3622,59,3439,194,0,70,0.36082474226804123,0.0,1.0,70,0.022222222222222254
27,Thailand,,2020-10-17,3679,59,3478,181,0,39,0.2154696132596685,0.0,1.0,39,0.0
28,Thailand,,2020-10-27,3759,59,3561,222,0,83,0.3738738738738739,0.0,1.0,83,0.0
29,Thailand,,2020-11-06,3830,60,3644,210,1,83,0.4,0.011904761904761904,0.9880952380952381,84,-0.011904761904761862
30,Thailand,,2020-11-16,3878,60,3724,174,0,80,0.45977011494252873,0.0,1.0,80,0.011904761904761862
31,Thailand,,2020-11-26,3961,60,3790,177,0,66,0.3728813559322034,0.0,1.0,66,0.0
32,Thailand,,2020-12-06,4107,60,3868,257,0,78,0.3035019455252918,0.0,1.0,78,0.0
33,Thailand,,2020-12-16,4281,60,3989,353,0,121,0.34277620396600567,0.0,1.0,121,0.0
34,Thailand,,2020-12-26,6141,60,4161,2092,0,172,0.08221797323135756,0.0,1.0,172,0.0
35,Thailand,,2021-01-05,9331,66,4418,5110,6,257,0.051467710371819964,0.022813688212927757,0.9771863117870723,263,-0.02281368821292773
36,Thailand,,2021-01-15,11680,70,8906,7196,4,4488,0.6242356864924958,0.0008904719501335708,0.9991095280498664,4492,0.021923216262794143
37,Thailand,,2021-01-25,14646,75,10892,5670,5,1986,0.3511463844797178,0.0025113008538422904,0.9974886991461577,1991,-0.0016208289037087376
38,Thailand,,2021-02-04,22058,79,14798,11091,4,3906,0.3525380939500496,0.0010230179028132991,0.9989769820971867,3910,0.0014882829510289852
39,Thailand,,2021-02-14,24571,80,22111,9694,1,7313,0.7544873117392201,0.00013672409078479628,0.9998632759092152,7314,0.000886293812028538
40,Thailand,,2021-02-24,25692,83,24542,3501,3,2431,0.6952299343044844,0.0012325390304026294,0.9987674609695973,2434,-0.0010958149396178563
41,Thailand,,2021-03-06,26305,85,25686,1680,2,1144,0.6821428571428572,0.0017452006980802793,0.9982547993019197,1146,-0.0005126616676776052
42,Thailand,,2021-03-16,27154,88,26299,1383,3,613,0.44540853217642806,0.00487012987012987,0.9951298701298701,616,-0.003124929172049651
43,Thailand,,2021-03-26,28577,92,26873,2190,4,574,0.2639269406392694,0.006920415224913495,0.9930795847750865,578,-0.0020502853547835764
44,Thailand,,2021-04-05,29321,95,26873,2356,3,0,0.0012733446519524619,1.0,0.0,3,-0.9930795847750865
45,Thailand,,2021-04-15,37453,97,26873,10485,2,0,0.00019074868860276584,1.0,0.0,2,0.0
46,Thailand,,2021-04-25,55460,140,26873,28490,43,0,0.0015093015093015094,1.0,0.0,43,0.0
47,Thailand,,2021-05-05,74900,318,26873,47887,178,0,0.0037170839685091986,1.0,0.0,178,0.0
48,Thailand,,2021-05-15,99145,565,26873,71954,247,0,0.0034327487005586903,1.0,0.0,247,0.0
49,Thailand,,2021-05-25,135439,832,26873,108001,267,0,0.0024721993314876715,1.0,0.0,267,0.0
50,Thailand,,2021-06-04,171978,1177,26873,144273,345,0,0.002391299827410534,1.0,0.0,345,0.0
51,Thailand,,2021-06-14,199264,1466,26873,171214,289,0,0.0016879460791757684,1.0,0.0,289,0.0
52,Thailand,,2021-06-24,232647,1775,26873,204308,309,0,0.0015124224210505707,1.0,0.0,309,0.0
53,Thailand,,2021-07-04,283067,2226,26873,254419,451,0,0.0017726663496043927,1.0,0.0,451,0.0
54,Thailand,,2021-07-14,363029,2934,26873,333930,708,0,0.0021202048333483067,1.0,0.0,708,0.0
55,Thailand,,2021-07-24,481967,3930,26873,452160,996,0,0.00220276008492569,1.0,0.0,996,0.0
56,Thailand,,2021-07-25,497302,4059,26873,466499,129,0,0.0002765279239612518,1.0,0.0,129,0.0
