Index,Region,Subregion,Stage,Confirmed,Deaths,Recovered,Stage_Confirmed,Stage_Deaths,Stage_Recovered,Stage_Treated%,Stage_Deaths%,Stage_Recovered%,Stage_Treated,Recovered_Change
10,Sweden,Kalmar,2020-06-19,514,42,0,514,42,0,0.08171206225680934,1.0,0.0,42,
11,Sweden,Kalmar,2020-07-04,691,57,0,649,15,0,0.023112480739599383,1.0,0.0,15,0.0
12,Sweden,Kalmar,2020-07-19,743,61,0,686,4,0,0.0058309037900874635,1.0,0.0,4,0.0
13,Sweden,Kalmar,2020-08-03,780,62,0,719,1,0,0.0013908205841446453,1.0,0.0,1,0.0
14,Sweden,Kalmar,2020-08-18,823,62,0,761,0,0,0.0,,,0,
15,Sweden,Kalmar,2020-09-02,886,63,0,824,1,0,0.0012135922330097086,1.0,0.0,1,
16,Sweden,Kalmar,2020-09-17,907,64,0,844,1,0,0.001184834123222749,1.0,0.0,1,0.0
17,Sweden,Kalmar,2020-10-02,932,64,0,868,0,0,0.0,,,0,
18,Sweden,Kalmar,2020-10-17,975,64,0,911,0,0,0.0,,,0,
19,Sweden,Kalmar,2020-11-01,1187,64,0,1123,0,0,0.0,,,0,
20,Sweden,Kalmar,2020-11-16,1907,65,0,1843,1,0,0.0005425935973955507,1.0,0.0,1,
21,Sweden,Kalmar,2020-12-01,3257,75,0,3192,10,0,0.003132832080200501,1.0,0.0,10,0.0
22,Sweden,Kalmar,2020-12-16,4701,96,0,4626,21,0,0.004539559014267186,1.0,0.0,21,0.0
23,Sweden,Kalmar,2020-12-31,6455,102,0,6359,6,0,0.0009435445824815223,1.0,0.0,6,0.0
24,Sweden,Kalmar,2021-01-15,8651,154,0,8549,52,0,0.006082582758217336,1.0,0.0,52,0.0
25,Sweden,Kalmar,2021-01-30,9679,175,0,9525,21,0,0.002204724409448819,1.0,0.0,21,0.0
26,Sweden,Kalmar,2021-02-14,10391,207,0,10216,32,0,0.0031323414252153485,1.0,0.0,32,0.0
27,Sweden,Kalmar,2021-03-01,11315,214,0,11108,7,0,0.0006301764494058336,1.0,0.0,7,0.0
28,Sweden,Kalmar,2021-03-16,12718,217,0,12504,3,0,0.0002399232245681382,1.0,0.0,3,0.0
29,Sweden,Kalmar,2021-03-31,15188,222,0,14971,5,0,0.00033397902611715985,1.0,0.0,5,0.0
30,Sweden,Kalmar,2021-04-15,17989,223,0,17767,1,0,5.628412224911353e-05,1.0,0.0,1,0.0
31,Sweden,Kalmar,2021-04-30,20662,235,0,20439,12,0,0.0005871128724497284,1.0,0.0,12,0.0
32,Sweden,Kalmar,2021-05-15,22857,240,0,22622,5,0,0.0002210237821589603,1.0,0.0,5,0.0
33,Sweden,Kalmar,2021-05-30,23757,243,0,23517,3,0,0.00012756729174639623,1.0,0.0,3,0.0
34,Sweden,Kalmar,2021-06-02,23757,243,0,23514,0,0,0.0,,,0,
