Index,Region,Subregion,Stage,Confirmed,Deaths,Recovered,Stage_Confirmed,Stage_Deaths,Stage_Recovered,Stage_Treated%,Stage_Deaths%,Stage_Recovered%,Stage_Treated,Recovered_Change
24,Mexico,Colima,2020-05-20,83,10,39,83,10,39,0.5903614457831325,0.20408163265306123,0.7959183673469388,49,
25,Mexico,Colima,2020-05-25,115,18,52,66,8,13,0.3181818181818182,0.38095238095238093,0.6190476190476191,21,-0.1768707482993197
26,Mexico,Colima,2020-05-30,141,21,80,71,3,28,0.43661971830985913,0.0967741935483871,0.9032258064516129,31,0.2841781874039938
27,Mexico,Colima,2020-06-04,180,29,108,79,8,28,0.45569620253164556,0.2222222222222222,0.7777777777777778,36,-0.1254480286738351
28,Mexico,Colima,2020-06-09,224,33,134,87,4,26,0.3448275862068966,0.13333333333333333,0.8666666666666667,30,0.0888888888888889
29,Mexico,Colima,2020-06-14,291,39,169,124,6,35,0.33064516129032256,0.14634146341463414,0.8536585365853658,41,-0.013008130081300862
30,Mexico,Colima,2020-06-19,353,43,219,145,4,50,0.3724137931034483,0.07407407407407407,0.9259259259259259,54,0.0722673893405601
31,Mexico,Colima,2020-06-24,439,57,271,177,14,52,0.3728813559322034,0.21212121212121213,0.7878787878787878,66,-0.13804713804713808
32,Mexico,Colima,2020-06-29,542,69,343,214,12,72,0.3925233644859813,0.14285714285714285,0.8571428571428571,84,0.06926406926406925
33,Mexico,Colima,2020-07-04,664,85,431,252,16,88,0.4126984126984127,0.15384615384615385,0.8461538461538461,104,-0.01098901098901095
34,Mexico,Colima,2020-07-09,775,94,511,259,9,80,0.3436293436293436,0.10112359550561797,0.898876404494382,89,0.05272255834053585
35,Mexico,Colima,2020-07-14,939,115,621,334,21,110,0.39221556886227543,0.16030534351145037,0.8396946564885496,131,-0.059181748005832424
36,Mexico,Colima,2020-07-19,1208,144,637,472,29,16,0.09533898305084745,0.6444444444444445,0.35555555555555557,45,-0.484139100932994
37,Mexico,Colima,2020-07-24,1429,170,737,648,26,100,0.19444444444444445,0.20634920634920634,0.7936507936507936,126,0.43809523809523804
38,Mexico,Colima,2020-07-29,1682,195,963,775,25,226,0.32387096774193547,0.099601593625498,0.900398406374502,251,0.10674761272370836
39,Mexico,Colima,2020-08-03,1990,228,1317,832,33,354,0.4651442307692308,0.08527131782945736,0.9147286821705426,387,0.014330275796040626
40,Mexico,Colima,2020-08-08,2237,265,1477,692,37,160,0.2846820809248555,0.18781725888324874,0.8121827411167513,197,-0.10254594105379133
41,Mexico,Colima,2020-08-13,2524,305,1654,782,40,177,0.2774936061381074,0.18433179723502305,0.815668202764977,217,0.0034854616482257184
42,Mexico,Colima,2020-08-18,2828,330,1937,869,25,283,0.35443037974683544,0.08116883116883117,0.9188311688311688,308,0.1031629660661918
43,Mexico,Colima,2020-08-23,3265,365,2333,998,35,396,0.4318637274549098,0.08120649651972157,0.9187935034802784,431,-3.7665350890336846e-05
44,Mexico,Colima,2020-08-28,3542,414,2559,844,49,226,0.32582938388625593,0.1781818181818182,0.8218181818181818,275,-0.09697532166209666
45,Mexico,Colima,2020-09-02,3788,442,2860,815,28,301,0.403680981595092,0.0851063829787234,0.9148936170212766,329,0.0930754352030948
46,Mexico,Colima,2020-09-07,3953,462,3169,651,20,309,0.5053763440860215,0.060790273556231005,0.939209726443769,329,0.024316109422492405
47,Mexico,Colima,2020-09-12,4160,486,3391,529,24,222,0.46502835538752363,0.0975609756097561,0.9024390243902439,246,-0.03677070205352506
48,Mexico,Colima,2020-09-17,4337,506,3535,460,20,144,0.3565217391304348,0.12195121951219512,0.8780487804878049,164,-0.024390243902439046
49,Mexico,Colima,2020-09-22,4493,529,3651,452,23,116,0.3075221238938053,0.16546762589928057,0.8345323741007195,139,-0.04351640638708543
50,Mexico,Colima,2020-09-27,4789,557,3806,609,28,155,0.30049261083743845,0.15300546448087432,0.8469945355191257,183,0.012462161418406281
51,Mexico,Colima,2020-10-02,5049,579,3947,686,22,141,0.23760932944606414,0.13496932515337423,0.8650306748466258,163,0.018036139327500034
52,Mexico,Colima,2020-10-07,5533,610,4431,1007,31,484,0.5114200595829196,0.06019417475728155,0.9398058252427185,515,0.07477515039609273
53,Mexico,Colima,2020-10-12,5810,623,4737,769,13,306,0.41482444733420026,0.04075235109717868,0.9592476489028213,319,0.01944182366010283
54,Mexico,Colima,2020-10-17,6055,666,4916,695,43,179,0.3194244604316547,0.19369369369369369,0.8063063063063063,222,-0.15294134259651504
55,Mexico,Colima,2020-10-22,6278,689,5193,696,23,277,0.43103448275862066,0.07666666666666666,0.9233333333333333,300,0.11702702702702705
56,Mexico,Colima,2020-10-27,6451,728,5393,569,39,200,0.4200351493848858,0.16317991631799164,0.8368200836820083,239,-0.08651324965132501
57,Mexico,Colima,2020-11-01,6608,744,5525,487,16,132,0.30390143737166325,0.10810810810810811,0.8918918918918919,148,0.055071808209883555
58,Mexico,Colima,2020-11-06,6783,759,5739,514,15,214,0.4455252918287938,0.06550218340611354,0.9344978165938864,229,0.042605924701994535
59,Mexico,Colima,2020-11-11,6893,724,5791,395,-35,52,0.043037974683544304,-2.0588235294117645,3.0588235294117645,17,2.1243257128178783
60,Mexico,Colima,2020-11-16,6925,729,0,410,5,-5791,-14.112195121951219,-0.0008641548565502938,1.0008641548565502,-5786,-2.0579593745552143
61,Mexico,Colima,2020-11-21,7000,788,0,6271,59,0,0.009408387816935098,1.0,0.0,59,-1.0008641548565502
62,Mexico,Colima,2020-11-26,7102,746,0,6314,-42,0,-0.0066518847006651885,1.0,-0.0,-42,-0.0
63,Mexico,Colima,2020-12-01,7263,752,0,6517,6,0,0.0009206690194874942,1.0,0.0,6,0.0
64,Mexico,Colima,2020-12-06,7373,759,0,6621,7,0,0.0010572421084428334,1.0,0.0,7,0.0
65,Mexico,Colima,2020-12-11,7479,769,0,6720,10,0,0.001488095238095238,1.0,0.0,10,0.0
66,Mexico,Colima,2020-12-16,7562,780,0,6793,11,0,0.0016193139997055792,1.0,0.0,11,0.0
67,Mexico,Colima,2020-12-21,7647,785,0,6867,5,0,0.0007281199941750401,1.0,0.0,5,0.0
68,Mexico,Colima,2020-12-26,7761,789,0,6976,4,0,0.0005733944954128441,1.0,0.0,4,0.0
69,Mexico,Colima,2020-12-31,7927,799,0,7138,10,0,0.0014009526478005044,1.0,0.0,10,0.0
70,Mexico,Colima,2021-01-05,8071,810,0,7272,11,0,0.0015126512651265126,1.0,0.0,11,0.0
71,Mexico,Colima,2021-01-10,8291,819,0,7481,9,0,0.0012030477208929287,1.0,0.0,9,0.0
72,Mexico,Colima,2021-01-15,8466,834,0,7647,15,0,0.001961553550411926,1.0,0.0,15,0.0
73,Mexico,Colima,2021-01-20,8770,849,0,7936,15,0,0.0018901209677419355,1.0,0.0,15,0.0
74,Mexico,Colima,2021-01-25,9157,875,0,8308,26,0,0.0031295137217140106,1.0,0.0,26,0.0
75,Mexico,Colima,2021-01-30,9439,920,0,8564,45,0,0.005254553946753854,1.0,0.0,45,0.0
76,Mexico,Colima,2021-02-04,9569,936,0,8649,16,0,0.0018499248468030985,1.0,0.0,16,0.0
77,Mexico,Colima,2021-02-09,9852,983,0,8916,47,0,0.005271422162404666,1.0,0.0,47,0.0
78,Mexico,Colima,2021-02-14,10082,1007,0,9099,24,0,0.002637652489284537,1.0,0.0,24,0.0
79,Mexico,Colima,2021-02-17,10168,1023,0,9161,16,0,0.0017465342211548957,1.0,0.0,16,0.0
