Index,Region,Subregion,Stage,Confirmed,Deaths,Recovered,Stage_Confirmed,Stage_Deaths,Stage_Recovered,Stage_Treated%,Stage_Deaths%,Stage_Recovered%,Stage_Treated,Recovered_Change
9,Ukraine,Chernihiv Oblast,2020-06-04,238,7,63,238,7,63,0.29411764705882354,0.1,0.9,70,
10,Ukraine,Chernihiv Oblast,2020-06-19,459,10,112,389,3,49,0.13367609254498714,0.057692307692307696,0.9423076923076923,52,0.04230769230769227
11,Ukraine,Chernihiv Oblast,2020-07-04,560,11,145,438,1,33,0.0776255707762557,0.029411764705882353,0.9705882352941176,34,0.02828054298642535
12,Ukraine,Chernihiv Oblast,2020-07-19,642,14,309,486,3,164,0.3436213991769547,0.017964071856287425,0.9820359281437125,167,0.011447692849594904
13,Ukraine,Chernihiv Oblast,2020-08-03,900,18,528,577,4,219,0.38648180242634317,0.017937219730941704,0.9820627802690582,223,2.6852125345699918e-05
14,Ukraine,Chernihiv Oblast,2020-08-18,1250,21,564,704,3,36,0.05539772727272727,0.07692307692307693,0.9230769230769231,39,-0.058985857192135116
15,Ukraine,Chernihiv Oblast,2020-09-02,1990,22,607,1405,1,43,0.03131672597864769,0.022727272727272728,0.9772727272727273,44,0.054195804195804165
16,Ukraine,Chernihiv Oblast,2020-09-17,3034,44,738,2405,22,131,0.06361746361746362,0.1437908496732026,0.8562091503267973,153,-0.12106357694592995
17,Ukraine,Chernihiv Oblast,2020-10-02,4409,76,989,3627,32,251,0.07802591673559416,0.11307420494699646,0.8869257950530035,283,0.030716644726206166
18,Ukraine,Chernihiv Oblast,2020-10-17,6582,87,1213,5517,11,224,0.042595613558093166,0.04680851063829787,0.9531914893617022,235,0.06626569430869866
19,Ukraine,Chernihiv Oblast,2020-11-01,8865,88,1742,7565,1,529,0.07005948446794448,0.0018867924528301887,0.9981132075471698,530,0.04492171818546764
20,Ukraine,Chernihiv Oblast,2020-11-16,11557,89,3138,9727,1,1396,0.14362084918268736,0.0007158196134574087,0.9992841803865425,1397,0.0011709728393727303
21,Ukraine,Chernihiv Oblast,2020-12-01,18717,91,6265,15490,2,3127,0.20200129115558424,0.0006391818472355385,0.9993608181527645,3129,7.663776622190976e-05
22,Ukraine,Chernihiv Oblast,2020-12-16,25330,259,10292,18974,168,4027,0.2210920206598503,0.0400476758045292,0.9599523241954708,4195,-0.03940849395729362
23,Ukraine,Chernihiv Oblast,2020-12-31,29897,442,16908,19346,183,6616,0.35144215858575417,0.026915722900426535,0.9730842770995735,6799,0.013131952904102628
24,Ukraine,Chernihiv Oblast,2021-01-15,32176,494,20464,14826,52,3556,0.24335626601915553,0.014412416851441241,0.9855875831485588,3608,0.012503306048985308
25,Ukraine,Chernihiv Oblast,2021-01-30,33738,636,26449,12780,142,5985,0.4794209702660407,0.023176105761384038,0.9768238942386159,6127,-0.008763688909942835
26,Ukraine,Chernihiv Oblast,2021-02-14,34770,700,30065,7685,64,3616,0.47885491216655823,0.017391304347826087,0.9826086956521739,3680,0.005784801413557972
27,Ukraine,Chernihiv Oblast,2021-03-01,35910,750,31049,5145,50,984,0.2009718172983479,0.048355899419729204,0.9516441005802708,1034,-0.030964595071903078
28,Ukraine,Chernihiv Oblast,2021-03-16,37740,797,31984,5941,47,935,0.16529203837737755,0.04786150712830957,0.9521384928716904,982,0.0004943922914195653
29,Ukraine,Chernihiv Oblast,2021-03-31,41884,862,33677,9103,65,1693,0.19312314621553334,0.036973833902161544,0.9630261660978384,1758,0.010887673226148031
30,Ukraine,Chernihiv Oblast,2021-04-15,48586,988,36801,14047,126,3124,0.23136612799886097,0.03876923076923077,0.9612307692307692,3250,-0.0017953968670691989
31,Ukraine,Chernihiv Oblast,2021-04-30,53305,1130,41467,15516,142,4666,0.30987367878319155,0.029534109816971715,0.9704658901830283,4808,0.00923512095225909
32,Ukraine,Chernihiv Oblast,2021-05-15,55424,1244,50156,12827,114,8689,0.6862867389101115,0.012950130637282745,0.9870498693627172,8803,0.0165839791796889
33,Ukraine,Chernihiv Oblast,2021-05-30,56689,1305,53388,5289,61,3232,0.6226129703157497,0.018524142119647737,0.9814758578803523,3293,-0.005574011482364916
34,Ukraine,Chernihiv Oblast,2021-06-14,57337,1327,55106,2644,22,1718,0.6580937972768532,0.01264367816091954,0.9873563218390805,1740,0.00588046395872821
35,Ukraine,Chernihiv Oblast,2021-06-29,57519,1344,55728,1086,17,622,0.5883977900552486,0.026604068857589983,0.97339593114241,639,-0.013960390696670544
36,Ukraine,Chernihiv Oblast,2021-07-14,57615,1350,55927,543,6,199,0.3775322283609576,0.02926829268292683,0.9707317073170731,205,-0.00266422382533682
37,Ukraine,Chernihiv Oblast,2021-07-29,57750,1353,56021,473,3,94,0.20507399577167018,0.030927835051546393,0.9690721649484536,97,-0.0016595423686195376
38,Ukraine,Chernihiv Oblast,2021-08-07,57895,1353,,521,0,,,,,,
