Index,Region,Subregion,Month,Confirmed,Deaths,Recovered,Month_Confirmed,Month_Deaths,Month_Recovered,Month_Treated%,Month_Deaths%,Month_Recovered%,Month_Treated,Recovered_Change
1,Australia,,2020-01-31,9,0,2,9,0,2,0.2222222222222222,0.0,1.0,2,
2,Australia,,2020-02-29,25,0,11,23,0,9,0.391304347826087,0.0,1.0,9,0.0
3,Australia,,2020-03-31,4559,18,358,4548,18,347,0.08025505716798592,0.049315068493150684,0.9506849315068493,365,-0.049315068493150704
4,Australia,,2020-04-30,6766,93,5742,6390,75,5384,0.8543035993740219,0.013738779996336326,0.9862612200036637,5459,0.03557628849681438
5,Australia,,2020-05-31,7202,103,6618,1367,10,876,0.648134601316752,0.011286681715575621,0.9887133182844243,886,0.0024520982807606506
6,Australia,,2020-06-30,7920,104,7040,1199,1,422,0.35279399499582986,0.002364066193853428,0.9976359338061466,423,0.008922615521722244
7,Australia,,2020-07-31,17280,201,9983,10136,97,2943,0.2999210734017364,0.03190789473684211,0.9680921052631579,3040,-0.029543828542988648
8,Australia,,2020-08-31,25819,657,21350,15635,456,11367,0.756188039654621,0.0385688911443796,0.9614311088556204,11823,-0.006660996407537478
9,Australia,,2020-09-30,27096,888,24784,5089,231,3434,0.7201807820789939,0.06302864938608459,0.9369713506139155,3665,-0.024459758241704987
10,Australia,,2020-10-31,27595,907,25336,1923,19,552,0.296931877275091,0.03327495621716287,0.9667250437828371,571,0.029753693168921624
11,Australia,,2020-11-23,27843,907,25533,1600,0,197,0.123125,0.0,1.0,197,0.03327495621716292
