Index,Region,Subregion,Stage,Confirmed,Deaths,Recovered,Stage_Confirmed,Stage_Deaths,Stage_Recovered,Stage_Treated%,Stage_Deaths%,Stage_Recovered%,Stage_Treated,Recovered_Change
1,Belgium,,2020-02-10,1,0,0,1,0,0,0.0,,,0,
2,Belgium,,2020-03-01,2,0,1,2,0,1,0.5,0.0,1.0,1,
3,Belgium,,2020-03-21,2815,67,263,2814,67,262,0.11691542288557213,0.20364741641337386,0.7963525835866262,329,-0.2036474164133738
4,Belgium,,2020-04-10,26667,3019,5568,26337,2952,5305,0.3135133082735315,0.3575148358968148,0.6424851641031851,8257,-0.15386741948344107
5,Belgium,,2020-04-30,48519,7594,11576,39932,4575,6008,0.2650255434238205,0.4322970802229992,0.5677029197770008,10583,-0.0747822443261843
6,Belgium,,2020-05-20,55983,9150,14847,36813,1556,3271,0.13112215793333876,0.32235342863061944,0.6776465713693806,4827,0.10994365159237973
7,Belgium,,2020-06-09,59437,9619,16324,35440,469,1477,0.054909706546275396,0.24100719424460432,0.7589928057553957,1946,0.08134623438601518
8,Belgium,,2020-06-29,61361,9732,16941,35418,113,617,0.02061098876277599,0.1547945205479452,0.8452054794520548,730,0.08621267369665908
9,Belgium,,2020-07-19,63706,9800,17289,37033,68,348,0.01123322442146194,0.16346153846153846,0.8365384615384616,416,-0.008667017913593256
10,Belgium,,2020-08-08,73401,9870,17766,46312,70,477,0.011811193643116256,0.12797074954296161,0.8720292504570384,547,0.03549078891857682
11,Belgium,,2020-08-28,83952,9886,18360,56316,16,594,0.01083173520846651,0.02622950819672131,0.9737704918032787,610,0.1017412413462403
12,Belgium,,2020-09-17,97976,9936,18854,69730,50,494,0.007801520149146709,0.09191176470588236,0.9080882352941176,544,-0.06568225650916104
13,Belgium,,2020-10-07,137868,10108,19895,109078,172,1041,0.011120482590439868,0.14179719703215168,0.8582028029678483,1213,-0.0498854323262693
14,Belgium,,2020-10-27,347289,11038,23035,317286,930,3140,0.012827543604193062,0.2285012285012285,0.7714987714987716,4070,-0.08670403146907679
15,Belgium,,2020-11-16,537871,14616,0,503798,3578,-23035,-0.03862063763651305,-0.183892686436758,1.183892686436758,-19457,0.4123939149379865
16,Belgium,,2020-12-06,591756,17320,0,577140,2704,0,0.0046851717087708356,1.0,0.0,2704,-1.183892686436758
17,Belgium,,2020-12-26,638030,19158,0,620710,1838,0,0.0029611251631196534,1.0,0.0,1838,0.0
18,Belgium,,2021-01-15,675089,20352,0,655931,1194,0,0.0018203134171124707,1.0,0.0,1194,0.0
19,Belgium,,2021-02-04,718847,21260,0,698495,908,0,0.00129993772324784,1.0,0.0,908,0.0
20,Belgium,,2021-02-24,760809,21988,0,739549,728,0,0.0009843837257571845,1.0,0.0,728,0.0
21,Belgium,,2021-03-16,813026,22572,0,791038,584,0,0.0007382704749961443,1.0,0.0,584,0.0
22,Belgium,,2021-04-05,902964,23202,0,880392,630,0,0.0007155903279448246,1.0,0.0,630,0.0
23,Belgium,,2021-04-25,974418,24024,0,951216,822,0,0.0008641570368875208,1.0,0.0,822,0.0
24,Belgium,,2021-05-15,1030071,24686,0,1006047,662,0,0.0006580209473314865,1.0,0.0,662,0.0
25,Belgium,,2021-06-04,1068406,25014,0,1043720,328,0,0.0003142605296439658,1.0,0.0,328,0.0
26,Belgium,,2021-06-24,1081908,25152,0,1056894,138,0,0.00013057127772510773,1.0,0.0,138,0.0
27,Belgium,,2021-07-14,1100616,25207,0,1075464,55,0,5.1140716937061586e-05,1.0,0.0,55,0.0
28,Belgium,,2021-08-03,1130758,25251,0,1105551,44,0,3.979915897140883e-05,1.0,0.0,44,0.0
29,Belgium,,2021-08-08,1136726,25268,0,1111475,17,0,1.5294990890483367e-05,1.0,0.0,17,0.0
