Index,Region,Subregion,Stage,Confirmed,Deaths,Recovered,Stage_Confirmed,Stage_Deaths,Stage_Recovered,Stage_Treated%,Stage_Deaths%,Stage_Recovered%,Stage_Treated,Recovered_Change
2,Brazil,,2020-03-01,2,0,0,2,0,0,0.0,,,0,
3,Brazil,,2020-03-21,1021,15,2,1021,15,2,0.01665034280117532,0.8823529411764706,0.11764705882352941,17,
4,Brazil,,2020-04-10,19638,1057,173,19621,1042,171,0.06182151776158198,0.8590272052761748,0.14097279472382523,1213,0.023325735900295824
5,Brazil,,2020-04-30,87187,6006,35935,85957,4949,35762,0.4736205311958305,0.121564196408833,0.878435803591167,40711,0.7374630088673417
6,Brazil,,2020-05-20,291579,18859,116683,249638,12853,80748,0.37494692314471356,0.1373169090073824,0.8626830909926176,93601,-0.01575271259854938
7,Brazil,,2020-06-09,739503,38406,396737,603961,19547,280054,0.49606017607097147,0.06524344044245513,0.9347565595575449,299601,0.07207346856492725
8,Brazil,,2020-06-29,1368195,58314,757811,933052,19908,361074,0.40831807873516157,0.05225443721750634,0.9477455627824937,380982,0.01298900322494878
9,Brazil,,2020-07-19,2098389,79488,1459072,1282264,21174,701261,0.5634058197063944,0.029309211209312947,0.970690788790687,722435,0.022945226008193376
10,Brazil,,2020-08-08,3012412,100477,2321537,1473852,20989,862465,0.5994183947913359,0.023757886658501745,0.9762421133414982,883454,0.005551324550811199
11,Brazil,,2020-08-28,3804803,119504,3158783,1382789,19027,837246,0.6192361958332038,0.02222071699095966,0.9777792830090404,856273,0.0015371696675421376
12,Brazil,,2020-09-17,4455386,134935,3873934,1177099,15431,715151,0.6206631727662669,0.021121516818098447,0.9788784831819015,730582,0.0010992001728611367
13,Brazil,,2020-10-07,5000694,148228,4457172,991825,13293,583238,0.6014478360597888,0.022283837721761318,0.9777161622782387,596531,-0.0011623209036628612
14,Brazil,,2020-10-27,5439641,157946,4914733,834241,9718,457561,0.5601247121635115,0.020796997083113087,0.9792030029168869,467279,0.0014868406386482347
15,Brazil,,2020-11-16,5876464,166014,5335498,803785,8068,420765,0.5335170474691615,0.018813850613175757,0.9811861493868242,428833,0.001983146469937358
16,Brazil,,2020-12-06,6603540,176941,5866657,1102028,10927,531159,0.4918985724500648,0.020157318211501497,0.9798426817884985,542086,-0.0013434675983257094
17,Brazil,,2020-12-26,7465806,190795,6654189,1422208,13854,787532,0.5634801660516605,0.01728754932080171,0.9827124506791983,801386,0.0028697688906997865
18,Brazil,,2021-01-15,8393492,208246,7438075,1548508,17451,783886,0.5174897385095847,0.021777354596131216,0.9782226454038688,801337,-0.004489805275329495
19,Brazil,,2021-02-04,9396293,228795,8366197,1749972,20549,928122,0.5421063879879221,0.02166082867506227,0.9783391713249378,948671,0.00011652592106892179
20,Brazil,,2021-02-24,10324463,249957,9214337,1729471,21162,848140,0.5026404027589939,0.024343668828554405,0.9756563311714456,869302,-0.002682840153492183
21,Brazil,,2021-03-16,11603535,282127,10261154,2139241,32170,1046817,0.504378422066518,0.02981500240503361,0.9701849975949663,1078987,-0.00547133357647922
22,Brazil,,2021-04-05,13013601,332752,11405558,2470320,50625,1144404,0.4837547362285048,0.04236298868060943,0.9576370113193906,1195029,-0.01254798627557574
23,Brazil,,2021-04-25,14340787,390797,12614559,2602477,58045,1209001,0.4868615553566852,0.04581128072698229,0.9541887192730177,1267046,-0.0034482920463728695
24,Brazil,,2021-05-15,15586534,434715,13710822,2581178,43918,1096263,0.44172893151886466,0.03851844575554232,0.9614815542444577,1140181,0.007292834971439954
25,Brazil,,2021-06-04,16841408,470842,14868994,2695871,36127,1158172,0.44301044078147656,0.030249543874691347,0.9697504561253086,1194299,0.008268901880850943
26,Brazil,,2021-06-24,18243483,509141,16038230,2903647,38299,1169236,0.4158683889605038,0.03171667901965575,0.9682833209803443,1207535,-0.0014671351449643266
27,Brazil,,2021-07-08,18962762,530179,16796161,2415391,21038,757931,0.32250223669790934,0.027007493237856707,0.9729925067621433,778969,0.004709185781799019
