Index,Region,Subregion,Stage,Confirmed,Deaths,Recovered,Stage_Confirmed,Stage_Deaths,Stage_Recovered,Stage_Treated%,Stage_Deaths%,Stage_Recovered%,Stage_Treated,Recovered_Change
3,Burkina Faso,,2020-03-21,64,2,5,64,2,5,0.109375,0.2857142857142857,0.7142857142857143,7,
4,Burkina Faso,,2020-04-10,443,24,146,436,22,141,0.3738532110091743,0.13496932515337423,0.8650306748466258,163,0.15074496056091147
5,Burkina Faso,,2020-04-30,645,43,506,475,19,360,0.7978947368421052,0.05013192612137203,0.9498680738786279,379,0.08483739903200216
6,Burkina Faso,,2020-05-20,809,52,661,260,9,155,0.6307692307692307,0.054878048780487805,0.9451219512195121,164,-0.004746122659115781
7,Burkina Faso,,2020-06-09,891,53,765,178,1,104,0.5898876404494382,0.009523809523809525,0.9904761904761905,105,0.045354239256678364
8,Burkina Faso,,2020-06-29,959,53,830,141,0,65,0.46099290780141844,0.0,1.0,65,0.00952380952380949
9,Burkina Faso,,2020-07-19,1052,53,901,169,0,71,0.42011834319526625,0.0,1.0,71,0.0
10,Burkina Faso,,2020-08-08,1175,54,974,221,1,73,0.334841628959276,0.013513513513513514,0.9864864864864865,74,-0.013513513513513487
11,Burkina Faso,,2020-08-28,1352,55,1058,324,1,84,0.2623456790123457,0.011764705882352941,0.9882352941176471,85,0.0017488076311605871
12,Burkina Faso,,2020-09-17,1767,56,1166,654,1,108,0.16666666666666666,0.009174311926605505,0.9908256880733946,109,0.00259039395574745
13,Burkina Faso,,2020-10-07,2222,59,1478,1000,3,312,0.315,0.009523809523809525,0.9904761904761905,315,-0.0003494975972040404
14,Burkina Faso,,2020-10-27,2466,67,2181,929,8,703,0.7653390742734123,0.011251758087201125,0.9887482419127989,711,-0.0017279485633916458
15,Burkina Faso,,2020-11-16,2652,68,2454,404,1,273,0.6782178217821783,0.0036496350364963502,0.9963503649635036,274,0.007602123050704734
16,Burkina Faso,,2020-12-06,3212,68,2711,690,0,257,0.372463768115942,0.0,1.0,257,0.0036496350364964014
17,Burkina Faso,,2020-12-26,6255,77,4588,3476,9,1877,0.5425776754890679,0.004772004241781549,0.9952279957582184,1886,-0.004772004241781591
18,Burkina Faso,,2021-01-15,8882,97,7027,4217,20,2439,0.5831159592127104,0.008133387555917039,0.9918666124440829,2459,-0.003361383314135491
19,Burkina Faso,,2021-02-04,11053,132,9770,3929,35,2743,0.707050139984729,0.01259899208063355,0.9874010079193665,2778,-0.004465604524716449
20,Burkina Faso,,2021-02-24,11887,142,11320,1985,10,1550,0.7858942065491183,0.00641025641025641,0.9935897435897436,1560,0.0061887356703771434
21,Burkina Faso,,2021-03-16,12378,144,11974,916,2,654,0.7161572052401747,0.003048780487804878,0.9969512195121951,656,0.0033614759224515067
22,Burkina Faso,,2021-04-05,12825,150,12477,707,6,503,0.7199434229137199,0.011787819253438114,0.9882121807465619,509,-0.0087390387656332
23,Burkina Faso,,2021-04-25,13263,156,12937,636,6,460,0.7327044025157232,0.012875536480686695,0.9871244635193133,466,-0.0010877172272486524
24,Burkina Faso,,2021-05-15,13395,164,13199,302,8,262,0.8940397350993378,0.02962962962962963,0.9703703703703703,270,-0.01675409314894294
25,Burkina Faso,,2021-06-04,13447,167,13263,84,3,64,0.7976190476190477,0.04477611940298507,0.9552238805970149,67,-0.01514648977335542
26,Burkina Faso,,2021-06-24,13474,168,13295,44,1,32,0.75,0.030303030303030304,0.9696969696969697,33,0.014473089099954817
27,Burkina Faso,,2021-07-14,13527,169,13333,64,1,38,0.609375,0.02564102564102564,0.9743589743589743,39,0.004662004662004615
28,Burkina Faso,,2021-07-31,13573,169,13369,71,0,36,0.5070422535211268,0.0,1.0,36,0.02564102564102566
