Index,Region,Subregion,Stage,Confirmed,Deaths,Recovered,Stage_Confirmed,Stage_Deaths,Stage_Recovered,Stage_Treated%,Stage_Deaths%,Stage_Recovered%,Stage_Treated,Recovered_Change
1,India,,2020-02-10,3,0,0,3,0,0,0.0,,,0,
2,India,,2020-03-01,3,0,3,3,0,3,1.0,0.0,1.0,3,
3,India,,2020-03-21,330,4,23,327,4,20,0.07339449541284404,0.16666666666666666,0.8333333333333334,24,-0.16666666666666663
4,India,,2020-04-10,7598,246,774,7571,242,751,0.1311583674547616,0.24370594159113795,0.756294058408862,993,-0.07703927492447138
5,India,,2020-04-30,34863,1154,9068,33843,908,8294,0.2719026091067577,0.09867420126059552,0.9013257987394044,9202,0.14503174033054245
6,India,,2020-05-20,112028,3434,45422,101806,2280,36354,0.3794864742746007,0.05901537505823886,0.9409846249417612,38634,0.03965882620235672
7,India,,2020-06-09,276146,7750,134670,227290,4316,89248,0.4116503145760922,0.04612885297764097,0.953871147022359,93564,0.012886522080597818
8,India,,2020-06-29,566840,16893,334822,424420,9143,200152,0.4931318034022902,0.04368475118851382,0.9563152488114862,209295,0.00244410178912724
9,India,,2020-07-19,1118206,27497,700087,766491,10604,365265,0.49037627317215726,0.02821195682538331,0.9717880431746166,375869,0.015472794363130427
10,India,,2020-08-08,2153010,43379,1480884,1425426,15882,780797,0.5589058990084368,0.019935256232434896,0.9800647437675651,796679,0.008276700592948494
11,India,,2020-08-28,3463972,62550,2648998,1939709,19171,1168114,0.6120943914783094,0.016146923442981256,0.9838530765570187,1187285,0.0037883327894535634
12,India,,2020-09-17,5214677,84372,4112551,2503129,21822,1463553,0.5934072914340411,0.014691239585963141,0.9853087604140368,1485375,0.0014556838570181085
13,India,,2020-10-07,6835655,105526,5827704,2638732,21154,1715153,0.6580080887335281,0.012183329330584972,0.987816670669415,1736307,0.0025079102553782207
14,India,,2020-10-27,7990322,120010,7259509,2057092,14484,1431805,0.7030745343426545,0.010014595976322852,0.9899854040236772,1446289,0.0021687333542621534
15,India,,2020-11-16,8873541,130503,8289073,1494022,10493,1029564,0.6961457060203933,0.010088870129233301,0.9899111298707667,1040057,-7.427415291050288e-05
16,India,,2020-12-06,9677203,140573,9139901,1257627,10070,850828,0.6845416009675365,0.011697088389100684,0.9883029116108993,860898,-0.0016082182598673445
17,India,,2020-12-26,10187850,147622,9761538,907376,7049,621637,0.6928616141489305,0.011212274489967965,0.988787725510032,628686,0.0004848138991326856
18,India,,2021-01-15,10542841,152093,10179715,633681,4471,418177,0.6669728143971494,0.010578542900948307,0.9894214570990517,422648,0.0006337315890196926
19,India,,2021-02-04,10802591,154823,10496308,470783,2730,316593,0.678280651595321,0.008549337191495757,0.9914506628085042,319323,0.0020292057094525306
20,India,,2021-02-24,11046914,156705,10738501,395783,1882,242193,0.6166889431835122,0.007710744648161426,0.9922892553518385,244075,0.0008385925433342933
21,India,,2021-03-16,11438734,159044,11045284,543528,2339,306783,0.5687324296080423,0.007566591831056993,0.992433408168943,309122,0.00014415281710444816
22,India,,2021-04-05,12686049,165547,11732279,1481721,6503,686995,0.4680354803637122,0.009377099861859731,0.9906229001381402,693498,-0.0018105080308027377
23,India,,2021-04-25,17313163,195123,14304382,5415337,29576,2572103,0.48042790319420564,0.011368043482689447,0.9886319565173105,2601679,-0.0019909436208297437
24,India,,2021-05-15,24684077,270284,20795335,10184572,75161,6490953,0.6447118249053568,0.011446800954110757,0.9885531990458892,6566114,-7.875747142127576e-05
25,India,,2021-06-04,28694879,344082,26795549,7629260,73798,6000214,0.7961469395459062,0.012149794896684432,0.9878502051033156,6074012,-0.0007029939425736709
26,India,,2021-06-11,29274823,363079,27790073,2135192,18997,994524,0.474674408671445,0.018743568214176123,0.9812564317858239,1013521,-0.006593773317491669
