Index,Region,Subregion,Stage,Confirmed,Deaths,Recovered,Stage_Confirmed,Stage_Deaths,Stage_Recovered,Stage_Treated%,Stage_Deaths%,Stage_Recovered%,Stage_Treated,Recovered_Change
3,Mauritania,,2020-03-21,2,0,0,2,0,0,0.0,,,0,
4,Mauritania,,2020-04-10,7,1,2,7,1,2,0.42857142857142855,0.3333333333333333,0.6666666666666666,3,
5,Mauritania,,2020-04-30,8,1,6,5,0,4,0.8,0.0,1.0,4,0.33333333333333337
6,Mauritania,,2020-05-20,141,4,7,134,3,1,0.029850746268656716,0.75,0.25,4,-0.75
7,Mauritania,,2020-06-09,1162,61,139,1151,57,132,0.16420503909643788,0.30158730158730157,0.6984126984126984,189,0.4484126984126984
8,Mauritania,,2020-06-29,4237,128,1497,4037,67,1358,0.35298488976963094,0.047017543859649125,0.9529824561403509,1425,0.25456975772765256
9,Mauritania,,2020-07-19,5873,155,3436,4248,27,1939,0.4628060263653484,0.013733468972533061,0.986266531027467,1966,0.033284074887116044
10,Mauritania,,2020-08-08,6510,157,5527,2919,2,2091,0.7170263788968825,0.0009555661729574773,0.9990444338270426,2093,0.01277790279957558
11,Mauritania,,2020-08-28,7012,158,6407,1328,1,880,0.6634036144578314,0.0011350737797956867,0.9988649262202043,881,-0.0001795076068382695
12,Mauritania,,2020-09-17,7346,161,6865,781,3,458,0.5902688860435339,0.006507592190889371,0.9934924078091106,461,-0.005372518411093652
13,Mauritania,,2020-10-07,7535,162,7212,509,1,347,0.6836935166994106,0.0028735632183908046,0.9971264367816092,348,0.0036340289724985375
14,Mauritania,,2020-10-27,7680,163,7392,306,1,180,0.5915032679738562,0.0055248618784530384,0.994475138121547,181,-0.0026512986600621957
15,Mauritania,,2020-11-16,7979,165,7536,424,2,144,0.3443396226415094,0.0136986301369863,0.9863013698630136,146,-0.008173768258533332
16,Mauritania,,2020-12-06,9516,188,7849,1815,23,313,0.18512396694214875,0.06845238095238096,0.9315476190476191,336,-0.054753750815394575
17,Mauritania,,2020-12-26,13516,321,10065,5479,133,2216,0.4287278700492791,0.05661983822903363,0.9433801617709664,2349,0.011832542723347328
18,Mauritania,,2020-12-28,13778,330,10568,3392,9,503,0.1509433962264151,0.017578125,0.982421875,512,0.0390417132290336
