Index,Region,Subregion,Stage,Confirmed,Deaths,Recovered,Stage_Confirmed,Stage_Deaths,Stage_Recovered,Stage_Treated%,Stage_Deaths%,Stage_Recovered%,Stage_Treated,Recovered_Change
3,Trinidad and Tobago,,2020-03-21,49,0,1,49,0,1,0.02040816326530612,0.0,1.0,1,
4,Trinidad and Tobago,,2020-04-10,109,8,1,108,8,0,0.07407407407407407,1.0,0.0,8,-1.0
5,Trinidad and Tobago,,2020-04-30,116,8,72,107,0,71,0.6635514018691588,0.0,1.0,71,1.0
6,Trinidad and Tobago,,2020-05-20,116,8,107,36,0,35,0.9722222222222222,0.0,1.0,35,0.0
7,Trinidad and Tobago,,2020-06-09,117,8,109,2,0,2,1.0,0.0,1.0,2,0.0
8,Trinidad and Tobago,,2020-06-29,126,8,109,9,0,0,0.0,,,0,
9,Trinidad and Tobago,,2020-07-19,137,8,124,20,0,15,0.75,0.0,1.0,15,
10,Trinidad and Tobago,,2020-08-08,275,8,135,143,0,11,0.07692307692307693,0.0,1.0,11,0.0
11,Trinidad and Tobago,,2020-08-28,1554,19,628,1411,11,493,0.3571934798015592,0.021825396825396824,0.9781746031746031,504,-0.02182539682539686
12,Trinidad and Tobago,,2020-09-17,3434,60,1469,2787,41,841,0.31646932185145316,0.046485260770975055,0.953514739229025,882,-0.024659863945578175
13,Trinidad and Tobago,,2020-10-07,4887,84,3010,3358,24,1541,0.46605122096486,0.015335463258785943,0.984664536741214,1565,0.031149797512189048
14,Trinidad and Tobago,,2020-10-27,5568,106,4186,2474,22,1176,0.48423605497170574,0.018363939899833055,0.9816360601001669,1198,-0.0030284766410471065
15,Trinidad and Tobago,,2020-11-16,6096,112,5440,1804,6,1254,0.6984478935698448,0.004761904761904762,0.9952380952380953,1260,0.013602035137928348
16,Trinidad and Tobago,,2020-12-06,6767,122,5937,1215,10,497,0.41728395061728396,0.01972386587771203,0.980276134122288,507,-0.014961961115807276
17,Trinidad and Tobago,,2020-12-10,6833,122,6060,774,0,123,0.15891472868217055,0.0,1.0,123,0.01972386587771202
