Index,Region,Subregion,Stage,Confirmed,Deaths,Recovered,Stage_Confirmed,Stage_Deaths,Stage_Recovered,Stage_Treated%,Stage_Deaths%,Stage_Recovered%,Stage_Treated,Recovered_Change
178,Netherlands,Limburg,2020-07-17,4885,751,0,4885,751,0,0.15373592630501534,1.0,0.0,751,
179,Netherlands,Limburg,2020-07-18,4890,752,0,4139,1,0,0.00024160425223483932,1.0,0.0,1,0.0
180,Netherlands,Limburg,2020-07-19,4891,752,0,4139,0,0,0.0,,,0,
181,Netherlands,Limburg,2020-07-20,4891,752,0,4139,0,0,0.0,,,0,
182,Netherlands,Limburg,2020-07-21,4898,753,0,4146,1,0,0.000241196333815726,1.0,0.0,1,
183,Netherlands,Limburg,2020-07-22,4899,753,0,4146,0,0,0.0,,,0,
184,Netherlands,Limburg,2020-07-23,4899,753,0,4146,0,0,0.0,,,0,
185,Netherlands,Limburg,2020-07-24,4903,753,0,4150,0,0,0.0,,,0,
186,Netherlands,Limburg,2020-07-25,4906,753,0,4153,0,0,0.0,,,0,
187,Netherlands,Limburg,2020-07-26,4906,753,0,4153,0,0,0.0,,,0,
188,Netherlands,Limburg,2020-07-27,4912,753,0,4159,0,0,0.0,,,0,
189,Netherlands,Limburg,2020-07-28,4914,754,0,4161,1,0,0.0002403268445085316,1.0,0.0,1,
190,Netherlands,Limburg,2020-07-29,4917,754,0,4163,0,0,0.0,,,0,
191,Netherlands,Limburg,2020-07-30,4921,754,0,4167,0,0,0.0,,,0,
192,Netherlands,Limburg,2020-07-31,4923,754,0,4169,0,0,0.0,,,0,
193,Netherlands,Limburg,2020-08-01,4930,754,0,4176,0,0,0.0,,,0,
194,Netherlands,Limburg,2020-08-02,4933,754,0,4179,0,0,0.0,,,0,
195,Netherlands,Limburg,2020-08-03,4938,754,0,4184,0,0,0.0,,,0,
196,Netherlands,Limburg,2020-08-04,4942,754,0,4188,0,0,0.0,,,0,
197,Netherlands,Limburg,2020-08-05,4949,754,0,4195,0,0,0.0,,,0,
198,Netherlands,Limburg,2020-08-06,4951,754,0,4197,0,0,0.0,,,0,
199,Netherlands,Limburg,2020-08-07,4960,754,0,4206,0,0,0.0,,,0,
200,Netherlands,Limburg,2020-08-08,4967,754,0,4213,0,0,0.0,,,0,
201,Netherlands,Limburg,2020-08-09,4984,754,0,4230,0,0,0.0,,,0,
202,Netherlands,Limburg,2020-08-10,4996,754,0,4242,0,0,0.0,,,0,
203,Netherlands,Limburg,2020-08-11,5017,754,0,4263,0,0,0.0,,,0,
204,Netherlands,Limburg,2020-08-12,5030,754,0,4276,0,0,0.0,,,0,
205,Netherlands,Limburg,2020-08-13,5047,754,0,4293,0,0,0.0,,,0,
206,Netherlands,Limburg,2020-08-14,5065,754,0,4311,0,0,0.0,,,0,
207,Netherlands,Limburg,2020-08-15,5101,754,0,4347,0,0,0.0,,,0,
208,Netherlands,Limburg,2020-08-16,5122,754,0,4368,0,0,0.0,,,0,
209,Netherlands,Limburg,2020-08-17,5128,754,0,4374,0,0,0.0,,,0,
210,Netherlands,Limburg,2020-08-18,5139,754,0,4385,0,0,0.0,,,0,
211,Netherlands,Limburg,2020-08-19,5152,754,0,4398,0,0,0.0,,,0,
212,Netherlands,Limburg,2020-08-20,5175,754,0,4421,0,0,0.0,,,0,
213,Netherlands,Limburg,2020-08-21,5198,754,0,4444,0,0,0.0,,,0,
214,Netherlands,Limburg,2020-08-22,5221,755,0,4467,1,0,0.00022386389075442132,1.0,0.0,1,
215,Netherlands,Limburg,2020-08-23,5249,755,0,4494,0,0,0.0,,,0,
216,Netherlands,Limburg,2020-08-24,5268,755,0,4513,0,0,0.0,,,0,
217,Netherlands,Limburg,2020-08-25,5293,755,0,4538,0,0,0.0,,,0,
218,Netherlands,Limburg,2020-08-26,5317,755,0,4562,0,0,0.0,,,0,
219,Netherlands,Limburg,2020-08-27,5339,755,0,4584,0,0,0.0,,,0,
220,Netherlands,Limburg,2020-08-28,5357,755,0,4602,0,0,0.0,,,0,
221,Netherlands,Limburg,2020-08-29,5383,756,0,4628,1,0,0.000216076058772688,1.0,0.0,1,
222,Netherlands,Limburg,2020-08-30,5400,756,0,4644,0,0,0.0,,,0,
223,Netherlands,Limburg,2020-08-31,5424,756,0,4668,0,0,0.0,,,0,
224,Netherlands,Limburg,2020-09-01,5443,756,0,4687,0,0,0.0,,,0,
225,Netherlands,Limburg,2020-09-02,5466,756,0,4710,0,0,0.0,,,0,
226,Netherlands,Limburg,2020-09-03,5483,756,0,4727,0,0,0.0,,,0,
227,Netherlands,Limburg,2020-09-04,5509,757,0,4753,1,0,0.00021039343572480537,1.0,0.0,1,
228,Netherlands,Limburg,2020-09-05,5531,757,0,4774,0,0,0.0,,,0,
229,Netherlands,Limburg,2020-09-06,5556,757,0,4799,0,0,0.0,,,0,
230,Netherlands,Limburg,2020-09-07,5574,757,0,4817,0,0,0.0,,,0,
231,Netherlands,Limburg,2020-09-08,5592,757,0,4835,0,0,0.0,,,0,
232,Netherlands,Limburg,2020-09-09,5618,757,0,4861,0,0,0.0,,,0,
233,Netherlands,Limburg,2020-09-10,5649,758,0,4892,1,0,0.0002044153720359771,1.0,0.0,1,
234,Netherlands,Limburg,2020-09-11,5685,758,0,4927,0,0,0.0,,,0,
235,Netherlands,Limburg,2020-09-12,5722,758,0,4964,0,0,0.0,,,0,
236,Netherlands,Limburg,2020-09-13,5760,758,0,5002,0,0,0.0,,,0,
237,Netherlands,Limburg,2020-09-14,5794,758,0,5036,0,0,0.0,,,0,
238,Netherlands,Limburg,2020-09-15,5819,758,0,5061,0,0,0.0,,,0,
239,Netherlands,Limburg,2020-09-16,5852,758,0,5094,0,0,0.0,,,0,
240,Netherlands,Limburg,2020-09-17,5900,759,0,5142,1,0,0.00019447685725398678,1.0,0.0,1,
241,Netherlands,Limburg,2020-09-18,5932,759,0,5173,0,0,0.0,,,0,
242,Netherlands,Limburg,2020-09-19,5990,760,0,5231,1,0,0.00019116803670426305,1.0,0.0,1,
243,Netherlands,Limburg,2020-09-20,6028,760,0,5268,0,0,0.0,,,0,
244,Netherlands,Limburg,2020-09-21,6067,760,0,5307,0,0,0.0,,,0,
245,Netherlands,Limburg,2020-09-22,6104,760,0,5344,0,0,0.0,,,0,
246,Netherlands,Limburg,2020-09-23,6167,760,0,5407,0,0,0.0,,,0,
247,Netherlands,Limburg,2020-09-24,6222,760,0,5462,0,0,0.0,,,0,
248,Netherlands,Limburg,2020-09-25,6292,761,0,5532,1,0,0.00018076644974692697,1.0,0.0,1,
249,Netherlands,Limburg,2020-09-26,6344,761,0,5583,0,0,0.0,,,0,
250,Netherlands,Limburg,2020-09-27,6428,761,0,5667,0,0,0.0,,,0,
251,Netherlands,Limburg,2020-09-28,6428,761,0,5667,0,0,0.0,,,0,
252,Netherlands,Limburg,2020-09-29,6428,761,0,5667,0,0,0.0,,,0,
253,Netherlands,Limburg,2020-09-30,6699,763,0,5938,2,0,0.0003368137420006736,1.0,0.0,2,
254,Netherlands,Limburg,2020-10-01,6802,764,0,6039,1,0,0.00016559032952475575,1.0,0.0,1,0.0
255,Netherlands,Limburg,2020-10-02,6889,764,0,6125,0,0,0.0,,,0,
256,Netherlands,Limburg,2020-10-03,7001,765,0,6237,1,0,0.000160333493666827,1.0,0.0,1,
257,Netherlands,Limburg,2020-10-04,7144,765,0,6379,0,0,0.0,,,0,
258,Netherlands,Limburg,2020-10-05,7144,765,0,6379,0,0,0.0,,,0,
259,Netherlands,Limburg,2020-10-06,7376,766,0,6611,1,0,0.00015126304643775526,1.0,0.0,1,
260,Netherlands,Limburg,2020-10-07,7535,768,0,6769,2,0,0.0002954646181119811,1.0,0.0,2,0.0
261,Netherlands,Limburg,2020-10-08,7714,769,0,6946,1,0,0.00014396775122372588,1.0,0.0,1,0.0
262,Netherlands,Limburg,2020-10-09,7872,769,0,7103,0,0,0.0,,,0,
263,Netherlands,Limburg,2020-10-10,8138,769,0,7369,0,0,0.0,,,0,
264,Netherlands,Limburg,2020-10-11,8394,769,0,7625,0,0,0.0,,,0,
265,Netherlands,Limburg,2020-10-12,8671,770,0,7902,1,0,0.00012655024044545685,1.0,0.0,1,
266,Netherlands,Limburg,2020-10-13,8909,771,0,8139,1,0,0.00012286521685710776,1.0,0.0,1,0.0
267,Netherlands,Limburg,2020-10-14,9190,773,0,8419,2,0,0.0002375579047392802,1.0,0.0,2,0.0
268,Netherlands,Limburg,2020-10-15,9430,773,0,8657,0,0,0.0,,,0,
269,Netherlands,Limburg,2020-10-16,9706,774,0,8933,1,0,0.00011194447554013209,1.0,0.0,1,
270,Netherlands,Limburg,2020-10-17,10057,776,0,9283,2,0,0.00021544759237315523,1.0,0.0,2,0.0
271,Netherlands,Limburg,2020-10-18,10448,776,0,9672,0,0,0.0,,,0,
272,Netherlands,Limburg,2020-10-19,10798,776,0,10022,0,0,0.0,,,0,
273,Netherlands,Limburg,2020-10-20,11090,778,0,10314,2,0,0.00019391118867558658,1.0,0.0,2,
274,Netherlands,Limburg,2020-10-21,11409,778,0,10631,0,0,0.0,,,0,
275,Netherlands,Limburg,2020-10-22,11828,779,0,11050,1,0,9.049773755656108e-05,1.0,0.0,1,
276,Netherlands,Limburg,2020-10-23,12249,781,0,11470,2,0,0.0001743679163034002,1.0,0.0,2,0.0
277,Netherlands,Limburg,2020-10-24,12596,787,0,11815,6,0,0.0005078290308929327,1.0,0.0,6,0.0
278,Netherlands,Limburg,2020-10-25,13006,788,0,12219,1,0,8.183975775431704e-05,1.0,0.0,1,0.0
279,Netherlands,Limburg,2020-10-26,13650,789,0,12862,1,0,7.774840615767377e-05,1.0,0.0,1,0.0
280,Netherlands,Limburg,2020-10-27,14078,792,0,13289,3,0,0.00022575062081420724,1.0,0.0,3,0.0
281,Netherlands,Limburg,2020-10-28,14391,793,0,13599,1,0,7.353481873667182e-05,1.0,0.0,1,0.0
282,Netherlands,Limburg,2020-10-29,14761,793,0,13968,0,0,0.0,,,0,
283,Netherlands,Limburg,2020-10-30,15169,795,0,14376,2,0,0.0001391207568169171,1.0,0.0,2,
284,Netherlands,Limburg,2020-10-31,15610,796,0,14815,1,0,6.749915626054674e-05,1.0,0.0,1,0.0
285,Netherlands,Limburg,2020-11-01,16041,798,0,15245,2,0,0.00013119055428009185,1.0,0.0,2,0.0
286,Netherlands,Limburg,2020-11-02,16399,800,0,15601,2,0,0.00012819691045445804,1.0,0.0,2,0.0
287,Netherlands,Limburg,2020-11-03,16710,804,0,15910,4,0,0.000251414204902577,1.0,0.0,4,0.0
288,Netherlands,Limburg,2020-11-04,17093,806,0,16289,2,0,0.00012278224568727363,1.0,0.0,2,0.0
289,Netherlands,Limburg,2020-11-05,17538,814,0,16732,8,0,0.0004781257470714798,1.0,0.0,8,0.0
290,Netherlands,Limburg,2020-11-06,17947,815,0,17133,1,0,5.836689429755443e-05,1.0,0.0,1,0.0
291,Netherlands,Limburg,2020-11-07,18279,816,0,17464,1,0,5.7260650480989464e-05,1.0,0.0,1,0.0
292,Netherlands,Limburg,2020-11-08,18607,819,0,17791,3,0,0.00016862458546456073,1.0,0.0,3,0.0
293,Netherlands,Limburg,2020-11-09,18878,820,0,18059,1,0,5.537405171936431e-05,1.0,0.0,1,0.0
294,Netherlands,Limburg,2020-11-10,19119,821,0,18299,1,0,5.4647794961473305e-05,1.0,0.0,1,0.0
295,Netherlands,Limburg,2020-11-11,19426,823,0,18605,2,0,0.00010749798441279227,1.0,0.0,2,0.0
296,Netherlands,Limburg,2020-11-12,19740,828,0,18917,5,0,0.00026431252312734575,1.0,0.0,5,0.0
297,Netherlands,Limburg,2020-11-13,20027,829,0,19199,1,0,5.2086046148236886e-05,1.0,0.0,1,0.0
298,Netherlands,Limburg,2020-11-14,20409,840,0,19580,11,0,0.0005617977528089888,1.0,0.0,11,0.0
299,Netherlands,Limburg,2020-11-15,20736,840,0,19896,0,0,0.0,,,0,
300,Netherlands,Limburg,2020-11-16,20987,842,0,20147,2,0,9.927036283317616e-05,1.0,0.0,2,
301,Netherlands,Limburg,2020-11-17,21253,842,0,20411,0,0,0.0,,,0,
302,Netherlands,Limburg,2020-11-18,21586,842,0,20744,0,0,0.0,,,0,
303,Netherlands,Limburg,2020-11-19,21860,845,0,21018,3,0,0.00014273479874393378,1.0,0.0,3,
304,Netherlands,Limburg,2020-11-20,22102,851,0,21257,6,0,0.0002822599614244719,1.0,0.0,6,0.0
305,Netherlands,Limburg,2020-11-21,22455,853,0,21604,2,0,9.257544899092761e-05,1.0,0.0,2,0.0
306,Netherlands,Limburg,2020-11-22,22764,855,0,21911,2,0,9.127835333850577e-05,1.0,0.0,2,0.0
307,Netherlands,Limburg,2020-11-23,23075,856,0,22220,1,0,4.5004500450045e-05,1.0,0.0,1,0.0
308,Netherlands,Limburg,2020-11-24,23325,862,0,22469,6,0,0.0002670345809782367,1.0,0.0,6,0.0
309,Netherlands,Limburg,2020-11-25,23536,865,0,22674,3,0,0.00013231013495633765,1.0,0.0,3,0.0
310,Netherlands,Limburg,2020-11-26,23830,866,0,22965,1,0,4.3544524276072285e-05,1.0,0.0,1,0.0
311,Netherlands,Limburg,2020-11-27,24187,870,0,23321,4,0,0.00017151923159384246,1.0,0.0,4,0.0
312,Netherlands,Limburg,2020-11-28,24465,880,0,23595,10,0,0.0004238186056367875,1.0,0.0,10,0.0
313,Netherlands,Limburg,2020-11-29,24802,881,0,23922,1,0,4.18025248725023e-05,1.0,0.0,1,0.0
314,Netherlands,Limburg,2020-11-30,25123,884,0,24242,3,0,0.0001237521656628991,1.0,0.0,3,0.0
315,Netherlands,Limburg,2020-12-01,25471,885,0,24587,1,0,4.067189978443893e-05,1.0,0.0,1,0.0
316,Netherlands,Limburg,2020-12-02,25774,891,0,24889,6,0,0.00024107035236449839,1.0,0.0,6,0.0
317,Netherlands,Limburg,2020-12-03,26131,893,0,25240,2,0,7.92393026941363e-05,1.0,0.0,2,0.0
318,Netherlands,Limburg,2020-12-04,26508,897,0,25615,4,0,0.00015615850087839157,1.0,0.0,4,0.0
319,Netherlands,Limburg,2020-12-05,26940,902,0,26043,5,0,0.0001919901701032907,1.0,0.0,5,0.0
320,Netherlands,Limburg,2020-12-06,27473,904,0,26571,2,0,7.527003123706296e-05,1.0,0.0,2,0.0
321,Netherlands,Limburg,2020-12-07,28038,907,0,27134,3,0,0.00011056239404437237,1.0,0.0,3,0.0
322,Netherlands,Limburg,2020-12-08,28510,910,0,27603,3,0,0.00010868383871318335,1.0,0.0,3,0.0
323,Netherlands,Limburg,2020-12-09,29035,910,0,28125,0,0,0.0,,,0,
324,Netherlands,Limburg,2020-12-10,29684,912,0,28774,2,0,6.950719399457844e-05,1.0,0.0,2,
325,Netherlands,Limburg,2020-12-11,30411,914,0,29499,2,0,6.779890843757415e-05,1.0,0.0,2,0.0
326,Netherlands,Limburg,2020-12-12,31194,925,0,30280,11,0,0.0003632760898282695,1.0,0.0,11,0.0
327,Netherlands,Limburg,2020-12-13,32102,928,0,31177,3,0,9.622478108862303e-05,1.0,0.0,3,0.0
328,Netherlands,Limburg,2020-12-14,32805,930,0,31877,2,0,6.274116133889639e-05,1.0,0.0,2,0.0
329,Netherlands,Limburg,2020-12-15,33484,937,0,32554,7,0,0.00021502733919026847,1.0,0.0,7,0.0
330,Netherlands,Limburg,2020-12-16,34255,939,0,33318,2,0,6.002761270184285e-05,1.0,0.0,2,0.0
331,Netherlands,Limburg,2020-12-17,35488,940,0,34549,1,0,2.8944397811803524e-05,1.0,0.0,1,0.0
332,Netherlands,Limburg,2020-12-18,36322,942,0,35382,2,0,5.6525917133005484e-05,1.0,0.0,2,0.0
333,Netherlands,Limburg,2020-12-19,37451,947,0,36509,5,0,0.00013695253225232134,1.0,0.0,5,0.0
334,Netherlands,Limburg,2020-12-20,38477,953,0,37530,6,0,0.0001598721023181455,1.0,0.0,6,0.0
335,Netherlands,Limburg,2020-12-21,39450,955,0,38497,2,0,5.195210016364912e-05,1.0,0.0,2,0.0
336,Netherlands,Limburg,2020-12-22,40377,959,0,39422,4,0,0.0001014661863933844,1.0,0.0,4,0.0
337,Netherlands,Limburg,2020-12-23,41469,966,0,40510,7,0,0.00017279684028634904,1.0,0.0,7,0.0
338,Netherlands,Limburg,2020-12-24,42416,980,0,41450,14,0,0.00033775633293124245,1.0,0.0,14,0.0
339,Netherlands,Limburg,2020-12-25,43249,986,0,42269,6,0,0.000141947999716104,1.0,0.0,6,0.0
340,Netherlands,Limburg,2020-12-26,43898,992,0,42912,6,0,0.00013982102908277405,1.0,0.0,6,0.0
341,Netherlands,Limburg,2020-12-27,44925,997,0,43933,5,0,0.00011380966471672774,1.0,0.0,5,0.0
342,Netherlands,Limburg,2020-12-28,45557,997,0,44560,0,0,0.0,,,0,
343,Netherlands,Limburg,2020-12-29,46196,1002,0,45199,5,0,0.00011062191641407995,1.0,0.0,5,
344,Netherlands,Limburg,2020-12-30,46773,1013,0,45771,11,0,0.0002403268445085316,1.0,0.0,11,0.0
345,Netherlands,Limburg,2020-12-31,47476,1023,0,46463,10,0,0.00021522501775606397,1.0,0.0,10,0.0
346,Netherlands,Limburg,2021-01-01,47994,1026,0,46971,3,0,6.386919588682378e-05,1.0,0.0,3,0.0
347,Netherlands,Limburg,2021-01-02,48732,1030,0,47706,4,0,8.384689556869156e-05,1.0,0.0,4,0.0
348,Netherlands,Limburg,2021-01-03,49390,1037,0,48360,7,0,0.00014474772539288668,1.0,0.0,7,0.0
349,Netherlands,Limburg,2021-01-04,49840,1044,0,48803,7,0,0.00014343380529885459,1.0,0.0,7,0.0
350,Netherlands,Limburg,2021-01-05,50348,1059,0,49304,15,0,0.0003042349505111147,1.0,0.0,15,0.0
351,Netherlands,Limburg,2021-01-06,50979,1114,0,49920,55,0,0.0011017628205128205,1.0,0.0,55,0.0
352,Netherlands,Limburg,2021-01-07,51574,1115,0,50460,1,0,1.9817677368212444e-05,1.0,0.0,1,0.0
353,Netherlands,Limburg,2021-01-08,52195,1119,0,51080,4,0,7.830853563038371e-05,1.0,0.0,4,0.0
354,Netherlands,Limburg,2021-01-09,52864,1148,0,51745,29,0,0.0005604406222823461,1.0,0.0,29,0.0
355,Netherlands,Limburg,2021-01-10,53481,1150,0,52333,2,0,3.821680392868744e-05,1.0,0.0,2,0.0
356,Netherlands,Limburg,2021-01-11,54180,1151,0,53030,1,0,1.8857250612860646e-05,1.0,0.0,1,0.0
357,Netherlands,Limburg,2021-01-12,54719,1168,0,53568,17,0,0.00031735364396654717,1.0,0.0,17,0.0
358,Netherlands,Limburg,2021-01-13,55229,1172,0,54061,4,0,7.39904922217495e-05,1.0,0.0,4,0.0
359,Netherlands,Limburg,2021-01-14,55830,1179,0,54658,7,0,0.00012806908412309268,1.0,0.0,7,0.0
360,Netherlands,Limburg,2021-01-15,56253,1188,0,55074,9,0,0.00016341649417147836,1.0,0.0,9,0.0
361,Netherlands,Limburg,2021-01-16,56808,1203,0,55620,15,0,0.00026968716289104636,1.0,0.0,15,0.0
362,Netherlands,Limburg,2021-01-17,57471,1205,0,56268,2,0,3.5544181417501956e-05,1.0,0.0,2,0.0
363,Netherlands,Limburg,2021-01-18,57991,1211,0,56786,6,0,0.00010565984573662522,1.0,0.0,6,0.0
364,Netherlands,Limburg,2021-01-19,58415,1222,0,57204,11,0,0.0001922942451576813,1.0,0.0,11,0.0
365,Netherlands,Limburg,2021-01-20,58855,1228,0,57633,6,0,0.00010410702201863516,1.0,0.0,6,0.0
366,Netherlands,Limburg,2021-01-21,59346,1231,0,58118,3,0,5.1619119721945006e-05,1.0,0.0,3,0.0
367,Netherlands,Limburg,2021-01-22,59830,1235,0,58599,4,0,6.826055052133995e-05,1.0,0.0,4,0.0
368,Netherlands,Limburg,2021-01-23,60358,1252,0,59123,17,0,0.0002875361534428226,1.0,0.0,17,0.0
369,Netherlands,Limburg,2021-01-24,60819,1258,0,59567,6,0,0.00010072691255225209,1.0,0.0,6,0.0
370,Netherlands,Limburg,2021-01-25,61190,1264,0,59932,6,0,0.00010011346192351331,1.0,0.0,6,0.0
371,Netherlands,Limburg,2021-01-26,61530,1270,0,60266,6,0,9.955862343609996e-05,1.0,0.0,6,0.0
372,Netherlands,Limburg,2021-01-27,61856,1272,0,60586,2,0,3.301092661671013e-05,1.0,0.0,2,0.0
373,Netherlands,Limburg,2021-01-28,62276,1279,0,61004,7,0,0.00011474657399514786,1.0,0.0,7,0.0
374,Netherlands,Limburg,2021-01-29,62652,1283,0,61373,4,0,6.517523992635198e-05,1.0,0.0,4,0.0
375,Netherlands,Limburg,2021-01-30,63045,1292,0,61762,9,0,0.00014572066966743306,1.0,0.0,9,0.0
376,Netherlands,Limburg,2021-01-31,63411,1293,0,62119,1,0,1.609813422624318e-05,1.0,0.0,1,0.0
377,Netherlands,Limburg,2021-02-01,63760,1298,0,62467,5,0,8.004226231450206e-05,1.0,0.0,5,0.0
378,Netherlands,Limburg,2021-02-02,64051,1308,0,62753,10,0,0.00015935493123834718,1.0,0.0,10,0.0
379,Netherlands,Limburg,2021-02-03,64414,1310,0,63106,2,0,3.169270750800241e-05,1.0,0.0,2,0.0
380,Netherlands,Limburg,2021-02-04,64796,1314,0,63486,4,0,6.300601707463062e-05,1.0,0.0,4,0.0
381,Netherlands,Limburg,2021-02-05,65170,1317,0,63856,3,0,4.698070658982711e-05,1.0,0.0,3,0.0
382,Netherlands,Limburg,2021-02-06,65529,1327,0,64212,10,0,0.00015573413069208246,1.0,0.0,10,0.0
383,Netherlands,Limburg,2021-02-07,65854,1328,0,64527,1,0,1.5497388690005733e-05,1.0,0.0,1,0.0
