Index,Region,Subregion,Stage,Confirmed,Deaths,Recovered,Stage_Confirmed,Stage_Deaths,Stage_Recovered,Stage_Treated%,Stage_Deaths%,Stage_Recovered%,Stage_Treated,Recovered_Change
1,China,Beijing,2020-01-26,68,,2,68,,2,,,,,
2,China,Beijing,2020-01-31,139,1,5,,,3,,,,,
3,China,Beijing,2020-02-05,253,1,24,247,0,19,0.07692307692307693,0.0,1.0,19,
4,China,Beijing,2020-02-10,337,2,44,312,1,20,0.0673076923076923,0.047619047619047616,0.9523809523809523,21,-0.04761904761904767
5,China,Beijing,2020-02-15,375,4,98,329,2,54,0.1702127659574468,0.03571428571428571,0.9642857142857143,56,0.011904761904761973
6,China,Beijing,2020-02-20,395,4,153,293,0,55,0.18771331058020477,0.0,1.0,55,0.0357142857142857
7,China,Beijing,2020-02-25,400,4,215,243,0,62,0.2551440329218107,0.0,1.0,62,0.0
8,China,Beijing,2020-03-01,413,8,276,194,4,61,0.33505154639175255,0.06153846153846154,0.9384615384615385,65,-0.06153846153846154
9,China,Beijing,2020-03-06,422,8,299,138,0,23,0.16666666666666666,0.0,1.0,23,0.06153846153846154
10,China,Beijing,2020-03-11,435,8,326,128,0,27,0.2109375,0.0,1.0,27,0.0
11,China,Beijing,2020-03-16,452,8,360,118,0,34,0.288135593220339,0.0,1.0,34,0.0
12,China,Beijing,2020-03-21,504,8,396,136,0,36,0.2647058823529412,0.0,1.0,36,0.0
13,China,Beijing,2020-03-26,566,8,406,162,0,10,0.06172839506172839,0.0,1.0,10,0.0
14,China,Beijing,2020-03-31,580,8,418,166,0,12,0.07228915662650602,0.0,1.0,12,0.0
15,China,Beijing,2020-04-05,586,8,441,160,0,23,0.14375,0.0,1.0,23,0.0
16,China,Beijing,2020-04-10,588,8,469,139,0,28,0.2014388489208633,0.0,1.0,28,0.0
17,China,Beijing,2020-04-15,590,8,495,113,0,26,0.23008849557522124,0.0,1.0,26,0.0
18,China,Beijing,2020-04-20,593,8,514,90,0,19,0.2111111111111111,0.0,1.0,19,0.0
19,China,Beijing,2020-04-25,593,8,525,71,0,11,0.15492957746478872,0.0,1.0,11,0.0
20,China,Beijing,2020-04-30,593,9,547,60,1,22,0.38333333333333336,0.043478260869565216,0.9565217391304348,23,-0.04347826086956519
21,China,Beijing,2020-05-05,593,9,555,37,0,8,0.21621621621621623,0.0,1.0,8,0.04347826086956519
22,China,Beijing,2020-05-10,593,9,568,29,0,13,0.4482758620689655,0.0,1.0,13,0.0
23,China,Beijing,2020-05-15,593,9,576,16,0,8,0.5,0.0,1.0,8,0.0
24,China,Beijing,2020-05-20,593,9,578,8,0,2,0.25,0.0,1.0,2,0.0
25,China,Beijing,2020-05-25,593,9,581,6,0,3,0.5,0.0,1.0,3,0.0
26,China,Beijing,2020-05-30,593,9,581,3,0,0,0.0,,,0,
27,China,Beijing,2020-06-04,594,9,583,4,0,2,0.5,0.0,1.0,2,
28,China,Beijing,2020-06-09,594,9,584,2,0,1,0.5,0.0,1.0,1,0.0
29,China,Beijing,2020-06-14,673,9,584,80,0,0,0.0,,,0,
30,China,Beijing,2020-06-19,777,9,584,184,0,0,0.0,,,0,
31,China,Beijing,2020-06-24,863,9,584,270,0,0,0.0,,,0,
32,China,Beijing,2020-06-29,919,9,586,326,0,2,0.006134969325153374,0.0,1.0,2,
33,China,Beijing,2020-07-04,928,9,595,333,0,9,0.02702702702702703,0.0,1.0,9,0.0
34,China,Beijing,2020-07-09,929,9,645,325,0,50,0.15384615384615385,0.0,1.0,50,0.0
35,China,Beijing,2020-07-14,929,9,729,275,0,84,0.3054545454545455,0.0,1.0,84,0.0
36,China,Beijing,2020-07-19,929,9,752,191,0,23,0.12041884816753927,0.0,1.0,23,0.0
37,China,Beijing,2020-07-24,929,9,867,168,0,115,0.6845238095238095,0.0,1.0,115,0.0
38,China,Beijing,2020-07-29,933,9,901,57,0,34,0.5964912280701754,0.0,1.0,34,0.0
39,China,Beijing,2020-08-03,933,9,918,23,0,17,0.7391304347826086,0.0,1.0,17,0.0
40,China,Beijing,2020-08-08,935,9,920,8,0,2,0.25,0.0,1.0,2,0.0
41,China,Beijing,2020-08-13,935,9,922,6,0,2,0.3333333333333333,0.0,1.0,2,0.0
42,China,Beijing,2020-08-18,935,9,924,4,0,2,0.5,0.0,1.0,2,0.0
43,China,Beijing,2020-08-23,935,9,924,2,0,0,0.0,,,0,
44,China,Beijing,2020-08-28,935,9,926,2,0,2,1.0,0.0,1.0,2,
45,China,Beijing,2020-09-02,935,9,926,0,0,0,,,,0,
46,China,Beijing,2020-09-07,935,9,926,0,0,0,,,,0,
47,China,Beijing,2020-09-12,935,9,926,0,0,0,,,,0,
48,China,Beijing,2020-09-17,935,9,926,0,0,0,,,,0,
49,China,Beijing,2020-09-22,935,9,926,0,0,0,,,,0,
50,China,Beijing,2020-09-27,936,9,926,1,0,0,0.0,,,0,
51,China,Beijing,2020-10-02,936,9,926,1,0,0,0.0,,,0,
52,China,Beijing,2020-10-07,936,9,926,1,0,0,0.0,,,0,
53,China,Beijing,2020-10-12,937,9,927,2,0,1,0.5,0.0,1.0,1,
54,China,Beijing,2020-10-17,937,9,927,1,0,0,0.0,,,0,
55,China,Beijing,2020-10-22,938,9,928,2,0,1,0.5,0.0,1.0,1,
56,China,Beijing,2020-10-27,941,9,928,4,0,0,0.0,,,0,
57,China,Beijing,2020-11-01,942,9,929,5,0,1,0.2,0.0,1.0,1,
58,China,Beijing,2020-11-06,945,9,929,7,0,0,0.0,,,0,
59,China,Beijing,2020-11-11,947,9,931,9,0,2,0.2222222222222222,0.0,1.0,2,
60,China,Beijing,2020-11-16,947,9,933,7,0,2,0.2857142857142857,0.0,1.0,2,0.0
61,China,Beijing,2020-11-21,949,9,936,7,0,3,0.42857142857142855,0.0,1.0,3,0.0
62,China,Beijing,2020-11-26,950,9,937,5,0,1,0.2,0.0,1.0,1,0.0
63,China,Beijing,2020-12-01,951,9,938,5,0,1,0.2,0.0,1.0,1,0.0
64,China,Beijing,2020-12-06,952,9,939,5,0,1,0.2,0.0,1.0,1,0.0
65,China,Beijing,2020-12-11,952,9,939,4,0,0,0.0,,,0,
66,China,Beijing,2020-12-16,957,9,940,9,0,1,0.1111111111111111,0.0,1.0,1,
67,China,Beijing,2020-12-21,961,9,940,12,0,0,0.0,,,0,
68,China,Beijing,2020-12-26,971,9,941,22,0,1,0.045454545454545456,0.0,1.0,1,
69,China,Beijing,2020-12-31,987,9,944,37,0,3,0.08108108108108109,0.0,1.0,3,0.0
70,China,Beijing,2021-01-05,994,9,945,41,0,1,0.024390243902439025,0.0,1.0,1,0.0
71,China,Beijing,2021-01-10,997,9,951,43,0,6,0.13953488372093023,0.0,1.0,6,0.0
72,China,Beijing,2021-01-15,1001,9,957,41,0,6,0.14634146341463414,0.0,1.0,6,0.0
73,China,Beijing,2021-01-20,1017,9,964,51,0,7,0.13725490196078433,0.0,1.0,7,0.0
74,China,Beijing,2021-01-25,1030,9,968,57,0,4,0.07017543859649122,0.0,1.0,4,0.0
75,China,Beijing,2021-01-30,1036,9,977,59,0,9,0.15254237288135594,0.0,1.0,9,0.0
76,China,Beijing,2021-02-04,1044,9,980,58,0,3,0.05172413793103448,0.0,1.0,3,0.0
77,China,Beijing,2021-02-09,1046,9,994,57,0,14,0.24561403508771928,0.0,1.0,14,0.0
78,China,Beijing,2021-02-14,1046,9,1003,43,0,9,0.20930232558139536,0.0,1.0,9,0.0
79,China,Beijing,2021-02-19,1046,9,1012,34,0,9,0.2647058823529412,0.0,1.0,9,0.0
80,China,Beijing,2021-02-24,1047,9,1022,26,0,10,0.38461538461538464,0.0,1.0,10,0.0
81,China,Beijing,2021-03-01,1049,9,1024,18,0,2,0.1111111111111111,0.0,1.0,2,0.0
82,China,Beijing,2021-03-06,1049,9,1032,16,0,8,0.5,0.0,1.0,8,0.0
83,China,Beijing,2021-03-11,1049,9,1033,8,0,1,0.125,0.0,1.0,1,0.0
84,China,Beijing,2021-03-16,1049,9,1037,7,0,4,0.5714285714285714,0.0,1.0,4,0.0
85,China,Beijing,2021-03-21,1049,9,1037,3,0,0,0.0,,,0,
86,China,Beijing,2021-03-26,1049,9,1037,3,0,0,0.0,,,0,
87,China,Beijing,2021-03-31,1049,9,1037,3,0,0,0.0,,,0,
88,China,Beijing,2021-04-05,1052,9,1038,6,0,1,0.16666666666666666,0.0,1.0,1,
89,China,Beijing,2021-04-10,1056,9,1038,9,0,0,0.0,,,0,
90,China,Beijing,2021-04-15,1057,9,1038,10,0,0,0.0,,,0,
91,China,Beijing,2021-04-20,1057,9,1038,10,0,0,0.0,,,0,
92,China,Beijing,2021-04-25,1057,9,1039,10,0,1,0.1,0.0,1.0,1,
93,China,Beijing,2021-04-30,1057,9,1041,9,0,2,0.2222222222222222,0.0,1.0,2,0.0
94,China,Beijing,2021-05-05,1057,9,1045,7,0,4,0.5714285714285714,0.0,1.0,4,0.0
95,China,Beijing,2021-05-10,1057,9,1046,3,0,1,0.3333333333333333,0.0,1.0,1,0.0
96,China,Beijing,2021-05-15,1057,9,1046,2,0,0,0.0,,,0,
97,China,Beijing,2021-05-20,1057,9,1046,2,0,0,0.0,,,0,
98,China,Beijing,2021-05-25,1058,9,1046,3,0,0,0.0,,,0,
99,China,Beijing,2021-05-30,1059,9,1046,4,0,0,0.0,,,0,
100,China,Beijing,2021-06-02,1060,9,1046,5,0,0,0.0,,,0,
