Index,Region,Subregion,Stage,Confirmed,Deaths,Recovered,Stage_Confirmed,Stage_Deaths,Stage_Recovered,Stage_Treated%,Stage_Deaths%,Stage_Recovered%,Stage_Treated,Recovered_Change
1,China,Hebei,2020-01-26,13,1,,13,1,,,,,,
2,China,Hebei,2020-01-31,82,1,,,0,,,,,,
3,China,Hebei,2020-02-05,135,1,6,,0,,,,,,
4,China,Hebei,2020-02-10,218,2,41,211,1,35,0.17061611374407584,0.027777777777777776,0.9722222222222222,36,
5,China,Hebei,2020-02-15,291,3,101,248,1,60,0.24596774193548387,0.01639344262295082,0.9836065573770492,61,0.011384335154826952
6,China,Hebei,2020-02-20,307,5,169,203,2,68,0.3448275862068966,0.02857142857142857,0.9714285714285714,70,-0.012177985948477743
7,China,Hebei,2020-02-25,311,6,248,137,1,79,0.583941605839416,0.0125,0.9875,80,0.016071428571428625
8,China,Hebei,2020-03-01,318,6,294,64,0,46,0.71875,0.0,1.0,46,0.012499999999999956
9,China,Hebei,2020-03-06,318,6,305,18,0,11,0.6111111111111112,0.0,1.0,11,0.0
10,China,Hebei,2020-03-11,318,6,307,7,0,2,0.2857142857142857,0.0,1.0,2,0.0
11,China,Hebei,2020-03-16,318,6,310,5,0,3,0.6,0.0,1.0,3,0.0
12,China,Hebei,2020-03-21,318,6,310,2,0,0,0.0,,,0,
13,China,Hebei,2020-03-26,319,6,310,3,0,0,0.0,,,0,
14,China,Hebei,2020-03-31,321,6,310,5,0,0,0.0,,,0,
15,China,Hebei,2020-04-05,327,6,310,11,0,0,0.0,,,0,
16,China,Hebei,2020-04-10,327,6,313,11,0,3,0.2727272727272727,0.0,1.0,3,
17,China,Hebei,2020-04-15,327,6,314,8,0,1,0.125,0.0,1.0,1,0.0
18,China,Hebei,2020-04-20,328,6,317,8,0,3,0.375,0.0,1.0,3,0.0
19,China,Hebei,2020-04-25,328,6,318,5,0,1,0.2,0.0,1.0,1,0.0
20,China,Hebei,2020-04-30,328,6,318,4,0,0,0.0,,,0,
21,China,Hebei,2020-05-05,328,6,320,4,0,2,0.5,0.0,1.0,2,
22,China,Hebei,2020-05-10,328,6,321,2,0,1,0.5,0.0,1.0,1,0.0
23,China,Hebei,2020-05-15,328,6,321,1,0,0,0.0,,,0,
24,China,Hebei,2020-05-20,328,6,322,1,0,1,1.0,0.0,1.0,1,
25,China,Hebei,2020-05-25,328,6,322,0,0,0,,,,0,
26,China,Hebei,2020-05-30,328,6,322,0,0,0,,,,0,
27,China,Hebei,2020-06-04,328,6,322,0,0,0,,,,0,
28,China,Hebei,2020-06-09,328,6,322,0,0,0,,,,0,
29,China,Hebei,2020-06-14,331,6,322,3,0,0,0.0,,,0,
30,China,Hebei,2020-06-19,340,6,322,12,0,0,0.0,,,0,
31,China,Hebei,2020-06-24,349,6,323,21,0,1,0.047619047619047616,0.0,1.0,1,
32,China,Hebei,2020-06-29,349,6,334,20,0,11,0.55,0.0,1.0,11,0.0
33,China,Hebei,2020-07-04,349,6,337,9,0,3,0.3333333333333333,0.0,1.0,3,0.0
34,China,Hebei,2020-07-09,349,6,339,6,0,2,0.3333333333333333,0.0,1.0,2,0.0
35,China,Hebei,2020-07-14,349,6,340,4,0,1,0.25,0.0,1.0,1,0.0
36,China,Hebei,2020-07-19,349,6,340,3,0,0,0.0,,,0,
37,China,Hebei,2020-07-24,349,6,342,3,0,2,0.6666666666666666,0.0,1.0,2,
38,China,Hebei,2020-07-29,349,6,343,1,0,1,1.0,0.0,1.0,1,0.0
39,China,Hebei,2020-08-03,349,6,343,0,0,0,,,,0,
40,China,Hebei,2020-08-08,349,6,343,0,0,0,,,,0,
41,China,Hebei,2020-08-13,351,6,343,2,0,0,0.0,,,0,
42,China,Hebei,2020-08-18,351,6,343,2,0,0,0.0,,,0,
43,China,Hebei,2020-08-23,359,6,343,10,0,0,0.0,,,0,
44,China,Hebei,2020-08-28,362,6,343,13,0,0,0.0,,,0,
45,China,Hebei,2020-09-02,365,6,347,16,0,4,0.25,0.0,1.0,4,
46,China,Hebei,2020-09-07,365,6,355,12,0,8,0.6666666666666666,0.0,1.0,8,0.0
47,China,Hebei,2020-09-12,365,6,355,4,0,0,0.0,,,0,
48,China,Hebei,2020-09-17,365,6,356,4,0,1,0.25,0.0,1.0,1,
49,China,Hebei,2020-09-22,365,6,357,3,0,1,0.3333333333333333,0.0,1.0,1,0.0
50,China,Hebei,2020-09-27,365,6,358,2,0,1,0.5,0.0,1.0,1,0.0
51,China,Hebei,2020-10-02,365,6,358,1,0,0,0.0,,,0,
52,China,Hebei,2020-10-07,365,6,358,1,0,0,0.0,,,0,
53,China,Hebei,2020-10-12,367,6,358,3,0,0,0.0,,,0,
54,China,Hebei,2020-10-17,368,6,358,4,0,0,0.0,,,0,
55,China,Hebei,2020-10-22,368,6,359,4,0,1,0.25,0.0,1.0,1,
56,China,Hebei,2020-10-27,372,6,359,7,0,0,0.0,,,0,
57,China,Hebei,2020-11-01,373,6,359,8,0,0,0.0,,,0,
58,China,Hebei,2020-11-06,373,6,360,8,0,1,0.125,0.0,1.0,1,
59,China,Hebei,2020-11-11,373,6,361,7,0,1,0.14285714285714285,0.0,1.0,1,0.0
60,China,Hebei,2020-11-16,373,6,363,6,0,2,0.3333333333333333,0.0,1.0,2,0.0
61,China,Hebei,2020-11-21,373,6,363,4,0,0,0.0,,,0,
62,China,Hebei,2020-11-26,373,6,366,4,0,3,0.75,0.0,1.0,3,
63,China,Hebei,2020-12-01,373,6,366,1,0,0,0.0,,,0,
64,China,Hebei,2020-12-06,373,6,367,1,0,1,1.0,0.0,1.0,1,
65,China,Hebei,2020-12-11,373,6,367,0,0,0,,,,0,
66,China,Hebei,2020-12-16,373,6,367,0,0,0,,,,0,
67,China,Hebei,2020-12-21,373,6,367,0,0,0,,,,0,
68,China,Hebei,2020-12-26,373,6,367,0,0,0,,,,0,
69,China,Hebei,2020-12-31,373,6,367,0,0,0,,,,0,
70,China,Hebei,2021-01-05,412,6,367,39,0,0,0.0,,,0,
71,China,Hebei,2021-01-10,640,6,367,267,0,0,0.0,,,0,
72,China,Hebei,2021-01-15,1031,7,379,658,1,12,0.019756838905775075,0.07692307692307693,0.9230769230769231,13,
73,China,Hebei,2021-01-20,1231,7,395,845,0,16,0.01893491124260355,0.0,1.0,16,0.07692307692307687
74,China,Hebei,2021-01-25,1299,7,514,897,0,119,0.1326644370122631,0.0,1.0,119,0.0
75,China,Hebei,2021-01-30,1312,7,868,791,0,354,0.4475347661188369,0.0,1.0,354,0.0
76,China,Hebei,2021-02-04,1316,7,1117,441,0,249,0.564625850340136,0.0,1.0,249,0.0
77,China,Hebei,2021-02-09,1316,7,1119,192,0,2,0.010416666666666666,0.0,1.0,2,0.0
78,China,Hebei,2021-02-14,1317,7,1157,191,0,38,0.19895287958115182,0.0,1.0,38,0.0
79,China,Hebei,2021-02-19,1317,7,1162,153,0,5,0.032679738562091505,0.0,1.0,5,0.0
80,China,Hebei,2021-02-24,1317,7,1247,148,0,85,0.5743243243243243,0.0,1.0,85,0.0
81,China,Hebei,2021-03-01,1317,7,1301,63,0,54,0.8571428571428571,0.0,1.0,54,0.0
82,China,Hebei,2021-03-06,1317,7,1310,9,0,9,1.0,0.0,1.0,9,0.0
83,China,Hebei,2021-03-11,1317,7,1310,0,0,0,,,,0,
84,China,Hebei,2021-03-16,1317,7,1310,0,0,0,,,,0,
85,China,Hebei,2021-03-21,1317,7,1310,0,0,0,,,,0,
86,China,Hebei,2021-03-25,1317,7,1310,0,0,0,,,,0,
