Index,Region,Subregion,Stage,Confirmed,Deaths,Recovered,Stage_Confirmed,Stage_Deaths,Stage_Recovered,Stage_Treated%,Stage_Deaths%,Stage_Recovered%,Stage_Treated,Recovered_Change
1,China,Heilongjiang,2020-01-26,15,1,,15,1,,,,,,
2,China,Heilongjiang,2020-01-31,59,2,,,1,,,,,,
3,China,Heilongjiang,2020-02-05,190,2,7,,0,,,,,,
4,China,Heilongjiang,2020-02-10,331,7,30,322,5,23,0.08695652173913043,0.17857142857142858,0.8214285714285714,28,
5,China,Heilongjiang,2020-02-15,425,11,68,388,4,38,0.10824742268041238,0.09523809523809523,0.9047619047619048,42,0.08333333333333337
6,China,Heilongjiang,2020-02-20,476,12,136,397,1,68,0.17380352644836272,0.014492753623188406,0.9855072463768116,69,0.08074534161490687
7,China,Heilongjiang,2020-02-25,480,12,243,332,0,107,0.32228915662650603,0.0,1.0,107,0.01449275362318836
8,China,Heilongjiang,2020-03-01,480,13,342,225,1,99,0.4444444444444444,0.01,0.99,100,-0.010000000000000009
9,China,Heilongjiang,2020-03-06,481,13,396,126,0,54,0.42857142857142855,0.0,1.0,54,0.010000000000000009
10,China,Heilongjiang,2020-03-11,482,13,436,73,0,40,0.547945205479452,0.0,1.0,40,0.0
11,China,Heilongjiang,2020-03-16,482,13,455,33,0,19,0.5757575757575758,0.0,1.0,19,0.0
12,China,Heilongjiang,2020-03-21,484,13,463,16,0,8,0.5,0.0,1.0,8,0.0
13,China,Heilongjiang,2020-03-26,484,13,469,8,0,6,0.75,0.0,1.0,6,0.0
14,China,Heilongjiang,2020-03-31,484,13,469,2,0,0,0.0,,,0,
15,China,Heilongjiang,2020-04-05,504,13,469,22,0,0,0.0,,,0,
16,China,Heilongjiang,2020-04-10,638,13,470,156,0,1,0.00641025641025641,0.0,1.0,1,
17,China,Heilongjiang,2020-04-15,841,13,470,358,0,0,0.0,,,0,
18,China,Heilongjiang,2020-04-20,905,13,472,422,0,2,0.004739336492890996,0.0,1.0,2,
19,China,Heilongjiang,2020-04-25,935,13,511,450,0,39,0.08666666666666667,0.0,1.0,39,0.0
20,China,Heilongjiang,2020-04-30,944,13,587,420,0,76,0.18095238095238095,0.0,1.0,76,0.0
21,China,Heilongjiang,2020-05-05,944,13,758,344,0,171,0.49709302325581395,0.0,1.0,171,0.0
22,China,Heilongjiang,2020-05-10,945,13,904,174,0,146,0.8390804597701149,0.0,1.0,146,0.0
23,China,Heilongjiang,2020-05-15,945,13,931,28,0,27,0.9642857142857143,0.0,1.0,27,0.0
24,China,Heilongjiang,2020-05-20,945,13,932,1,0,1,1.0,0.0,1.0,1,0.0
25,China,Heilongjiang,2020-05-25,945,13,932,0,0,0,,,,0,
26,China,Heilongjiang,2020-05-30,945,13,932,0,0,0,,,,0,
27,China,Heilongjiang,2020-06-04,947,13,934,2,0,2,1.0,0.0,1.0,2,
28,China,Heilongjiang,2020-06-09,947,13,934,0,0,0,,,,0,
29,China,Heilongjiang,2020-06-14,947,13,934,0,0,0,,,,0,
30,China,Heilongjiang,2020-06-19,947,13,934,0,0,0,,,,0,
31,China,Heilongjiang,2020-06-24,947,13,934,0,0,0,,,,0,
32,China,Heilongjiang,2020-06-29,947,13,934,0,0,0,,,,0,
33,China,Heilongjiang,2020-07-04,947,13,934,0,0,0,,,,0,
34,China,Heilongjiang,2020-07-09,947,13,934,0,0,0,,,,0,
35,China,Heilongjiang,2020-07-14,947,13,934,0,0,0,,,,0,
36,China,Heilongjiang,2020-07-19,947,13,934,0,0,0,,,,0,
37,China,Heilongjiang,2020-07-24,947,13,934,0,0,0,,,,0,
38,China,Heilongjiang,2020-07-29,947,13,934,0,0,0,,,,0,
39,China,Heilongjiang,2020-08-03,947,13,934,0,0,0,,,,0,
40,China,Heilongjiang,2020-08-08,947,13,934,0,0,0,,,,0,
41,China,Heilongjiang,2020-08-13,948,13,934,1,0,0,0.0,,,0,
42,China,Heilongjiang,2020-08-18,948,13,934,1,0,0,0.0,,,0,
43,China,Heilongjiang,2020-08-23,948,13,934,1,0,0,0.0,,,0,
44,China,Heilongjiang,2020-08-28,948,13,934,1,0,0,0.0,,,0,
45,China,Heilongjiang,2020-09-02,948,13,935,1,0,1,1.0,0.0,1.0,1,
46,China,Heilongjiang,2020-09-07,948,13,935,0,0,0,,,,0,
47,China,Heilongjiang,2020-09-12,948,13,935,0,0,0,,,,0,
48,China,Heilongjiang,2020-09-17,948,13,935,0,0,0,,,,0,
49,China,Heilongjiang,2020-09-22,948,13,935,0,0,0,,,,0,
50,China,Heilongjiang,2020-09-27,948,13,935,0,0,0,,,,0,
51,China,Heilongjiang,2020-10-02,948,13,935,0,0,0,,,,0,
52,China,Heilongjiang,2020-10-07,948,13,935,0,0,0,,,,0,
53,China,Heilongjiang,2020-10-12,948,13,935,0,0,0,,,,0,
54,China,Heilongjiang,2020-10-17,948,13,935,0,0,0,,,,0,
55,China,Heilongjiang,2020-10-22,948,13,935,0,0,0,,,,0,
56,China,Heilongjiang,2020-10-27,949,13,935,1,0,0,0.0,,,0,
57,China,Heilongjiang,2020-11-01,949,13,935,1,0,0,0.0,,,0,
58,China,Heilongjiang,2020-11-06,949,13,935,1,0,0,0.0,,,0,
59,China,Heilongjiang,2020-11-11,949,13,936,1,0,1,1.0,0.0,1.0,1,
60,China,Heilongjiang,2020-11-16,949,13,936,0,0,0,,,,0,
61,China,Heilongjiang,2020-11-21,949,13,936,0,0,0,,,,0,
62,China,Heilongjiang,2020-11-26,949,13,936,0,0,0,,,,0,
63,China,Heilongjiang,2020-12-01,949,13,936,0,0,0,,,,0,
64,China,Heilongjiang,2020-12-06,949,13,936,0,0,0,,,,0,
65,China,Heilongjiang,2020-12-11,951,13,936,2,0,0,0.0,,,0,
66,China,Heilongjiang,2020-12-16,960,13,936,11,0,0,0.0,,,0,
67,China,Heilongjiang,2020-12-21,961,13,936,12,0,0,0.0,,,0,
68,China,Heilongjiang,2020-12-26,961,13,939,12,0,3,0.25,0.0,1.0,3,
69,China,Heilongjiang,2020-12-31,964,13,942,12,0,3,0.25,0.0,1.0,3,0.0
70,China,Heilongjiang,2021-01-05,970,13,949,15,0,7,0.4666666666666667,0.0,1.0,7,0.0
71,China,Heilongjiang,2021-01-10,971,13,949,9,0,0,0.0,,,0,
72,China,Heilongjiang,2021-01-15,1097,13,952,135,0,3,0.022222222222222223,0.0,1.0,3,
73,China,Heilongjiang,2021-01-20,1227,13,955,262,0,3,0.011450381679389313,0.0,1.0,3,0.0
74,China,Heilongjiang,2021-01-25,1447,13,965,479,0,10,0.020876826722338204,0.0,1.0,10,0.0
75,China,Heilongjiang,2021-01-30,1561,13,1043,583,0,78,0.13379073756432247,0.0,1.0,78,0.0
76,China,Heilongjiang,2021-02-04,1606,13,1152,550,0,109,0.19818181818181818,0.0,1.0,109,0.0
77,China,Heilongjiang,2021-02-09,1609,13,1323,444,0,171,0.38513513513513514,0.0,1.0,171,0.0
78,China,Heilongjiang,2021-02-14,1609,13,1504,273,0,181,0.663003663003663,0.0,1.0,181,0.0
79,China,Heilongjiang,2021-02-19,1610,13,1576,93,0,72,0.7741935483870968,0.0,1.0,72,0.0
80,China,Heilongjiang,2021-02-24,1610,13,1593,21,0,17,0.8095238095238095,0.0,1.0,17,0.0
81,China,Heilongjiang,2021-03-01,1610,13,1597,4,0,4,1.0,0.0,1.0,4,0.0
82,China,Heilongjiang,2021-03-06,1610,13,1597,0,0,0,,,,0,
83,China,Heilongjiang,2021-03-11,1610,13,1597,0,0,0,,,,0,
84,China,Heilongjiang,2021-03-16,1610,13,1597,0,0,0,,,,0,
85,China,Heilongjiang,2021-03-21,1610,13,1597,0,0,0,,,,0,
86,China,Heilongjiang,2021-03-26,1610,13,1597,0,0,0,,,,0,
87,China,Heilongjiang,2021-03-31,1610,13,1597,0,0,0,,,,0,
88,China,Heilongjiang,2021-04-05,1610,13,1597,0,0,0,,,,0,
89,China,Heilongjiang,2021-04-10,1610,13,1597,0,0,0,,,,0,
90,China,Heilongjiang,2021-04-15,1610,13,1597,0,0,0,,,,0,
91,China,Heilongjiang,2021-04-20,1610,13,1597,0,0,0,,,,0,
92,China,Heilongjiang,2021-04-25,1610,13,1597,0,0,0,,,,0,
93,China,Heilongjiang,2021-04-30,1610,13,1597,0,0,0,,,,0,
94,China,Heilongjiang,2021-05-05,1610,13,1597,0,0,0,,,,0,
95,China,Heilongjiang,2021-05-10,1610,13,1597,0,0,0,,,,0,
96,China,Heilongjiang,2021-05-15,1610,13,1597,0,0,0,,,,0,
97,China,Heilongjiang,2021-05-20,1611,13,1597,1,0,0,0.0,,,0,
98,China,Heilongjiang,2021-05-25,1612,13,1597,2,0,0,0.0,,,0,
99,China,Heilongjiang,2021-05-30,1612,13,1597,2,0,0,0.0,,,0,
100,China,Heilongjiang,2021-06-04,1612,13,1598,2,0,1,0.5,0.0,1.0,1,
101,China,Heilongjiang,2021-06-09,1612,13,1599,1,0,1,1.0,0.0,1.0,1,0.0
102,China,Heilongjiang,2021-06-14,1612,13,1599,0,0,0,,,,0,
103,China,Heilongjiang,2021-06-19,1612,13,1599,0,0,0,,,,0,
104,China,Heilongjiang,2021-06-24,1612,13,1599,0,0,0,,,,0,
105,China,Heilongjiang,2021-06-29,1612,13,1599,0,0,0,,,,0,
106,China,Heilongjiang,2021-07-04,1612,13,1599,0,0,0,,,,0,
107,China,Heilongjiang,2021-07-09,1612,13,1599,0,0,0,,,,0,
108,China,Heilongjiang,2021-07-14,1612,13,1599,0,0,0,,,,0,
109,China,Heilongjiang,2021-07-19,1612,13,1599,0,0,0,,,,0,
110,China,Heilongjiang,2021-07-24,1612,13,1599,0,0,0,,,,0,
111,China,Heilongjiang,2021-07-29,1612,13,1599,0,0,0,,,,0,
112,China,Heilongjiang,2021-08-03,1612,13,1599,0,0,0,,,,0,
113,China,Heilongjiang,2021-08-08,1612,13,,0,0,,,,,,
