Index,Region,Subregion,Stage,Confirmed,Deaths,Recovered,Stage_Confirmed,Stage_Deaths,Stage_Recovered,Stage_Treated%,Stage_Deaths%,Stage_Recovered%,Stage_Treated,Recovered_Change
1,China,Shandong,2020-01-26,46,,,46,,,,,,,
2,China,Shandong,2020-01-31,184,,2,,,,,,,,
3,China,Shandong,2020-02-05,307,0,15,,,13,,,,,
4,China,Shandong,2020-02-10,466,1,66,451,1,51,0.11529933481152993,0.019230769230769232,0.9807692307692307,52,
5,China,Shandong,2020-02-15,532,2,156,465,1,90,0.1956989247311828,0.01098901098901099,0.989010989010989,91,0.008241758241758323
6,China,Shandong,2020-02-20,546,4,254,388,2,98,0.25773195876288657,0.02,0.98,100,-0.009010989010989068
7,China,Shandong,2020-02-25,756,6,355,498,2,101,0.20682730923694778,0.019417475728155338,0.9805825242718447,103,0.0005825242718446866
8,China,Shandong,2020-03-01,758,6,443,397,0,88,0.2216624685138539,0.0,1.0,88,0.01941747572815533
9,China,Shandong,2020-03-06,758,6,618,309,0,175,0.5663430420711975,0.0,1.0,175,0.0
10,China,Shandong,2020-03-11,760,6,726,136,0,108,0.7941176470588235,0.0,1.0,108,0.0
11,China,Shandong,2020-03-16,760,7,746,28,1,20,0.75,0.047619047619047616,0.9523809523809523,21,-0.04761904761904767
12,China,Shandong,2020-03-21,764,7,749,11,0,3,0.2727272727272727,0.0,1.0,3,0.04761904761904767
13,China,Shandong,2020-03-26,771,7,752,15,0,3,0.2,0.0,1.0,3,0.0
14,China,Shandong,2020-03-31,774,7,753,15,0,1,0.06666666666666667,0.0,1.0,1,0.0
15,China,Shandong,2020-04-05,779,7,755,19,0,2,0.10526315789473684,0.0,1.0,2,0.0
16,China,Shandong,2020-04-10,783,7,756,21,0,1,0.047619047619047616,0.0,1.0,1,0.0
17,China,Shandong,2020-04-15,784,7,761,21,0,5,0.23809523809523808,0.0,1.0,5,0.0
18,China,Shandong,2020-04-20,787,7,765,19,0,4,0.21052631578947367,0.0,1.0,4,0.0
19,China,Shandong,2020-04-25,787,7,767,15,0,2,0.13333333333333333,0.0,1.0,2,0.0
20,China,Shandong,2020-04-30,787,7,772,13,0,5,0.38461538461538464,0.0,1.0,5,0.0
21,China,Shandong,2020-05-05,788,7,775,9,0,3,0.3333333333333333,0.0,1.0,3,0.0
22,China,Shandong,2020-05-10,788,7,777,6,0,2,0.3333333333333333,0.0,1.0,2,0.0
23,China,Shandong,2020-05-15,788,7,780,4,0,3,0.75,0.0,1.0,3,0.0
24,China,Shandong,2020-05-20,788,7,780,1,0,0,0.0,,,0,
25,China,Shandong,2020-05-25,788,7,780,1,0,0,0.0,,,0,
26,China,Shandong,2020-05-30,792,7,780,5,0,0,0.0,,,0,
27,China,Shandong,2020-06-04,792,7,780,5,0,0,0.0,,,0,
28,China,Shandong,2020-06-09,792,7,781,5,0,1,0.2,0.0,1.0,1,
29,China,Shandong,2020-06-14,792,7,782,4,0,1,0.25,0.0,1.0,1,0.0
30,China,Shandong,2020-06-19,792,7,783,3,0,1,0.3333333333333333,0.0,1.0,1,0.0
31,China,Shandong,2020-06-24,792,7,785,2,0,2,1.0,0.0,1.0,2,0.0
32,China,Shandong,2020-06-29,792,7,785,0,0,0,,,,0,
33,China,Shandong,2020-07-04,792,7,785,0,0,0,,,,0,
34,China,Shandong,2020-07-09,792,7,785,0,0,0,,,,0,
35,China,Shandong,2020-07-14,793,7,785,1,0,0,0.0,,,0,
36,China,Shandong,2020-07-19,793,7,785,1,0,0,0.0,,,0,
37,China,Shandong,2020-07-24,798,7,785,6,0,0,0.0,,,0,
38,China,Shandong,2020-07-29,799,7,785,7,0,0,0.0,,,0,
39,China,Shandong,2020-08-03,804,7,786,12,0,1,0.08333333333333333,0.0,1.0,1,
40,China,Shandong,2020-08-08,806,7,788,13,0,2,0.15384615384615385,0.0,1.0,2,0.0
41,China,Shandong,2020-08-13,821,7,789,26,0,1,0.038461538461538464,0.0,1.0,1,0.0
42,China,Shandong,2020-08-18,823,7,793,27,0,4,0.14814814814814814,0.0,1.0,4,0.0
43,China,Shandong,2020-08-23,831,7,798,31,0,5,0.16129032258064516,0.0,1.0,5,0.0
44,China,Shandong,2020-08-28,831,7,806,26,0,8,0.3076923076923077,0.0,1.0,8,0.0
45,China,Shandong,2020-09-02,831,7,809,18,0,3,0.16666666666666666,0.0,1.0,3,0.0
46,China,Shandong,2020-09-07,831,7,811,15,0,2,0.13333333333333333,0.0,1.0,2,0.0
47,China,Shandong,2020-09-12,831,7,813,13,0,2,0.15384615384615385,0.0,1.0,2,0.0
48,China,Shandong,2020-09-17,831,7,813,11,0,0,0.0,,,0,
49,China,Shandong,2020-09-22,832,7,816,12,0,3,0.25,0.0,1.0,3,
50,China,Shandong,2020-09-27,832,7,822,9,0,6,0.6666666666666666,0.0,1.0,6,0.0
51,China,Shandong,2020-10-02,832,7,823,3,0,1,0.3333333333333333,0.0,1.0,1,0.0
52,China,Shandong,2020-10-07,832,7,823,2,0,0,0.0,,,0,
53,China,Shandong,2020-10-12,838,7,824,8,0,1,0.125,0.0,1.0,1,
54,China,Shandong,2020-10-17,845,7,825,14,0,1,0.07142857142857142,0.0,1.0,1,0.0
55,China,Shandong,2020-10-22,845,7,827,13,0,2,0.15384615384615385,0.0,1.0,2,0.0
56,China,Shandong,2020-10-27,846,7,829,12,0,2,0.16666666666666666,0.0,1.0,2,0.0
57,China,Shandong,2020-11-01,847,7,835,11,0,6,0.5454545454545454,0.0,1.0,6,0.0
58,China,Shandong,2020-11-06,848,7,839,6,0,4,0.6666666666666666,0.0,1.0,4,0.0
59,China,Shandong,2020-11-11,848,7,841,2,0,2,1.0,0.0,1.0,2,0.0
60,China,Shandong,2020-11-16,848,7,841,0,0,0,,,,0,
61,China,Shandong,2020-11-21,849,7,841,1,0,0,0.0,,,0,
62,China,Shandong,2020-11-26,849,7,841,1,0,0,0.0,,,0,
63,China,Shandong,2020-12-01,854,7,841,6,0,0,0.0,,,0,
64,China,Shandong,2020-12-06,857,7,841,9,0,0,0.0,,,0,
65,China,Shandong,2020-12-11,857,7,841,9,0,0,0.0,,,0,
66,China,Shandong,2020-12-16,859,7,841,11,0,0,0.0,,,0,
67,China,Shandong,2020-12-21,861,7,841,13,0,0,0.0,,,0,
68,China,Shandong,2020-12-26,861,7,844,13,0,3,0.23076923076923078,0.0,1.0,3,
69,China,Shandong,2020-12-31,862,7,847,11,0,3,0.2727272727272727,0.0,1.0,3,0.0
70,China,Shandong,2021-01-05,863,7,848,9,0,1,0.1111111111111111,0.0,1.0,1,0.0
71,China,Shandong,2021-01-10,864,7,852,9,0,4,0.4444444444444444,0.0,1.0,4,0.0
72,China,Shandong,2021-01-15,864,7,855,5,0,3,0.6,0.0,1.0,3,0.0
73,China,Shandong,2021-01-20,866,7,856,4,0,1,0.25,0.0,1.0,1,0.0
74,China,Shandong,2021-01-25,866,7,857,3,0,1,0.3333333333333333,0.0,1.0,1,0.0
75,China,Shandong,2021-01-30,866,7,857,2,0,0,0.0,,,0,
76,China,Shandong,2021-02-04,866,7,857,2,0,0,0.0,,,0,
77,China,Shandong,2021-02-09,867,7,858,3,0,1,0.3333333333333333,0.0,1.0,1,
78,China,Shandong,2021-02-14,867,7,859,2,0,1,0.5,0.0,1.0,1,0.0
79,China,Shandong,2021-02-19,867,7,860,1,0,1,1.0,0.0,1.0,1,0.0
80,China,Shandong,2021-02-24,869,7,860,2,0,0,0.0,,,0,
81,China,Shandong,2021-03-01,869,7,860,2,0,0,0.0,,,0,
82,China,Shandong,2021-03-06,869,7,861,2,0,1,0.5,0.0,1.0,1,
83,China,Shandong,2021-03-11,869,7,862,1,0,1,1.0,0.0,1.0,1,0.0
84,China,Shandong,2021-03-16,869,7,862,0,0,0,,,,0,
85,China,Shandong,2021-03-21,869,7,862,0,0,0,,,,0,
