Index,Region,Subregion,Stage,Confirmed,Deaths,Recovered,Stage_Confirmed,Stage_Deaths,Stage_Recovered,Stage_Treated%,Stage_Deaths%,Stage_Recovered%,Stage_Treated,Recovered_Change
36,Netherlands,Limburg,2020-07-19,4891,752,0,4891,752,0,0.15375178900020445,1.0,0.0,752,
37,Netherlands,Limburg,2020-07-24,4903,753,0,4151,1,0,0.0002409058058299205,1.0,0.0,1,0.0
38,Netherlands,Limburg,2020-07-29,4917,754,0,4164,1,0,0.00024015369836695484,1.0,0.0,1,0.0
39,Netherlands,Limburg,2020-08-03,4938,754,0,4184,0,0,0.0,,,0,
40,Netherlands,Limburg,2020-08-08,4967,754,0,4213,0,0,0.0,,,0,
41,Netherlands,Limburg,2020-08-13,5047,754,0,4293,0,0,0.0,,,0,
42,Netherlands,Limburg,2020-08-18,5139,754,0,4385,0,0,0.0,,,0,
43,Netherlands,Limburg,2020-08-23,5249,755,0,4495,1,0,0.0002224694104560623,1.0,0.0,1,
44,Netherlands,Limburg,2020-08-28,5357,755,0,4602,0,0,0.0,,,0,
45,Netherlands,Limburg,2020-09-02,5466,756,0,4711,1,0,0.00021226915729144556,1.0,0.0,1,
46,Netherlands,Limburg,2020-09-07,5574,757,0,4818,1,0,0.00020755500207555002,1.0,0.0,1,0.0
47,Netherlands,Limburg,2020-09-12,5722,758,0,4965,1,0,0.0002014098690835851,1.0,0.0,1,0.0
48,Netherlands,Limburg,2020-09-17,5900,759,0,5142,1,0,0.00019447685725398678,1.0,0.0,1,0.0
49,Netherlands,Limburg,2020-09-22,6104,760,0,5345,1,0,0.00018709073900841907,1.0,0.0,1,0.0
50,Netherlands,Limburg,2020-09-27,6428,761,0,5668,1,0,0.00017642907551164433,1.0,0.0,1,0.0
51,Netherlands,Limburg,2020-10-02,6889,764,0,6128,3,0,0.0004895561357702349,1.0,0.0,3,0.0
52,Netherlands,Limburg,2020-10-07,7535,768,0,6771,4,0,0.0005907546891153448,1.0,0.0,4,0.0
53,Netherlands,Limburg,2020-10-12,8671,770,0,7903,2,0,0.00025306845501708213,1.0,0.0,2,0.0
54,Netherlands,Limburg,2020-10-17,10057,776,0,9287,6,0,0.0006460643910843114,1.0,0.0,6,0.0
55,Netherlands,Limburg,2020-10-22,11828,779,0,11052,3,0,0.0002714440825190011,1.0,0.0,3,0.0
56,Netherlands,Limburg,2020-10-27,14078,792,0,13299,13,0,0.0009775171065493646,1.0,0.0,13,0.0
57,Netherlands,Limburg,2020-11-01,16041,798,0,15249,6,0,0.0003934684241589612,1.0,0.0,6,0.0
58,Netherlands,Limburg,2020-11-06,17947,815,0,17149,17,0,0.0009913114467315878,1.0,0.0,17,0.0
59,Netherlands,Limburg,2020-11-11,19426,823,0,18611,8,0,0.0004298533125570899,1.0,0.0,8,0.0
60,Netherlands,Limburg,2020-11-16,20987,842,0,20164,19,0,0.0009422733584606229,1.0,0.0,19,0.0
61,Netherlands,Limburg,2020-11-21,22455,853,0,21613,11,0,0.0005089529449868135,1.0,0.0,11,0.0
62,Netherlands,Limburg,2020-11-26,23830,866,0,22977,13,0,0.0005657831744788266,1.0,0.0,13,0.0
63,Netherlands,Limburg,2020-12-01,25471,885,0,24605,19,0,0.0007722007722007722,1.0,0.0,19,0.0
64,Netherlands,Limburg,2020-12-06,27473,904,0,26588,19,0,0.000714608093876937,1.0,0.0,19,0.0
65,Netherlands,Limburg,2020-12-11,30411,914,0,29507,10,0,0.00033890263327346056,1.0,0.0,10,0.0
66,Netherlands,Limburg,2020-12-16,34255,939,0,33341,25,0,0.0007498275396658769,1.0,0.0,25,0.0
67,Netherlands,Limburg,2020-12-21,39450,955,0,38511,16,0,0.00041546571109553115,1.0,0.0,16,0.0
68,Netherlands,Limburg,2020-12-26,43898,992,0,42943,37,0,0.0008616072468155462,1.0,0.0,37,0.0
69,Netherlands,Limburg,2020-12-31,47476,1023,0,46484,31,0,0.0006668961363049652,1.0,0.0,31,0.0
70,Netherlands,Limburg,2021-01-05,50348,1059,0,49325,36,0,0.0007298530157121135,1.0,0.0,36,0.0
71,Netherlands,Limburg,2021-01-10,53481,1150,0,52422,91,0,0.0017359124031895005,1.0,0.0,91,0.0
72,Netherlands,Limburg,2021-01-15,56253,1188,0,55103,38,0,0.0006896176251746729,1.0,0.0,38,0.0
73,Netherlands,Limburg,2021-01-20,58855,1228,0,57667,40,0,0.0006936376090311616,1.0,0.0,40,0.0
74,Netherlands,Limburg,2021-01-25,61190,1264,0,59962,36,0,0.0006003802408191855,1.0,0.0,36,0.0
75,Netherlands,Limburg,2021-01-30,63045,1292,0,61781,28,0,0.00045321377122416276,1.0,0.0,28,0.0
76,Netherlands,Limburg,2021-02-04,64796,1314,0,63504,22,0,0.000346434870244394,1.0,0.0,22,0.0
77,Netherlands,Limburg,2021-02-09,66221,1339,0,64907,25,0,0.00038516646894787927,1.0,0.0,25,0.0
78,Netherlands,Limburg,2021-02-14,67695,1373,0,66356,34,0,0.0005123877268069202,1.0,0.0,34,0.0
79,Netherlands,Limburg,2021-02-19,68895,1387,0,67522,14,0,0.00020733982998133942,1.0,0.0,14,0.0
80,Netherlands,Limburg,2021-02-24,70423,1410,0,69036,23,0,0.00033315951097977864,1.0,0.0,23,0.0
81,Netherlands,Limburg,2021-03-01,71794,1430,0,70384,20,0,0.00028415548988406454,1.0,0.0,20,0.0
82,Netherlands,Limburg,2021-03-06,73083,1452,0,71653,22,0,0.00030703529510278703,1.0,0.0,22,0.0
83,Netherlands,Limburg,2021-03-11,74322,1467,0,72870,15,0,0.0002058460271716756,1.0,0.0,15,0.0
84,Netherlands,Limburg,2021-03-16,75993,1478,0,74526,11,0,0.00014759949547808819,1.0,0.0,11,0.0
85,Netherlands,Limburg,2021-03-21,78008,1492,0,76530,14,0,0.00018293479681170784,1.0,0.0,14,0.0
86,Netherlands,Limburg,2021-03-26,80110,1504,0,78618,12,0,0.00015263680073265663,1.0,0.0,12,0.0
87,Netherlands,Limburg,2021-03-31,82689,1513,0,81185,9,0,0.0001108579171029131,1.0,0.0,9,0.0
88,Netherlands,Limburg,2021-04-05,85458,1522,0,83945,9,0,0.00010721305616772887,1.0,0.0,9,0.0
89,Netherlands,Limburg,2021-04-10,88212,1529,0,86690,7,0,8.07474910600992e-05,1.0,0.0,7,0.0
90,Netherlands,Limburg,2021-04-15,91174,1539,0,89645,10,0,0.00011155111829996096,1.0,0.0,10,0.0
91,Netherlands,Limburg,2021-04-20,94319,1555,0,92780,16,0,0.00017245095925846088,1.0,0.0,16,0.0
92,Netherlands,Limburg,2021-04-25,97925,1567,0,96370,12,0,0.0001245200788627166,1.0,0.0,12,0.0
93,Netherlands,Limburg,2021-04-30,101059,1582,0,99492,15,0,0.0001507658907248824,1.0,0.0,15,0.0
94,Netherlands,Limburg,2021-05-05,104026,1594,0,102444,12,0,0.00011713716762328687,1.0,0.0,12,0.0
95,Netherlands,Limburg,2021-05-10,106810,1605,0,105216,11,0,0.00010454683698296836,1.0,0.0,11,0.0
96,Netherlands,Limburg,2021-05-15,109081,1612,0,107476,7,0,6.513081990397857e-05,1.0,0.0,7,0.0
97,Netherlands,Limburg,2021-05-20,110718,1624,0,109106,12,0,0.0001099847854380144,1.0,0.0,12,0.0
98,Netherlands,Limburg,2021-05-25,112059,1629,0,110435,5,0,4.52755014261783e-05,1.0,0.0,5,0.0
99,Netherlands,Limburg,2021-05-30,113264,1636,0,111635,7,0,6.270434899449098e-05,1.0,0.0,7,0.0
100,Netherlands,Limburg,2021-06-04,114157,1641,0,112521,5,0,4.44361496965011e-05,1.0,0.0,5,0.0
101,Netherlands,Limburg,2021-06-09,114702,1648,0,113061,7,0,6.191348033362521e-05,1.0,0.0,7,0.0
102,Netherlands,Limburg,2021-06-14,115137,1649,0,113489,1,0,8.811426658090212e-06,1.0,0.0,1,0.0
103,Netherlands,Limburg,2021-06-19,115384,1652,0,113735,3,0,2.637710467314371e-05,1.0,0.0,3,0.0
104,Netherlands,Limburg,2021-06-24,115524,1653,0,113872,1,0,8.781790080089925e-06,1.0,0.0,1,0.0
105,Netherlands,Limburg,2021-06-29,115651,1654,0,113998,1,0,8.77208372076703e-06,1.0,0.0,1,0.0
106,Netherlands,Limburg,2021-07-04,115809,1654,0,114155,0,0,0.0,,,0,
107,Netherlands,Limburg,2021-07-09,116270,1655,0,114616,1,0,8.724785370279891e-06,1.0,0.0,1,
108,Netherlands,Limburg,2021-07-14,117706,1655,0,116051,0,0,0.0,,,0,
109,Netherlands,Limburg,2021-07-19,119979,1655,0,118324,0,0,0.0,,,0,
110,Netherlands,Limburg,2021-07-24,122024,1655,0,120369,0,0,0.0,,,0,
111,Netherlands,Limburg,2021-07-28,123200,1658,0,121545,3,0,2.468221646303838e-05,1.0,0.0,3,
