Index,Region,Subregion,Stage,Confirmed,Deaths,Recovered,Stage_Confirmed,Stage_Deaths,Stage_Recovered,Stage_Treated%,Stage_Deaths%,Stage_Recovered%,Stage_Treated,Recovered_Change
9,Colombia,Sucre,2020-06-04,47,0,4,47,0,4,0.0851063829787234,0.0,1.0,4,
10,Colombia,Sucre,2020-06-19,404,12,34,400,12,30,0.105,0.2857142857142857,0.7142857142857143,42,-0.2857142857142857
11,Colombia,Sucre,2020-07-04,1549,90,155,1503,78,121,0.1324018629407851,0.39195979899497485,0.6080402010050251,199,-0.10624551328068921
12,Colombia,Sucre,2020-07-19,4139,225,1235,3894,135,1080,0.3120184899845917,0.1111111111111111,0.8888888888888888,1215,0.28084868788386375
13,Colombia,Sucre,2020-08-03,6326,381,3405,4866,156,2170,0.4780106863953966,0.06706792777300086,0.9329320722269991,2326,0.0440431833381103
14,Colombia,Sucre,2020-08-18,9015,424,6174,5229,43,2769,0.5377701281315739,0.015291607396870554,0.9847083926031295,2812,0.051776320376130336
15,Colombia,Sucre,2020-09-02,11939,503,9600,5341,79,3426,0.6562441490357611,0.02253922967189729,0.9774607703281027,3505,-0.007247622275026733
16,Colombia,Sucre,2020-09-17,13417,549,11898,3314,46,2298,0.7073023536511768,0.01962457337883959,0.9803754266211604,2344,0.002914656293057649
17,Colombia,Sucre,2020-10-02,14127,584,13168,1680,35,1270,0.7767857142857143,0.02681992337164751,0.9731800766283525,1305,-0.007195349992807909
18,Colombia,Sucre,2020-10-17,15002,600,13843,1250,16,675,0.5528,0.023154848046309694,0.9768451519536903,691,0.0036650753253377744
19,Colombia,Sucre,2020-11-01,15484,615,14395,1041,15,552,0.5446685878962536,0.026455026455026454,0.9735449735449735,567,-0.0033001784087167696
20,Colombia,Sucre,2020-11-16,16123,632,15084,1113,17,689,0.6343216531895777,0.024079320113314446,0.9759206798866855,706,0.002375706341712025
21,Colombia,Sucre,2020-12-01,16558,650,15440,842,18,356,0.44418052256532065,0.0481283422459893,0.9518716577540107,374,-0.02404902213267479
22,Colombia,Sucre,2020-12-16,16970,667,15836,880,17,396,0.4693181818181818,0.04116222760290557,0.9588377723970944,413,0.006966114643083721
23,Colombia,Sucre,2020-12-31,17460,678,16355,957,11,519,0.5538140020898642,0.020754716981132074,0.9792452830188679,530,0.020407510621773484
24,Colombia,Sucre,2021-01-15,18131,688,16959,1098,10,604,0.5591985428051002,0.016286644951140065,0.9837133550488599,614,0.0044680720299919985
25,Colombia,Sucre,2021-01-30,19261,716,18068,1614,28,1109,0.7044609665427509,0.024626209322779244,0.9753737906772207,1137,-0.008339564371639185
26,Colombia,Sucre,2021-02-14,20050,749,18877,1266,33,809,0.665086887835703,0.039192399049881234,0.9608076009501187,842,-0.014566189727101997
27,Colombia,Sucre,2021-03-01,20613,783,19317,987,34,440,0.48024316109422494,0.07172995780590717,0.9282700421940928,474,-0.03253755875602593
28,Colombia,Sucre,2021-03-16,21476,805,20168,1376,22,851,0.6344476744186046,0.025200458190148912,0.9747995418098511,873,0.04652949961575825
29,Colombia,Sucre,2021-03-31,22914,849,21508,1941,44,1340,0.7130345182895415,0.031791907514450865,0.9682080924855492,1384,-0.00659144932430189
30,Colombia,Sucre,2021-04-15,24680,901,23064,2323,52,1556,0.6922083512699096,0.03233830845771144,0.9676616915422885,1608,-0.0005464009432606387
31,Colombia,Sucre,2021-04-30,27922,978,25928,3957,77,2864,0.7432398281526409,0.026181570894253655,0.9738184291057463,2941,0.006156737563457804
32,Colombia,Sucre,2021-05-15,31278,1065,29142,4372,87,3214,0.755032021957914,0.02635564980308997,0.97364435019691,3301,-0.00017407890883636146
33,Colombia,Sucre,2021-05-30,35140,1154,32349,4933,89,3207,0.6681532535982161,0.027002427184466018,0.972997572815534,3296,-0.0006467773813759736
34,Colombia,Sucre,2021-06-10,39955,1228,37267,6452,74,4918,0.7737135771853689,0.014823717948717948,0.985176282051282,4992,0.012178709235748042
