Index,Region,Subregion,Stage,Confirmed,Deaths,Recovered,Stage_Confirmed,Stage_Deaths,Stage_Recovered,Stage_Treated%,Stage_Deaths%,Stage_Recovered%,Stage_Treated,Recovered_Change
14,Ukraine,Crimea Republic*,2020-06-09,446,5,330,446,5,330,0.7511210762331838,0.014925373134328358,0.9850746268656716,335,
15,Ukraine,Crimea Republic*,2020-06-19,575,7,392,240,2,62,0.26666666666666666,0.03125,0.96875,64,-0.0163246268656716
16,Ukraine,Crimea Republic*,2020-06-29,681,10,478,282,3,86,0.31560283687943264,0.033707865168539325,0.9662921348314607,89,-0.002457865168539297
17,Ukraine,Crimea Republic*,2020-07-09,804,12,624,316,2,146,0.46835443037974683,0.013513513513513514,0.9864864864864865,148,0.02019435165502581
18,Ukraine,Crimea Republic*,2020-07-19,943,13,721,307,1,97,0.31921824104234525,0.01020408163265306,0.9897959183673469,98,0.003309431880860414
19,Ukraine,Crimea Republic*,2020-07-29,1139,15,861,405,2,140,0.3506172839506173,0.014084507042253521,0.9859154929577465,142,-0.00388042540960043
20,Ukraine,Crimea Republic*,2020-08-08,1410,16,1041,534,1,180,0.3389513108614232,0.0055248618784530384,0.994475138121547,181,0.008559645163800478
21,Ukraine,Crimea Republic*,2020-08-18,1784,23,1245,727,7,204,0.2902338376891334,0.03317535545023697,0.966824644549763,211,-0.02765049357178395
22,Ukraine,Crimea Republic*,2020-08-28,2187,30,1585,919,7,340,0.37758433079434167,0.020172910662824207,0.9798270893371758,347,0.013002444787412748
23,Ukraine,Crimea Republic*,2020-09-07,2778,34,1853,1163,4,268,0.23387790197764402,0.014705882352941176,0.9852941176470589,272,0.005467028309883104
24,Ukraine,Crimea Republic*,2020-09-17,3416,44,2226,1529,10,373,0.25049051667756705,0.02610966057441253,0.9738903394255874,383,-0.011403778221471428
25,Ukraine,Crimea Republic*,2020-09-27,4219,59,2692,1949,15,466,0.24679322729604924,0.031185031185031187,0.9688149688149689,481,-0.005075370610618579
26,Ukraine,Crimea Republic*,2020-10-07,5170,77,3254,2419,18,562,0.23976849937990904,0.03103448275862069,0.9689655172413794,580,0.0001505484264104906
27,Ukraine,Crimea Republic*,2020-10-17,6673,105,3921,3342,28,667,0.20795930580490724,0.04028776978417266,0.9597122302158273,695,-0.00925328702555206
28,Ukraine,Crimea Republic*,2020-10-27,8533,122,4753,4507,17,832,0.1883736410028844,0.020023557126030624,0.9799764428739693,849,0.020264212658142045
29,Ukraine,Crimea Republic*,2020-11-06,10494,157,6112,5619,35,1359,0.24808684819362875,0.025107604017216643,0.9748923959827833,1394,-0.005084046891186023
30,Ukraine,Crimea Republic*,2020-11-16,12367,210,7826,6098,53,1714,0.28976713676615284,0.029994340690435765,0.9700056593095643,1767,-0.004886736673219039
31,Ukraine,Crimea Republic*,2020-11-26,14468,262,10565,6432,52,2739,0.4339241293532338,0.018631314940881404,0.9813686850591186,2791,0.011363025749554279
32,Ukraine,Crimea Republic*,2020-12-06,16838,326,12708,6011,64,2143,0.3671602062884711,0.028998640688717717,0.9710013593112823,2207,-0.010367325747836276
33,Ukraine,Crimea Republic*,2020-12-16,19988,390,15118,6954,64,2410,0.3557664653436871,0.025869037995149554,0.9741309620048505,2474,0.003129602693568212
34,Ukraine,Crimea Republic*,2020-12-26,23498,467,18373,7990,77,3255,0.41702127659574467,0.023109243697478993,0.976890756302521,3332,0.0027597942976704815
35,Ukraine,Crimea Republic*,2021-01-05,26477,547,20791,7637,80,2418,0.3270917899698835,0.032025620496397116,0.9679743795036029,2498,-0.008916376798918102
36,Ukraine,Crimea Republic*,2021-01-07,26934,565,21286,5596,18,495,0.09167262330235883,0.03508771929824561,0.9649122807017544,513,-0.0030620988018484896
