Index,Region,Subregion,Stage,Confirmed,Deaths,Recovered,Stage_Confirmed,Stage_Deaths,Stage_Recovered,Stage_Treated%,Stage_Deaths%,Stage_Recovered%,Stage_Treated,Recovered_Change
14,Ukraine,Kherson Oblast,2020-06-09,179,3,172,179,3,172,0.9776536312849162,0.017142857142857144,0.9828571428571429,175,
15,Ukraine,Kherson Oblast,2020-06-19,185,3,174,10,0,2,0.2,0.0,1.0,2,0.017142857142857126
16,Ukraine,Kherson Oblast,2020-06-29,191,3,176,14,0,2,0.14285714285714285,0.0,1.0,2,0.0
17,Ukraine,Kherson Oblast,2020-07-09,201,3,184,22,0,8,0.36363636363636365,0.0,1.0,8,0.0
18,Ukraine,Kherson Oblast,2020-07-19,213,3,193,26,0,9,0.34615384615384615,0.0,1.0,9,0.0
19,Ukraine,Kherson Oblast,2020-07-29,224,3,201,28,0,8,0.2857142857142857,0.0,1.0,8,0.0
20,Ukraine,Kherson Oblast,2020-08-08,259,4,213,55,1,12,0.23636363636363636,0.07692307692307693,0.9230769230769231,13,-0.07692307692307687
21,Ukraine,Kherson Oblast,2020-08-18,304,6,221,87,2,8,0.11494252873563218,0.2,0.8,10,-0.12307692307692308
22,Ukraine,Kherson Oblast,2020-08-28,374,9,255,147,3,34,0.25170068027210885,0.08108108108108109,0.918918918918919,37,0.11891891891891893
23,Ukraine,Kherson Oblast,2020-09-07,500,14,302,236,5,47,0.22033898305084745,0.09615384615384616,0.9038461538461539,52,-0.015072765072765115
24,Ukraine,Kherson Oblast,2020-09-17,737,19,398,421,5,96,0.23990498812351543,0.04950495049504951,0.9504950495049505,101,0.046648895658796596
25,Ukraine,Kherson Oblast,2020-09-27,1049,23,559,632,4,161,0.2610759493670886,0.024242424242424242,0.9757575757575757,165,0.02526252625262526
26,Ukraine,Kherson Oblast,2020-10-07,1591,29,703,1009,6,144,0.14866204162537167,0.04,0.96,150,-0.015757575757575748
27,Ukraine,Kherson Oblast,2020-10-17,2380,49,1042,1648,20,339,0.2178398058252427,0.055710306406685235,0.9442896935933147,359,-0.015710306406685248
28,Ukraine,Kherson Oblast,2020-10-27,3344,72,1404,2253,23,362,0.1708832667554372,0.05974025974025974,0.9402597402597402,385,-0.004029953333574476
29,Ukraine,Kherson Oblast,2020-11-06,5027,107,2175,3551,35,771,0.22697831596733314,0.043424317617866005,0.956575682382134,806,0.016315942122393734
30,Ukraine,Kherson Oblast,2020-11-16,7126,149,2747,4844,42,572,0.1267547481420314,0.06840390879478828,0.9315960912052117,614,-0.024979591176922278
31,Ukraine,Kherson Oblast,2020-11-26,9345,187,4089,6449,38,1342,0.21398666459916266,0.02753623188405797,0.972463768115942,1380,0.040867676910730344
32,Ukraine,Kherson Oblast,2020-12-06,11915,233,5951,7639,46,1862,0.24977091242309202,0.02410901467505241,0.9758909853249476,1908,0.0034272172090055175
33,Ukraine,Kherson Oblast,2020-12-16,14643,330,6164,8459,97,213,0.036647357843716755,0.31290322580645163,0.6870967741935484,310,-0.28879421113139914
34,Ukraine,Kherson Oblast,2020-12-26,16917,405,7337,10423,75,1173,0.11973520099779335,0.06009615384615385,0.9399038461538461,1248,0.2528070719602977
35,Ukraine,Kherson Oblast,2021-01-05,18318,455,10681,10576,50,3344,0.3209152798789713,0.01473187978786093,0.985268120212139,3394,0.04536427405829291
36,Ukraine,Kherson Oblast,2021-01-15,19570,507,13445,8434,52,2764,0.333886649276737,0.018465909090909092,0.9815340909090909,2816,-0.003734029303048114
37,Ukraine,Kherson Oblast,2021-01-25,20348,555,16018,6396,48,2573,0.40978736710444025,0.018313620755436855,0.9816863792445631,2621,0.000152288335472206
38,Ukraine,Kherson Oblast,2021-02-04,20844,589,18591,4271,34,2573,0.610395691875439,0.01304181051016494,0.986958189489835,2607,0.005271810245271902
39,Ukraine,Kherson Oblast,2021-02-14,21279,610,19457,2099,21,866,0.4225821819914245,0.02367531003382187,0.9763246899661782,887,-0.010633499523656886
40,Ukraine,Kherson Oblast,2021-02-24,21546,633,20143,1479,23,686,0.4793779580797836,0.03244005641748942,0.9675599435825106,709,-0.008764746383667532
41,Ukraine,Kherson Oblast,2021-03-06,21939,651,20409,1163,18,266,0.24419604471195186,0.06338028169014084,0.9366197183098591,284,-0.0309402252726515
42,Ukraine,Kherson Oblast,2021-03-16,22385,669,20689,1325,18,280,0.22490566037735849,0.06040268456375839,0.9395973154362416,298,0.0029775971263824585
43,Ukraine,Kherson Oblast,2021-03-26,23533,691,21099,2175,22,410,0.1986206896551724,0.05092592592592592,0.9490740740740741,432,0.009476758637832483
44,Ukraine,Kherson Oblast,2021-04-05,25384,726,21608,3594,35,509,0.15136338341680577,0.06433823529411764,0.9356617647058824,544,-0.01341230936819171
45,Ukraine,Kherson Oblast,2021-04-15,28028,786,22606,5694,60,998,0.18580962416578856,0.05671077504725898,0.943289224952741,1058,0.007627460246858675
46,Ukraine,Kherson Oblast,2021-04-25,30281,874,24150,6889,88,1544,0.2368994048483089,0.05392156862745098,0.946078431372549,1632,0.0027892064198079547
47,Ukraine,Kherson Oblast,2021-05-05,31598,940,25715,6574,66,1565,0.2480985701247338,0.0404659717964439,0.9595340282035562,1631,0.013455596831007166
48,Ukraine,Kherson Oblast,2021-05-15,33072,1004,27734,6417,64,2019,0.3246065139473274,0.030724915986557848,0.9692750840134422,2083,0.009741055809886046
49,Ukraine,Kherson Oblast,2021-05-25,34240,1046,29783,5502,42,2049,0.38004362050163576,0.020086083213773313,0.9799139167862266,2091,0.010638832772784435
50,Ukraine,Kherson Oblast,2021-06-04,35034,1095,31894,4205,49,2111,0.5136741973840666,0.022685185185185187,0.9773148148148149,2160,-0.002599101971411777
51,Ukraine,Kherson Oblast,2021-06-14,35422,1109,32996,2433,14,1102,0.45869297163995065,0.012544802867383513,0.9874551971326165,1116,0.010140382317801677
52,Ukraine,Kherson Oblast,2021-06-24,35665,1133,33891,1560,24,895,0.5891025641025641,0.026115342763873776,0.9738846572361263,919,-0.013570539896490263
53,Ukraine,Kherson Oblast,2021-07-04,35841,1147,34302,817,14,411,0.5201958384332925,0.03294117647058824,0.9670588235294117,425,-0.006825833706714524
54,Ukraine,Kherson Oblast,2021-07-11,35932,1147,34470,483,0,168,0.34782608695652173,0.0,1.0,168,0.03294117647058825
