Index,Region,Subregion,Stage,Confirmed,Deaths,Recovered,Stage_Confirmed,Stage_Deaths,Stage_Recovered,Stage_Treated%,Stage_Deaths%,Stage_Recovered%,Stage_Treated,Recovered_Change
82,US,Washington,2020-04-12,10609,562,,10609,562,,,,,,
83,US,Washington,2020-04-13,10635,582,,,20,,,,,,
84,US,Washington,2020-04-14,10799,599,,,17,,,,,,
85,US,Washington,2020-04-15,10942,609,,,10,,,,,,
86,US,Washington,2020-04-16,11057,630,,,21,,,,,,
87,US,Washington,2020-04-17,11517,649,,,19,,,,,,
88,US,Washington,2020-04-18,11776,666,,,17,,,,,,
89,US,Washington,2020-04-19,12255,690,,,24,,,,,,
90,US,Washington,2020-04-20,12114,709,,,19,,,,,,
91,US,Washington,2020-04-21,12392,725,,,16,,,,,,
92,US,Washington,2020-04-22,12596,734,,,9,,,,,,
93,US,Washington,2020-04-23,12753,747,,,13,,,,,,
94,US,Washington,2020-04-24,12977,762,,,15,,,,,,
95,US,Washington,2020-04-25,13319,779,,,17,,,,,,
96,US,Washington,2020-04-26,13521,799,,,20,,,,,,
97,US,Washington,2020-04-27,13686,810,,,11,,,,,,
98,US,Washington,2020-04-28,13842,820,,,10,,,,,,
99,US,Washington,2020-04-29,14070,828,,,8,,,,,,
100,US,Washington,2020-04-30,14327,836,0,,8,,,,,,
101,US,Washington,2020-05-01,14637,850,0,13801,14,0,0.0010144192449822477,1.0,0.0,14,
102,US,Washington,2020-05-02,15003,862,0,14153,12,0,0.0008478767752419982,1.0,0.0,12,0.0
103,US,Washington,2020-05-03,15185,874,0,14323,12,0,0.0008378133072680304,1.0,0.0,12,0.0
104,US,Washington,2020-05-04,15462,885,0,14588,11,0,0.0007540444200712915,1.0,0.0,11,0.0
105,US,Washington,2020-05-05,15594,898,,14709,13,,,,,,
106,US,Washington,2020-05-06,15905,911,,,13,,,,,,
107,US,Washington,2020-05-07,16231,925,,,14,,,,,,
108,US,Washington,2020-05-08,16388,941,,,16,,,,,,
109,US,Washington,2020-05-09,16674,952,,,11,,,,,,
110,US,Washington,2020-05-10,16891,968,,,16,,,,,,
111,US,Washington,2020-05-11,17122,974,,,6,,,,,,
112,US,Washington,2020-05-12,17330,990,,,16,,,,,,
113,US,Washington,2020-05-13,17512,996,,,6,,,,,,
114,US,Washington,2020-05-14,17773,1004,,,8,,,,,,
115,US,Washington,2020-05-15,17951,1016,,,12,,,,,,
116,US,Washington,2020-05-16,18288,1024,,,8,,,,,,
117,US,Washington,2020-05-17,18433,1035,,,11,,,,,,
118,US,Washington,2020-05-18,18611,1041,,,6,,,,,,
119,US,Washington,2020-05-19,18811,1048,,,7,,,,,,
120,US,Washington,2020-05-20,18971,1052,,,4,,,,,,
121,US,Washington,2020-05-21,19117,1061,,,9,,,,,,
122,US,Washington,2020-05-22,19265,1066,,,5,,,,,,
123,US,Washington,2020-05-23,19265,1075,,,9,,,,,,
124,US,Washington,2020-05-24,19828,1084,,,9,,,,,,
125,US,Washington,2020-05-25,20065,1088,,,4,,,,,,
126,US,Washington,2020-05-26,20181,1094,,,6,,,,,,
127,US,Washington,2020-05-27,20406,1105,,,11,,,,,,
128,US,Washington,2020-05-28,20764,1109,,,4,,,,,,
129,US,Washington,2020-05-29,21071,1115,,,6,,,,,,
130,US,Washington,2020-05-30,21349,1117,,,2,,,,,,
131,US,Washington,2020-05-31,21702,1123,,,6,,,,,,
132,US,Washington,2020-06-01,22239,1128,,,5,,,,,,
133,US,Washington,2020-06-02,22516,1134,,,6,,,,,,
134,US,Washington,2020-06-03,22764,1139,,,5,,,,,,
135,US,Washington,2020-06-04,23024,1150,,,11,,,,,,
136,US,Washington,2020-06-05,23483,1155,,,5,,,,,,
137,US,Washington,2020-06-06,23767,1159,,,4,,,,,,
138,US,Washington,2020-06-07,24078,1170,,,11,,,,,,
139,US,Washington,2020-06-08,24378,1180,,,10,,,,,,
140,US,Washington,2020-06-09,24630,1185,,,5,,,,,,
141,US,Washington,2020-06-10,24892,1186,,,1,,,,,,
142,US,Washington,2020-06-11,25176,1198,,,12,,,,,,
143,US,Washington,2020-06-12,25542,1203,,,5,,,,,,
144,US,Washington,2020-06-13,25825,1207,,,4,,,,,,
145,US,Washington,2020-06-14,26158,1209,,,2,,,,,,
146,US,Washington,2020-06-15,26530,1211,,,2,,,,,,
147,US,Washington,2020-06-16,26787,1219,,,8,,,,,,
148,US,Washington,2020-06-17,27193,1225,,,6,,,,,,
149,US,Washington,2020-06-18,27608,1232,,,7,,,,,,
150,US,Washington,2020-06-19,28225,1239,,,7,,,,,,
151,US,Washington,2020-06-20,28676,1243,,,4,,,,,,
152,US,Washington,2020-06-21,28874,1248,,,5,,,,,,
153,US,Washington,2020-06-22,29394,1253,,,5,,,,,,
154,US,Washington,2020-06-23,29874,1263,,,10,,,,,,
155,US,Washington,2020-06-24,30372,1266,,,3,,,,,,
156,US,Washington,2020-06-25,30866,1270,,,4,,,,,,
157,US,Washington,2020-06-26,31422,1281,,,11,,,,,,
158,US,Washington,2020-06-27,31766,1288,,,7,,,,,,
159,US,Washington,2020-06-28,32267,1292,,,4,,,,,,
160,US,Washington,2020-06-29,32831,1297,,,5,,,,,,
161,US,Washington,2020-06-30,33439,1303,,,6,,,,,,
162,US,Washington,2020-07-01,34152,1309,,,6,,,,,,
163,US,Washington,2020-07-02,34909,1319,,,10,,,,,,
164,US,Washington,2020-07-03,35260,1328,,,9,,,,,,
165,US,Washington,2020-07-04,35902,1335,,,7,,,,,,
166,US,Washington,2020-07-05,36959,1342,,,7,,,,,,
167,US,Washington,2020-07-06,37393,1351,,,9,,,,,,
168,US,Washington,2020-07-07,37916,1360,,,9,,,,,,
169,US,Washington,2020-07-08,38563,1368,,,8,,,,,,
170,US,Washington,2020-07-09,39202,1384,,,16,,,,,,
171,US,Washington,2020-07-10,39806,1393,,,9,,,,,,
172,US,Washington,2020-07-11,40672,1400,,,7,,,,,,
173,US,Washington,2020-07-12,41749,1405,,,5,,,,,,
174,US,Washington,2020-07-13,42295,1414,,,9,,,,,,
175,US,Washington,2020-07-14,43037,1426,,,12,,,,,,
176,US,Washington,2020-07-15,44299,1429,,,3,,,,,,
177,US,Washington,2020-07-16,45052,1435,,,6,,,,,,
178,US,Washington,2020-07-17,46022,1441,,,6,,,,,,
179,US,Washington,2020-07-18,46956,1448,,,7,,,,,,
180,US,Washington,2020-07-19,47751,1457,,,9,,,,,,
181,US,Washington,2020-07-20,48590,1468,,,11,,,,,,
182,US,Washington,2020-07-21,49250,1480,,,12,,,,,,
183,US,Washington,2020-07-22,49982,1488,,,8,,,,,,
184,US,Washington,2020-07-23,50832,1497,,,9,,,,,,
185,US,Washington,2020-07-24,51870,1510,,,13,,,,,,
186,US,Washington,2020-07-25,52669,1522,,,12,,,,,,
187,US,Washington,2020-07-26,53339,1537,,,15,,,,,,
188,US,Washington,2020-07-27,54201,1545,,,8,,,,,,
189,US,Washington,2020-07-28,54979,1559,,,14,,,,,,
190,US,Washington,2020-07-29,55751,1575,,,16,,,,,,
191,US,Washington,2020-07-30,56736,1588,,,13,,,,,,
192,US,Washington,2020-07-31,57586,1603,,,15,,,,,,
193,US,Washington,2020-08-01,58216,1619,,,16,,,,,,
194,US,Washington,2020-08-02,58767,1628,,,9,,,,,,
195,US,Washington,2020-08-03,59447,1638,,,10,,,,,,
196,US,Washington,2020-08-04,60132,1656,,,18,,,,,,
197,US,Washington,2020-08-05,60963,1677,,,21,,,,,,
198,US,Washington,2020-08-06,61686,1685,,,8,,,,,,
199,US,Washington,2020-08-07,62583,1702,,,17,,,,,,
200,US,Washington,2020-08-08,63189,1711,,,9,,,,,,
201,US,Washington,2020-08-09,63769,1722,,,11,,,,,,
202,US,Washington,2020-08-10,64260,1733,,,11,,,,,,
203,US,Washington,2020-08-11,64800,1741,,,8,,,,,,
204,US,Washington,2020-08-12,65439,1755,,,14,,,,,,
205,US,Washington,2020-08-13,66254,1765,,,10,,,,,,
206,US,Washington,2020-08-14,66989,1780,,,15,,,,,,
207,US,Washington,2020-08-15,67581,1791,,,11,,,,,,
208,US,Washington,2020-08-16,67854,1802,,,11,,,,,,
209,US,Washington,2020-08-17,68386,1809,,,7,,,,,,
210,US,Washington,2020-08-18,68922,1816,,,7,,,,,,
211,US,Washington,2020-08-19,69662,1828,,,12,,,,,,
212,US,Washington,2020-08-20,70180,1836,,,8,,,,,,
213,US,Washington,2020-08-21,71007,1840,,,4,,,,,,
214,US,Washington,2020-08-22,71471,1845,,,5,,,,,,
215,US,Washington,2020-08-23,71814,1849,,,4,,,,,,
216,US,Washington,2020-08-24,72161,1856,,,7,,,,,,
217,US,Washington,2020-08-25,72634,1862,,,6,,,,,,
218,US,Washington,2020-08-26,73217,1877,,,15,,,,,,
219,US,Washington,2020-08-27,73801,1886,,,9,,,,,,
220,US,Washington,2020-08-28,74420,1894,,,8,,,,,,
221,US,Washington,2020-08-29,74885,1899,,,5,,,,,,
222,US,Washington,2020-08-30,75195,1904,,,5,,,,,,
223,US,Washington,2020-08-31,75502,1912,,,8,,,,,,
224,US,Washington,2020-09-01,75977,1918,,,6,,,,,,
225,US,Washington,2020-09-02,76537,1924,,,6,,,,,,
226,US,Washington,2020-09-03,77034,1930,,,6,,,,,,
227,US,Washington,2020-09-04,77559,1932,,,2,,,,,,
228,US,Washington,2020-09-05,77979,1942,,,10,,,,,,
229,US,Washington,2020-09-06,78295,1948,,,6,,,,,,
230,US,Washington,2020-09-07,78492,1952,,,4,,,,,,
231,US,Washington,2020-09-08,78781,1954,,,2,,,,,,
232,US,Washington,2020-09-09,79280,1958,,,4,,,,,,
233,US,Washington,2020-09-10,79880,1965,,,7,,,,,,
234,US,Washington,2020-09-11,80374,1972,,,7,,,,,,
235,US,Washington,2020-09-12,80738,1978,,,6,,,,,,
236,US,Washington,2020-09-13,81056,1983,,,5,,,,,,
237,US,Washington,2020-09-14,81392,1990,,,7,,,,,,
238,US,Washington,2020-09-15,81776,1999,,,9,,,,,,
239,US,Washington,2020-09-16,82193,2007,,,8,,,,,,
240,US,Washington,2020-09-17,82610,2013,,,6,,,,,,
241,US,Washington,2020-09-18,83239,2021,,,8,,,,,,
242,US,Washington,2020-09-19,83622,2026,,,5,,,,,,
243,US,Washington,2020-09-20,83925,2034,,,8,,,,,,
244,US,Washington,2020-09-21,84270,2040,,,6,,,,,,
245,US,Washington,2020-09-22,84814,2051,,,11,,,,,,
246,US,Washington,2020-09-23,85397,2057,,,6,,,,,,
247,US,Washington,2020-09-24,86422,2063,,,6,,,,,,
248,US,Washington,2020-09-25,87062,2070,,,7,,,,,,
249,US,Washington,2020-09-26,87519,2074,,,4,,,,,,
250,US,Washington,2020-09-27,87897,2081,,,7,,,,,,
251,US,Washington,2020-09-28,88291,2088,,,7,,,,,,
252,US,Washington,2020-09-29,88823,2093,,,5,,,,,,
253,US,Washington,2020-09-30,89463,2100,,,7,,,,,,
254,US,Washington,2020-10-01,90179,2110,,,10,,,,,,
255,US,Washington,2020-10-02,90821,2117,,,7,,,,,,
256,US,Washington,2020-10-03,91290,2123,,,6,,,,,,
257,US,Washington,2020-10-04,91709,2127,,,4,,,,,,
258,US,Washington,2020-10-05,92136,2135,,,8,,,,,,
259,US,Washington,2020-10-06,92692,2146,,,11,,,,,,
260,US,Washington,2020-10-07,93450,2151,,,5,,,,,,
261,US,Washington,2020-10-08,94143,2158,,,7,,,,,,
262,US,Washington,2020-10-09,94691,2165,,,7,,,,,,
263,US,Washington,2020-10-10,95539,2168,,,3,,,,,,
264,US,Washington,2020-10-11,95914,2171,,,3,,,,,,
265,US,Washington,2020-10-12,96521,2183,,,12,,,,,,
266,US,Washington,2020-10-13,97240,2187,,,4,,,,,,
267,US,Washington,2020-10-14,97938,2196,,,9,,,,,,
268,US,Washington,2020-10-15,98713,2200,,,4,,,,,,
269,US,Washington,2020-10-16,99539,2205,,,5,,,,,,
270,US,Washington,2020-10-17,100105,2211,,,6,,,,,,
271,US,Washington,2020-10-18,100572,2221,,,10,,,,,,
272,US,Washington,2020-10-19,101064,2231,,,10,,,,,,
273,US,Washington,2020-10-20,101864,2237,,,6,,,,,,
274,US,Washington,2020-10-21,102567,2248,,,11,,,,,,
275,US,Washington,2020-10-22,103379,2259,,,11,,,,,,
276,US,Washington,2020-10-23,104328,2266,,,7,,,,,,
277,US,Washington,2020-10-24,105069,2277,,,11,,,,,,
278,US,Washington,2020-10-25,105665,2285,,,8,,,,,,
279,US,Washington,2020-10-26,106212,2294,,,9,,,,,,
280,US,Washington,2020-10-27,106963,2304,,,10,,,,,,
281,US,Washington,2020-10-28,107843,2316,,,12,,,,,,
282,US,Washington,2020-10-29,108954,2320,,,4,,,,,,
283,US,Washington,2020-10-30,109932,2331,,,11,,,,,,
284,US,Washington,2020-10-31,110808,2345,,,14,,,,,,
285,US,Washington,2020-11-01,111848,2353,,,8,,,,,,
286,US,Washington,2020-11-02,112593,2358,,,5,,,,,,
287,US,Washington,2020-11-03,114127,2368,,,10,,,,,,
288,US,Washington,2020-11-04,115251,2380,,,12,,,,,,
289,US,Washington,2020-11-05,117023,2392,,,12,,,,,,
290,US,Washington,2020-11-06,118771,2406,,,14,,,,,,
291,US,Washington,2020-11-07,120221,2411,,,5,,,,,,
292,US,Washington,2020-11-08,121467,2422,,,11,,,,,,
293,US,Washington,2020-11-09,122887,2432,,,10,,,,,,
294,US,Washington,2020-11-10,124549,2446,,,14,,,,,,
295,US,Washington,2020-11-11,126574,2453,,,7,,,,,,
296,US,Washington,2020-11-12,128821,2466,,,13,,,,,,
297,US,Washington,2020-11-13,131141,2477,,,11,,,,,,
298,US,Washington,2020-11-14,133391,2493,,,16,,,,,,
299,US,Washington,2020-11-15,134969,2505,,,12,,,,,,
300,US,Washington,2020-11-16,137561,2520,,,15,,,,,,
301,US,Washington,2020-11-17,139120,2532,,,12,,,,,,
302,US,Washington,2020-11-18,141231,2545,,,13,,,,,,
303,US,Washington,2020-11-19,143405,2557,,,12,,,,,,
304,US,Washington,2020-11-20,145281,2573,,,16,,,,,,
305,US,Washington,2020-11-21,147929,2595,,,22,,,,,,
306,US,Washington,2020-11-22,151488,2612,,,17,,,,,,
307,US,Washington,2020-11-23,154770,2631,,,19,,,,,,
308,US,Washington,2020-11-24,157790,2645,,,14,,,,,,
309,US,Washington,2020-11-25,160663,2662,,,17,,,,,,
310,US,Washington,2020-11-26,162730,2681,,,19,,,,,,
311,US,Washington,2020-11-27,165124,2695,,,14,,,,,,
312,US,Washington,2020-11-28,167231,2714,,,19,,,,,,
313,US,Washington,2020-11-29,169500,2731,,,17,,,,,,
314,US,Washington,2020-11-30,171962,2762,,,31,,,,,,
315,US,Washington,2020-12-01,175033,2783,,,21,,,,,,
316,US,Washington,2020-12-02,177358,2806,,,23,,,,,,
317,US,Washington,2020-12-03,179443,2823,,,17,,,,,,
318,US,Washington,2020-12-04,181329,2849,,,26,,,,,,
319,US,Washington,2020-12-05,183081,2867,,,18,,,,,,
320,US,Washington,2020-12-06,189152,2883,,,16,,,,,,
321,US,Washington,2020-12-07,192947,2905,,,22,,,,,,
322,US,Washington,2020-12-08,196032,2915,,,10,,,,,,
323,US,Washington,2020-12-09,199028,2922,,,7,,,,,,
324,US,Washington,2020-12-10,202177,2933,,,11,,,,,,
325,US,Washington,2020-12-11,206288,2939,,,6,,,,,,
326,US,Washington,2020-12-12,208717,2941,,,2,,,,,,
327,US,Washington,2020-12-13,210809,2941,,,0,,,,,,
328,US,Washington,2020-12-14,212584,2941,,,0,,,,,,
329,US,Washington,2020-12-15,214265,2941,,,0,,,,,,
330,US,Washington,2020-12-16,214265,3042,,,101,,,,,,
331,US,Washington,2020-12-17,217205,3117,,,75,,,,,,
332,US,Washington,2020-12-18,220268,3104,,,-13,,,,,,
333,US,Washington,2020-12-19,222600,3104,,,0,,,,,,
334,US,Washington,2020-12-20,222600,3104,,,0,,,,,,
335,US,Washington,2020-12-21,226635,3106,,,2,,,,,,
336,US,Washington,2020-12-22,227887,3131,,,25,,,,,,
337,US,Washington,2020-12-23,230202,3162,,,31,,,,,,
338,US,Washington,2020-12-24,233093,3184,,,22,,,,,,
339,US,Washington,2020-12-25,233093,3184,,,0,,,,,,
340,US,Washington,2020-12-26,236719,3184,,,0,,,,,,
341,US,Washington,2020-12-27,236719,3184,,,0,,,,,,
342,US,Washington,2020-12-28,238672,3195,,,11,,,,,,
343,US,Washington,2020-12-29,240846,3369,,,174,,,,,,
344,US,Washington,2020-12-30,242330,3420,,,51,,,,,,
345,US,Washington,2020-12-31,246752,3461,,,41,,,,,,
346,US,Washington,2021-01-01,246752,3461,,,0,,,,,,
347,US,Washington,2021-01-02,246752,3461,,,0,,,,,,
348,US,Washington,2021-01-03,255396,3459,,,-2,,,,,,
349,US,Washington,2021-01-04,256435,3482,,,23,,,,,,
350,US,Washington,2021-01-05,258767,3541,,,59,,,,,,
351,US,Washington,2021-01-06,260752,3605,,,64,,,,,,
352,US,Washington,2021-01-07,264012,3634,,,29,,,,,,
353,US,Washington,2021-01-08,268607,3699,,,65,,,,,,
354,US,Washington,2021-01-09,271595,3698,,,-1,,,,,,
355,US,Washington,2021-01-10,271595,3698,,,0,,,,,,
356,US,Washington,2021-01-11,276686,3699,,,1,,,,,,
357,US,Washington,2021-01-12,278544,3789,,,90,,,,,,
358,US,Washington,2021-01-13,281202,3838,,,49,,,,,,
359,US,Washington,2021-01-14,283777,3876,,,38,,,,,,
360,US,Washington,2021-01-15,285970,3903,,,27,,,,,,
361,US,Washington,2021-01-16,285970,3903,,,0,,,,,,
362,US,Washington,2021-01-17,289939,3903,,,0,,,,,,
363,US,Washington,2021-01-18,289939,3903,,,0,,,,,,
364,US,Washington,2021-01-19,291989,3940,,,37,,,,,,
365,US,Washington,2021-01-20,294017,3940,,,0,,,,,,
366,US,Washington,2021-01-21,296087,4065,,,125,,,,,,
367,US,Washington,2021-01-22,298249,4114,,,49,,,,,,
368,US,Washington,2021-01-23,300198,4114,,,0,,,,,,
369,US,Washington,2021-01-24,300198,4114,,,0,,,,,,
370,US,Washington,2021-01-25,302141,4148,,,34,,,,,,
371,US,Washington,2021-01-26,303482,4167,,,19,,,,,,
372,US,Washington,2021-01-27,305289,4211,,,44,,,,,,
373,US,Washington,2021-01-28,307809,4243,,,32,,,,,,
374,US,Washington,2021-01-29,309801,4285,,,42,,,,,,
375,US,Washington,2021-01-30,311597,4285,,,0,,,,,,
376,US,Washington,2021-01-31,311597,4285,,,0,,,,,,
377,US,Washington,2021-02-01,313335,4318,,,33,,,,,,
378,US,Washington,2021-02-02,314692,4316,,,-2,,,,,,
379,US,Washington,2021-02-03,316294,4388,,,72,,,,,,
380,US,Washington,2021-02-04,317878,4416,,,28,,,,,,
381,US,Washington,2021-02-05,319371,4449,,,33,,,,,,
382,US,Washington,2021-02-06,320146,4449,,,0,,,,,,
383,US,Washington,2021-02-07,320146,4449,,,0,,,,,,
384,US,Washington,2021-02-08,323214,4451,,,2,,,,,,
385,US,Washington,2021-02-09,324025,4558,,,107,,,,,,
386,US,Washington,2021-02-10,324706,4603,,,45,,,,,,
387,US,Washington,2021-02-11,326159,4633,,,30,,,,,,
388,US,Washington,2021-02-12,327167,4675,,,42,,,,,,
389,US,Washington,2021-02-13,328047,4675,,,0,,,,,,
390,US,Washington,2021-02-14,328047,4675,,,0,,,,,,
391,US,Washington,2021-02-15,328047,4675,,,0,,,,,,
392,US,Washington,2021-02-16,329746,4709,,,34,,,,,,
393,US,Washington,2021-02-17,330807,4759,,,50,,,,,,
394,US,Washington,2021-02-18,332007,4803,,,44,,,,,,
395,US,Washington,2021-02-19,332904,4822,,,19,,,,,,
396,US,Washington,2021-02-20,333794,4822,,,0,,,,,,
397,US,Washington,2021-02-21,333794,4822,,,0,,,,,,
398,US,Washington,2021-02-22,334962,4857,,,35,,,,,,
399,US,Washington,2021-02-23,335693,4881,,,24,,,,,,
400,US,Washington,2021-02-24,336565,4912,,,31,,,,,,
401,US,Washington,2021-02-25,337653,4942,,,30,,,,,,
402,US,Washington,2021-02-26,338822,4956,,,14,,,,,,
403,US,Washington,2021-02-27,339773,4956,,,0,,,,,,
404,US,Washington,2021-02-28,339773,4956,,,0,,,,,,
405,US,Washington,2021-03-01,340708,4969,,,13,,,,,,
406,US,Washington,2021-03-02,341441,4988,,,19,,,,,,
407,US,Washington,2021-03-03,342236,5012,,,24,,,,,,
408,US,Washington,2021-03-04,343090,5032,,,20,,,,,,
409,US,Washington,2021-03-05,343868,5041,,,9,,,,,,
410,US,Washington,2021-03-06,344532,5041,,,0,,,,,,
411,US,Washington,2021-03-07,344532,5041,,,0,,,,,,
412,US,Washington,2021-03-08,345731,5063,,,22,,,,,,
413,US,Washington,2021-03-09,346403,5077,,,14,,,,,,
414,US,Washington,2021-03-10,347131,5100,,,23,,,,,,
415,US,Washington,2021-03-11,347884,5107,,,7,,,,,,
416,US,Washington,2021-03-12,348516,5123,,,16,,,,,,
417,US,Washington,2021-03-13,349425,5123,,,0,,,,,,
418,US,Washington,2021-03-14,349425,5123,,,0,,,,,,
419,US,Washington,2021-03-15,350506,5135,,,12,,,,,,
420,US,Washington,2021-03-16,351109,5149,,,14,,,,,,
421,US,Washington,2021-03-17,352012,5156,,,7,,,,,,
422,US,Washington,2021-03-18,352907,5168,,,12,,,,,,
423,US,Washington,2021-03-19,353792,5174,,,6,,,,,,
424,US,Washington,2021-03-20,354782,5174,,,0,,,,,,
425,US,Washington,2021-03-21,354782,5174,,,0,,,,,,
426,US,Washington,2021-03-22,355986,5183,,,9,,,,,,
427,US,Washington,2021-03-23,356536,5186,,,3,,,,,,
428,US,Washington,2021-03-24,357499,5200,,,14,,,,,,
429,US,Washington,2021-03-25,358606,5213,,,13,,,,,,
430,US,Washington,2021-03-26,359666,5218,,,5,,,,,,
431,US,Washington,2021-03-27,361115,5218,,,0,,,,,,
432,US,Washington,2021-03-28,361115,5218,,,0,,,,,,
433,US,Washington,2021-03-29,362385,5226,,,8,,,,,,
434,US,Washington,2021-03-30,363235,5237,,,11,,,,,,
435,US,Washington,2021-03-31,364486,5247,,,10,,,,,,
436,US,Washington,2021-04-01,365762,5262,,,15,,,,,,
437,US,Washington,2021-04-02,367115,5278,,,16,,,,,,
438,US,Washington,2021-04-03,368403,5278,,,0,,,,,,
439,US,Washington,2021-04-04,368403,5278,,,0,,,,,,
440,US,Washington,2021-04-05,370017,5285,,,7,,,,,,
441,US,Washington,2021-04-06,370652,5299,,,14,,,,,,
442,US,Washington,2021-04-07,372170,5306,,,7,,,,,,
443,US,Washington,2021-04-08,373212,5316,,,10,,,,,,
444,US,Washington,2021-04-09,374794,5322,,,6,,,,,,
445,US,Washington,2021-04-10,376230,5322,,,0,,,,,,
446,US,Washington,2021-04-11,376230,5322,,,0,,,,,,
447,US,Washington,2021-04-12,377952,5329,,,7,,,,,,
448,US,Washington,2021-04-13,379056,5340,,,11,,,,,,
449,US,Washington,2021-04-14,380339,5357,,,17,,,,,,
450,US,Washington,2021-04-15,381725,5362,,,5,,,,,,
451,US,Washington,2021-04-16,383894,5380,,,18,,,,,,
452,US,Washington,2021-04-17,385549,5380,,,0,,,,,,
