Index,Region,Subregion,Stage,Confirmed,Deaths,Recovered,Stage_Confirmed,Stage_Deaths,Stage_Recovered,Stage_Treated%,Stage_Deaths%,Stage_Recovered%,Stage_Treated,Recovered_Change
6,Italy,Basilicata,2020-05-20,393,27,293,393,27,293,0.8142493638676844,0.084375,0.915625,320,
7,Italy,Basilicata,2020-06-09,400,27,359,80,0,66,0.825,0.0,1.0,66,0.08437499999999998
8,Italy,Basilicata,2020-06-29,402,27,372,16,0,13,0.8125,0.0,1.0,13,0.0
9,Italy,Basilicata,2020-07-19,408,28,373,9,1,1,0.2222222222222222,0.5,0.5,2,-0.5
10,Italy,Basilicata,2020-08-08,476,28,373,75,0,0,0.0,,,0,
11,Italy,Basilicata,2020-08-28,518,28,407,117,0,34,0.2905982905982906,0.0,1.0,34,
12,Italy,Basilicata,2020-09-17,628,28,434,193,0,27,0.13989637305699482,0.0,1.0,27,0.0
13,Italy,Basilicata,2020-10-07,953,35,504,491,7,70,0.15682281059063136,0.09090909090909091,0.9090909090909091,77,-0.09090909090909094
14,Italy,Basilicata,2020-10-27,1781,44,661,1242,9,157,0.13365539452495975,0.05421686746987952,0.9457831325301205,166,0.03669222343921141
15,Italy,Basilicata,2020-11-16,5106,85,949,4401,41,288,0.07475573733242445,0.12462006079027356,0.8753799392097265,329,-0.07040319332039402
16,Italy,Basilicata,2020-12-06,8940,175,2397,7906,90,1448,0.1945357955982798,0.05851755526657997,0.94148244473342,1538,0.06610250552369357
17,Italy,Basilicata,2020-12-26,10472,241,4271,7900,66,1874,0.24556962025316456,0.03402061855670103,0.965979381443299,1940,0.024496936709878958
18,Italy,Basilicata,2021-01-15,12365,289,5244,7853,48,973,0.13001400738571248,0.04701273261508325,0.9529872673849168,1021,-0.012992114058382187
19,Italy,Basilicata,2021-02-04,13435,331,9668,7902,42,4424,0.5651733738294102,0.009404388714733543,0.9905956112852664,4466,0.03760834390034962
20,Italy,Basilicata,2021-02-24,15203,369,11041,5204,38,1373,0.27113758647194464,0.026931254429482635,0.9730687455705174,1411,-0.01752686571474904
21,Italy,Basilicata,2021-03-16,17682,393,13138,6272,24,2097,0.33816964285714285,0.011315417256011316,0.9886845827439887,2121,0.01561583717347137
22,Italy,Basilicata,2021-04-05,20034,454,14664,6503,61,1526,0.2440412117484238,0.03843730308758664,0.9615626969124134,1587,-0.027121885831575376
23,Italy,Basilicata,2021-04-25,23288,513,16655,8170,59,1991,0.25091799265605874,0.02878048780487805,0.9712195121951219,2050,0.009656815282708564
24,Italy,Basilicata,2021-05-15,25535,562,19732,8367,49,3077,0.37361061312298316,0.015674984005118364,0.9843250159948816,3126,0.013105503799759721
25,Italy,Basilicata,2021-06-04,26431,581,22351,6137,19,2619,0.4298517190809842,0.007202426080363912,0.9927975739196361,2638,0.008472557924754431
26,Italy,Basilicata,2021-06-24,26884,589,25398,3952,8,3047,0.7730263157894737,0.002618657937806874,0.9973813420621931,3055,0.00458376814255701
27,Italy,Basilicata,2021-07-14,27054,591,25918,1067,2,520,0.48922211808809746,0.0038314176245210726,0.9961685823754789,522,-0.0012127596867141932
28,Italy,Basilicata,2021-07-26,27224,591,26082,715,0,164,0.22937062937062938,0.0,1.0,164,0.003831417624521105
