Index,Region,Subregion,Stage,Confirmed,Deaths,Recovered,Stage_Confirmed,Stage_Deaths,Stage_Recovered,Stage_Treated%,Stage_Deaths%,Stage_Recovered%,Stage_Treated,Recovered_Change
6,Italy,Toscana,2020-05-20,9982,998,6867,9982,998,6867,0.7879182528551393,0.12689129052765416,0.8731087094723459,7865,
7,Italy,Toscana,2020-06-09,10145,1077,8440,2280,79,1573,0.724561403508772,0.04782082324455206,0.9521791767554479,1652,0.07907046728310207
8,Italy,Toscana,2020-06-29,10248,1104,8817,731,27,377,0.5526675786593708,0.06683168316831684,0.9331683168316832,404,-0.019010859923764722
9,Italy,Toscana,2020-07-19,10374,1129,8920,453,25,103,0.282560706401766,0.1953125,0.8046875,128,-0.12848081683168322
10,Italy,Toscana,2020-08-08,10583,1137,8989,534,8,69,0.1441947565543071,0.1038961038961039,0.8961038961038961,77,0.09141639610389607
11,Italy,Toscana,2020-08-28,11595,1141,9105,1469,4,116,0.08168822328114364,0.03333333333333333,0.9666666666666667,120,0.0705627705627706
12,Italy,Toscana,2020-09-17,13423,1152,9621,3177,11,516,0.16587976078061065,0.020872865275142316,0.9791271347248577,527,0.01246046805819101
13,Italy,Toscana,2020-10-07,16273,1170,10673,5500,18,1052,0.19454545454545455,0.016822429906542057,0.983177570093458,1070,0.00405043536860028
14,Italy,Toscana,2020-10-27,35284,1290,12954,23441,120,2281,0.10242737084595367,0.04997917534360683,0.9500208246563931,2401,-0.033156745437064816
15,Italy,Toscana,2020-11-16,81836,1915,26070,67592,625,13116,0.20329328914664457,0.04548431700749581,0.9545156829925042,13741,0.004494858336111074
16,Italy,Toscana,2020-12-06,108397,2867,76331,80412,952,50261,0.6368825548425608,0.01858903012906879,0.9814109698709312,51213,0.026895286878427016
17,Italy,Toscana,2020-12-26,118557,3580,104099,39359,713,27768,0.7236210269569857,0.025034233348548155,0.9749657666514518,28481,-0.00644520321947939
18,Italy,Toscana,2021-01-15,127010,3940,114472,19331,360,10373,0.5552221819874813,0.033541414329637566,0.9664585856703625,10733,-0.00850718098108938
19,Italy,Toscana,2021-02-04,136539,4269,122580,18127,329,8108,0.4654382964638385,0.03899490340168306,0.9610050965983169,8437,-0.00545348907204557
20,Italy,Toscana,2021-02-24,151413,4599,131409,24564,330,8829,0.3728627259404006,0.036030134294136915,0.9639698657058631,9159,0.0029647691075461724
21,Italy,Toscana,2021-03-16,175335,4970,145470,39327,371,14061,0.36697434332646783,0.025706762749445677,0.9742932372505543,14432,0.010323371544691207
22,Italy,Toscana,2021-04-05,202725,5478,168023,52285,508,22553,0.4410634025054987,0.022028533021117905,0.977971466978882,23061,0.0036782297283277643
23,Italy,Toscana,2021-04-25,222814,6040,193928,49313,562,25905,0.5367144566341533,0.02123398949635395,0.9787660105036461,26467,0.0007945435247640464
24,Italy,Toscana,2021-05-15,236263,6518,215214,36295,478,21286,0.5996418239426918,0.021962874471604485,0.9780371255283955,21764,-0.0007288849752505877
25,Italy,Toscana,2021-06-04,242062,6741,228895,20330,223,13681,0.6839153959665519,0.0160385500575374,0.9839614499424626,13904,0.005924324414067095
26,Italy,Toscana,2021-06-24,244057,6854,234648,8421,113,5753,0.6965918536990856,0.019263552676440504,0.9807364473235595,5866,-0.0032250026189031278
27,Italy,Toscana,2021-07-14,245169,6896,236792,3667,42,2144,0.5961276247613854,0.0192131747483989,0.9807868252516011,2186,5.037792804163388e-05
28,Italy,Toscana,2021-07-30,251332,6912,237979,7644,16,1187,0.15737833594976453,0.013300083125519535,0.9866999168744804,1203,0.005913091622879341
