Index,Region,Subregion,Stage,Confirmed,Deaths,Recovered,Stage_Confirmed,Stage_Deaths,Stage_Recovered,Stage_Treated%,Stage_Deaths%,Stage_Recovered%,Stage_Treated,Recovered_Change
6,United Kingdom,Cayman Islands,2020-03-21,3,1,0,3,1,0,0.3333333333333333,1.0,0.0,1,
7,United Kingdom,Cayman Islands,2020-03-31,14,1,0,13,0,0,0.0,,,0,
8,United Kingdom,Cayman Islands,2020-04-10,45,1,6,44,0,6,0.13636363636363635,0.0,1.0,6,
9,United Kingdom,Cayman Islands,2020-04-20,66,1,7,59,0,1,0.01694915254237288,0.0,1.0,1,0.0
10,United Kingdom,Cayman Islands,2020-04-30,73,1,10,65,0,3,0.046153846153846156,0.0,1.0,3,0.0
11,United Kingdom,Cayman Islands,2020-05-10,81,1,41,70,0,31,0.44285714285714284,0.0,1.0,31,0.0
12,United Kingdom,Cayman Islands,2020-05-20,111,1,55,69,0,14,0.2028985507246377,0.0,1.0,14,0.0
13,United Kingdom,Cayman Islands,2020-05-30,141,1,68,85,0,13,0.15294117647058825,0.0,1.0,13,0.0
14,United Kingdom,Cayman Islands,2020-06-09,176,1,104,107,0,36,0.3364485981308411,0.0,1.0,36,0.0
15,United Kingdom,Cayman Islands,2020-06-19,195,1,143,90,0,39,0.43333333333333335,0.0,1.0,39,0.0
16,United Kingdom,Cayman Islands,2020-06-29,199,1,189,55,0,46,0.8363636363636363,0.0,1.0,46,0.0
17,United Kingdom,Cayman Islands,2020-07-09,201,1,197,11,0,8,0.7272727272727273,0.0,1.0,8,0.0
18,United Kingdom,Cayman Islands,2020-07-19,203,1,200,5,0,3,0.6,0.0,1.0,3,0.0
19,United Kingdom,Cayman Islands,2020-07-29,203,1,202,2,0,2,1.0,0.0,1.0,2,0.0
20,United Kingdom,Cayman Islands,2020-08-08,203,1,202,0,0,0,,,,0,
21,United Kingdom,Cayman Islands,2020-08-18,203,1,202,0,0,0,,,,0,
22,United Kingdom,Cayman Islands,2020-08-28,205,1,202,2,0,0,0.0,,,0,
23,United Kingdom,Cayman Islands,2020-09-07,205,1,204,2,0,2,1.0,0.0,1.0,2,
24,United Kingdom,Cayman Islands,2020-09-17,208,1,204,3,0,0,0.0,,,0,
25,United Kingdom,Cayman Islands,2020-09-27,210,1,207,5,0,3,0.6,0.0,1.0,3,
26,United Kingdom,Cayman Islands,2020-10-07,213,1,210,5,0,3,0.6,0.0,1.0,3,0.0
27,United Kingdom,Cayman Islands,2020-10-17,233,1,212,22,0,2,0.09090909090909091,0.0,1.0,2,0.0
28,United Kingdom,Cayman Islands,2020-10-27,239,1,218,26,0,6,0.23076923076923078,0.0,1.0,6,0.0
29,United Kingdom,Cayman Islands,2020-11-06,245,1,233,26,0,15,0.5769230769230769,0.0,1.0,15,0.0
30,United Kingdom,Cayman Islands,2020-11-16,257,2,240,23,1,7,0.34782608695652173,0.125,0.875,8,-0.125
31,United Kingdom,Cayman Islands,2020-11-26,269,2,249,27,0,9,0.3333333333333333,0.0,1.0,9,0.125
32,United Kingdom,Cayman Islands,2020-12-06,288,2,257,37,0,8,0.21621621621621623,0.0,1.0,8,0.0
33,United Kingdom,Cayman Islands,2020-12-16,308,2,281,49,0,24,0.4897959183673469,0.0,1.0,24,0.0
34,United Kingdom,Cayman Islands,2020-12-26,318,2,290,35,0,9,0.2571428571428571,0.0,1.0,9,0.0
35,United Kingdom,Cayman Islands,2021-01-05,350,2,305,58,0,15,0.25862068965517243,0.0,1.0,15,0.0
36,United Kingdom,Cayman Islands,2021-01-15,374,2,328,67,0,23,0.34328358208955223,0.0,1.0,23,0.0
37,United Kingdom,Cayman Islands,2021-01-25,383,2,346,53,0,18,0.33962264150943394,0.0,1.0,18,0.0
38,United Kingdom,Cayman Islands,2021-02-04,400,2,368,52,0,22,0.4230769230769231,0.0,1.0,22,0.0
39,United Kingdom,Cayman Islands,2021-02-14,416,2,378,46,0,10,0.21739130434782608,0.0,1.0,10,0.0
40,United Kingdom,Cayman Islands,2021-02-24,431,2,405,51,0,27,0.5294117647058824,0.0,1.0,27,0.0
41,United Kingdom,Cayman Islands,2021-03-06,451,2,426,44,0,21,0.4772727272727273,0.0,1.0,21,0.0
42,United Kingdom,Cayman Islands,2021-03-16,474,2,441,46,0,15,0.32608695652173914,0.0,1.0,15,0.0
43,United Kingdom,Cayman Islands,2021-03-26,487,2,462,44,0,21,0.4772727272727273,0.0,1.0,21,0.0
44,United Kingdom,Cayman Islands,2021-04-05,501,2,477,37,0,15,0.40540540540540543,0.0,1.0,15,0.0
45,United Kingdom,Cayman Islands,2021-04-15,523,2,499,44,0,22,0.5,0.0,1.0,22,0.0
46,United Kingdom,Cayman Islands,2021-04-25,531,2,509,30,0,10,0.3333333333333333,0.0,1.0,10,0.0
47,United Kingdom,Cayman Islands,2021-05-05,545,2,533,34,0,24,0.7058823529411765,0.0,1.0,24,0.0
48,United Kingdom,Cayman Islands,2021-05-15,565,2,547,30,0,14,0.4666666666666667,0.0,1.0,14,0.0
49,United Kingdom,Cayman Islands,2021-05-25,578,2,562,29,0,15,0.5172413793103449,0.0,1.0,15,0.0
50,United Kingdom,Cayman Islands,2021-06-04,584,2,571,20,0,9,0.45,0.0,1.0,9,0.0
51,United Kingdom,Cayman Islands,2021-06-14,593,2,581,20,0,10,0.5,0.0,1.0,10,0.0
52,United Kingdom,Cayman Islands,2021-06-24,609,2,588,26,0,7,0.2692307692307692,0.0,1.0,7,0.0
53,United Kingdom,Cayman Islands,2021-07-04,614,2,605,24,0,17,0.7083333333333334,0.0,1.0,17,0.0
54,United Kingdom,Cayman Islands,2021-07-14,620,2,614,13,0,9,0.6923076923076923,0.0,1.0,9,0.0
55,United Kingdom,Cayman Islands,2021-07-24,636,2,620,20,0,6,0.3,0.0,1.0,6,0.0
56,United Kingdom,Cayman Islands,2021-07-28,640,2,623,18,0,3,0.16666666666666666,0.0,1.0,3,0.0
