Index,Region,Subregion,Stage,Confirmed,Deaths,Recovered,Stage_Confirmed,Stage_Deaths,Stage_Recovered,Stage_Treated%,Stage_Deaths%,Stage_Recovered%,Stage_Treated,Recovered_Change
4,US,Utah,2020-04-30,4672,46,1939,4672,46,1939,0.4248715753424658,0.023173803526448364,0.9768261964735516,1985,
5,US,Utah,2020-05-31,9797,113,6137,7812,67,4198,0.5459549411162314,0.01570926143024619,0.9842907385697538,4265,0.007464542096202176
6,US,Utah,2020-06-30,22217,172,12398,15967,59,6261,0.3958163712657356,0.009335443037974683,0.9906645569620253,6320,0.006373818392271469
7,US,Utah,2020-07-31,40196,304,28130,27626,132,15732,0.5742416564106276,0.00832072617246596,0.9916792738275341,15864,0.0010147168655088024
8,US,Utah,2020-08-31,52107,407,43990,23673,103,15860,0.6743125079204156,0.006452421224080687,0.9935475787759193,15963,0.001868304948385191
9,US,Utah,2020-09-30,73042,459,55141,28645,52,11151,0.3910979228486647,0.004641613853432117,0.9953583861465679,11203,0.0018108073706486483
10,US,Utah,2020-10-31,114656,604,84101,59056,145,28960,0.4928373069628827,0.004981961862222986,0.995018038137777,29105,-0.00034034800879090277
11,US,Utah,2020-11-30,195706,871,134296,111001,267,50195,0.454608517040387,0.005291110142285284,0.9947088898577147,50462,-0.0003091482800623435
12,US,Utah,2020-12-31,276612,1269,224439,141445,398,90143,0.6401145321503058,0.004395798588484775,0.9956042014115152,90541,0.0008953115538005152
13,US,Utah,2021-01-31,346624,1665,306385,120916,396,81946,0.6809851467134209,0.004809210366520124,0.9951907896334798,82342,-0.000413411778035333
14,US,Utah,2021-02-28,371235,1935,352303,63185,270,45918,0.7309962807628393,0.005845674201091193,0.9941543257989088,46188,-0.0010364638345710109
15,US,Utah,2021-03-31,385641,2122,,31403,187,,,,,,
16,US,Utah,2021-04-30,397323,2202,,,80,,,,,,
17,US,Utah,2021-05-07,399760,2223,,,21,,,,,,
