Index,Region,Subregion,Stage,Confirmed,Deaths,Recovered,Stage_Confirmed,Stage_Deaths,Stage_Recovered,Stage_Treated%,Stage_Deaths%,Stage_Recovered%,Stage_Treated,Recovered_Change
4,US,Wyoming,2020-04-30,559,7,371,559,7,371,0.6762075134168157,0.018518518518518517,0.9814814814814815,378,
5,US,Wyoming,2020-05-31,903,16,658,525,9,287,0.5638095238095238,0.030405405405405407,0.9695945945945946,296,-0.011886886886886883
6,US,Wyoming,2020-06-30,1487,20,1097,813,4,439,0.5448954489544895,0.009029345372460496,0.9909706546275395,443,0.0213760600329449
7,US,Wyoming,2020-07-31,2726,26,2123,1609,6,1026,0.6413921690490988,0.005813953488372093,0.9941860465116279,1032,0.00321539188408837
8,US,Wyoming,2020-08-31,3850,37,3181,1701,11,1058,0.6284538506760728,0.01028999064546305,0.9897100093545369,1069,-0.004476037157090995
9,US,Wyoming,2020-09-30,5948,50,4791,2730,13,1610,0.5945054945054945,0.008009858287122612,0.9919901417128774,1623,0.0022801323583404587
10,US,Wyoming,2020-10-31,13298,87,8541,8457,37,3750,0.44779472626226796,0.009770266701874836,0.9902297332981251,3787,-0.0017604084147522236
11,US,Wyoming,2020-11-30,33305,215,24478,24677,128,15937,0.6510110629330956,0.007967631497043262,0.9920323685029567,16065,0.001802635204831593
12,US,Wyoming,2020-12-31,44409,438,42570,19716,223,18092,0.9289409616555082,0.012175812175812175,0.9878241878241878,18315,-0.004208180678768936
13,US,Wyoming,2021-01-31,51912,596,50003,8904,158,7433,0.852538185085355,0.020814121986563034,0.9791858780134369,7591,-0.008638309810750866
14,US,Wyoming,2021-02-28,54394,671,53132,3795,75,3129,0.8442687747035573,0.023408239700374533,0.9765917602996255,3204,-0.0025941177138114613
15,US,Wyoming,2021-03-31,56310,700,,2507,29,,,,,,
16,US,Wyoming,2021-04-30,58142,707,,,7,,,,,,
17,US,Wyoming,2021-05-31,60144,719,,,12,,,,,,
18,US,Wyoming,2021-06-21,61630,734,,,15,,,,,,
