Index,Region,Subregion,Stage,Confirmed,Deaths,Recovered,Stage_Confirmed,Stage_Deaths,Stage_Recovered,Stage_Treated%,Stage_Deaths%,Stage_Recovered%,Stage_Treated,Recovered_Change
24,Brazil,Acre,2020-05-20,2817,76,0,2817,76,0,0.026979055733049342,1.0,0.0,76,
25,Brazil,Acre,2020-05-25,4501,97,0,4425,21,0,0.0047457627118644066,1.0,0.0,21,0.0
26,Brazil,Acre,2020-05-30,6072,142,0,5975,45,0,0.007531380753138075,1.0,0.0,45,0.0
27,Brazil,Acre,2020-06-04,7021,181,0,6879,39,0,0.0056694286960314,1.0,0.0,39,0.0
28,Brazil,Acre,2020-06-09,8457,223,4336,8276,42,4336,0.5289995166747221,0.009593421653723162,0.9904065783462769,4378,0.9904065783462769
29,Brazil,Acre,2020-06-14,9642,259,5108,5083,36,772,0.15896124336022036,0.04455445544554455,0.9554455445544554,808,-0.03496103379182147
30,Brazil,Acre,2020-06-19,10987,292,5940,5620,33,832,0.15391459074733096,0.03815028901734104,0.9618497109826589,865,0.006404166428203517
31,Brazil,Acre,2020-06-24,12022,326,6270,5790,34,330,0.06286701208981002,0.09340659340659341,0.9065934065934066,364,-0.05525630438925233
32,Brazil,Acre,2020-06-29,13146,361,6270,6550,35,0,0.0053435114503816794,1.0,0.0,35,-0.9065934065934066
33,Brazil,Acre,2020-07-04,14487,391,7650,7856,30,1380,0.1794806517311609,0.02127659574468085,0.9787234042553191,1410,0.9787234042553191
34,Brazil,Acre,2020-07-09,15465,411,8604,7424,20,954,0.13119612068965517,0.02053388090349076,0.9794661190965093,974,0.0007427148411901507
35,Brazil,Acre,2020-07-14,16479,436,9198,7464,25,594,0.08293140407288317,0.04038772213247173,0.9596122778675282,619,-0.01985384122898104
36,Brazil,Acre,2020-07-19,17295,460,9858,7661,24,660,0.08928338337031719,0.03508771929824561,0.9649122807017544,684,0.0053000028342261585
37,Brazil,Acre,2020-07-24,18393,480,9858,8075,20,0,0.002476780185758514,1.0,0.0,20,-0.9649122807017544
38,Brazil,Acre,2020-07-29,19366,510,13724,9028,30,3866,0.4315463003987594,0.0077002053388090345,0.992299794661191,3896,0.992299794661191
39,Brazil,Acre,2020-08-03,20339,539,14154,6105,29,430,0.07518427518427519,0.06318082788671024,0.9368191721132898,459,-0.055480622547901204
40,Brazil,Acre,2020-08-08,21498,559,14924,6805,20,770,0.11609110947832477,0.02531645569620253,0.9746835443037974,790,0.037864372190507645
41,Brazil,Acre,2020-08-13,22242,574,15307,6759,15,383,0.058884450362479655,0.03768844221105527,0.9623115577889447,398,-0.012371986514852717
42,Brazil,Acre,2020-08-18,22933,590,15620,7052,16,313,0.04665343165059557,0.0486322188449848,0.9513677811550152,329,-0.010943776633929536
43,Brazil,Acre,2020-08-23,23719,600,18848,7509,10,3228,0.4312158742841923,0.0030883261272390363,0.9969116738727609,3238,0.045543892717745726
44,Brazil,Acre,2020-08-28,24462,608,18928,5014,8,80,0.017550857598723574,0.09090909090909091,0.9090909090909091,88,-0.08782076478185186
45,Brazil,Acre,2020-09-02,25027,618,19695,5491,10,767,0.14150427973046803,0.01287001287001287,0.9871299871299871,777,0.07803907803907806
46,Brazil,Acre,2020-09-07,25469,624,20168,5156,6,473,0.09290147401086113,0.012526096033402923,0.9874739039665971,479,0.00034391683660994765
47,Brazil,Acre,2020-09-12,26148,637,23503,5356,13,3335,0.6250933532486931,0.003882915173237754,0.9961170848267622,3348,0.008643180860165134
48,Brazil,Acre,2020-09-17,26716,646,23813,2576,9,310,0.12383540372670808,0.02821316614420063,0.9717868338557993,319,-0.024330250970962863
49,Brazil,Acre,2020-09-22,27246,651,24470,2787,5,657,0.2375313957660567,0.0075528700906344415,0.9924471299093656,662,0.02066029605356623
50,Brazil,Acre,2020-09-27,27874,657,24885,2753,6,415,0.1529240828187432,0.014251781472684086,0.9857482185273159,421,-0.006698911382049699
51,Brazil,Acre,2020-10-02,28409,661,26705,2867,4,1820,0.6362050924311127,0.0021929824561403508,0.9978070175438597,1824,0.01205879901654383
52,Brazil,Acre,2020-10-07,28818,668,26979,1452,7,274,0.19352617079889808,0.02491103202846975,0.9750889679715302,281,-0.02271804957232948
53,Brazil,Acre,2020-10-12,29063,675,27176,1416,7,197,0.1440677966101695,0.03431372549019608,0.9656862745098039,204,-0.009402693461726286
54,Brazil,Acre,2020-10-17,29693,679,27176,1842,4,0,0.002171552660152009,1.0,0.0,4,-0.9656862745098039
55,Brazil,Acre,2020-10-22,30028,685,27176,2173,6,0,0.0027611596870685687,1.0,0.0,6,0.0
56,Brazil,Acre,2020-10-27,30380,690,27959,2519,5,783,0.31282254863040887,0.006345177664974619,0.9936548223350253,788,0.9936548223350253
57,Brazil,Acre,2020-11-01,30951,693,28185,2302,3,226,0.0994787141615986,0.013100436681222707,0.9868995633187773,229,-0.006755259016248072
58,Brazil,Acre,2020-11-06,31326,697,29163,2448,4,978,0.4011437908496732,0.004073319755600814,0.9959266802443992,982,0.00902711692562197
59,Brazil,Acre,2020-11-11,32113,705,29321,2253,8,158,0.07367953839325345,0.04819277108433735,0.9518072289156626,166,-0.044119451328736625
60,Brazil,Acre,2020-11-16,33295,708,29519,3269,3,198,0.061486693178342,0.014925373134328358,0.9850746268656716,201,0.03326739795000899
61,Brazil,Acre,2020-11-21,34435,713,29823,4208,5,304,0.07343155893536121,0.016181229773462782,0.9838187702265372,309,-0.0012558566391344117
62,Brazil,Acre,2020-11-26,35304,722,30179,4768,9,356,0.0765520134228188,0.024657534246575342,0.9753424657534246,365,-0.00847630447311254
63,Brazil,Acre,2020-12-01,36563,726,30725,5662,4,546,0.0971388202048746,0.007272727272727273,0.9927272727272727,550,0.017384806973848033
64,Brazil,Acre,2020-12-06,37321,732,32215,5870,6,1490,0.254855195911414,0.004010695187165776,0.9959893048128342,1496,0.003262032085561528
65,Brazil,Acre,2020-12-11,38150,747,32536,5203,15,321,0.06457812800307515,0.044642857142857144,0.9553571428571429,336,-0.040632161955691304
66,Brazil,Acre,2020-12-16,38938,756,32779,5655,9,243,0.04456233421750663,0.03571428571428571,0.9642857142857143,252,0.008928571428571397
67,Brazil,Acre,2020-12-21,40249,767,33129,6714,11,350,0.0537682454572535,0.030470914127423823,0.9695290858725761,361,0.005243371586861834
68,Brazil,Acre,2020-12-26,40736,780,33316,6840,13,187,0.029239766081871343,0.065,0.935,200,-0.03452908587257608
69,Brazil,Acre,2020-12-31,41620,795,33670,7524,15,354,0.04904306220095694,0.04065040650406504,0.959349593495935,369,0.024349593495934907
70,Brazil,Acre,2021-01-05,42170,808,33921,7705,13,251,0.03426346528228423,0.04924242424242424,0.9507575757575758,264,-0.008592017738359159
71,Brazil,Acre,2021-01-10,43127,825,38323,8398,17,4402,0.5261967135032151,0.003847024213622992,0.996152975786377,4419,0.04539540002880116
72,Brazil,Acre,2021-01-15,44156,835,38970,5008,10,647,0.13119009584664537,0.015220700152207,0.984779299847793,657,-0.01137367593858396
73,Brazil,Acre,2021-01-20,45429,840,38970,5624,5,0,0.0008890469416785206,1.0,0.0,5,-0.984779299847793
74,Brazil,Acre,2021-01-25,46539,854,39265,6729,14,295,0.04592064199732501,0.045307443365695796,0.9546925566343042,309,0.9546925566343042
75,Brazil,Acre,2021-01-30,48347,864,40155,8228,10,890,0.10938259601361205,0.011111111111111112,0.9888888888888889,900,0.03419633225458474
76,Brazil,Acre,2021-02-04,49944,882,44202,8925,18,4047,0.45546218487394957,0.004428044280442804,0.9955719557195571,4065,0.006683066830668216
77,Brazil,Acre,2021-02-09,51269,900,44440,6185,18,238,0.04139046079223929,0.0703125,0.9296875,256,-0.06588445571955714
78,Brazil,Acre,2021-02-14,53027,921,45594,7687,21,1154,0.1528554702744894,0.017872340425531916,0.9821276595744681,1175,0.052440159574468126
79,Brazil,Acre,2021-02-19,54562,951,45883,8047,30,289,0.03964210264694917,0.09404388714733543,0.9059561128526645,319,-0.0761715467218036
80,Brazil,Acre,2021-02-24,55881,975,46097,9047,24,214,0.0263070631148447,0.10084033613445378,0.8991596638655462,238,-0.0067964489871182865
81,Brazil,Acre,2021-03-01,57894,1012,46623,10822,37,526,0.05202365551654038,0.06571936056838366,0.9342806394316163,563,0.03512097556607008
82,Brazil,Acre,2021-03-02,58081,1020,46780,10446,8,157,0.015795519816197586,0.048484848484848485,0.9515151515151515,165,0.017234512083535214
