Index,Region,Subregion,Stage,Confirmed,Deaths,Recovered,Stage_Confirmed,Stage_Deaths,Stage_Recovered,Stage_Treated%,Stage_Deaths%,Stage_Recovered%,Stage_Treated,Recovered_Change
24,Brazil,Ceara,2020-05-20,30560,1900,0,30560,1900,0,0.06217277486910995,1.0,0.0,1900,
25,Brazil,Ceara,2020-05-25,36185,2493,0,34285,593,0,0.01729619367070147,1.0,0.0,593,0.0
26,Brazil,Ceara,2020-05-30,46506,2956,0,44013,463,0,0.010519619203417173,1.0,0.0,463,0.0
27,Brazil,Ceara,2020-06-04,59795,3813,0,56839,857,0,0.015077675539682261,1.0,0.0,857,0.0
28,Brazil,Ceara,2020-06-09,68384,4309,48659,64571,496,48659,0.7612550525777826,0.010090529956260808,0.9899094700437392,49155,0.9899094700437392
29,Brazil,Ceara,2020-06-14,76748,4861,56352,23780,552,7693,0.34671993271656854,0.06694966646452395,0.9330503335354761,8245,-0.05685913650826313
30,Brazil,Ceara,2020-06-19,89863,5460,65927,28650,599,9575,0.3551134380453752,0.05887556516610969,0.9411244348338903,10174,0.008074101298414238
31,Brazil,Ceara,2020-06-24,99578,5815,74571,28191,355,8644,0.3192153524174382,0.039448827647516393,0.9605511723524837,8999,0.019426737518593362
32,Brazil,Ceara,2020-06-29,108225,6076,83670,27839,261,9099,0.3362189733826646,0.027884615384615386,0.9721153846153846,9360,0.011564212262900941
33,Brazil,Ceara,2020-07-04,120952,6411,93784,31206,335,10114,0.3348394539511632,0.03206048425686669,0.9679395157431333,10449,-0.004175868872251298
34,Brazil,Ceara,2020-07-09,131000,6741,104162,30805,330,10378,0.34760590813179676,0.030818079940231603,0.9691819200597684,10708,0.0012424043166351373
35,Brazil,Ceara,2020-07-14,139437,6977,113509,28534,236,9347,0.3358449568935305,0.024626943545862465,0.9753730564541375,9583,0.006191136394369079
36,Brazil,Ceara,2020-07-19,146972,7178,120079,26486,201,6570,0.2556444914294344,0.02968542312804608,0.9703145768719539,6771,-0.005058479582183639
37,Brazil,Ceara,2020-07-24,158824,7426,129221,31567,248,9142,0.29746253999429784,0.026411075612353566,0.9735889243876464,9390,0.003274347515692555
38,Brazil,Ceara,2020-07-29,169072,7643,141449,32425,217,12228,0.38380878951426367,0.01743672157492969,0.9825632784250703,12445,0.00897435403742386
39,Brazil,Ceara,2020-08-03,176961,7752,148514,27869,109,7065,0.25741863719545016,0.015193755227209367,0.9848062447727907,7174,0.0022429663477203654
40,Brazil,Ceara,2020-08-08,188244,7951,159622,31978,199,11108,0.3535868409531553,0.017599716989475545,0.9824002830105244,11307,-0.002405961762266262
41,Brazil,Ceara,2020-08-13,194081,8088,164742,26508,137,5120,0.19831748905990645,0.02606049077420582,0.9739395092257942,5257,-0.008460773784730202
42,Brazil,Ceara,2020-08-18,199258,8196,170767,26428,108,6025,0.23206447706977448,0.017609652698516224,0.9823903473014838,6133,0.008450838075689582
43,Brazil,Ceara,2020-08-23,205441,8289,175237,26478,93,4470,0.17233174711080898,0.020381328073635765,0.9796186719263642,4563,-0.0027716753751195755
44,Brazil,Ceara,2020-08-28,212484,8376,186731,28958,87,11494,0.39992402790247944,0.007512304636905276,0.9924876953630948,11581,0.012869023436730576
45,Brazil,Ceara,2020-09-02,218396,8480,192335,23289,104,5604,0.24509425050453004,0.018220042046250877,0.9817799579537492,5708,-0.010707737409345608
46,Brazil,Ceara,2020-09-07,222445,8566,197162,21630,86,4827,0.22713823393435045,0.0175045796865459,0.982495420313454,4913,0.000715462359704877
47,Brazil,Ceara,2020-09-12,227075,8685,201352,21347,119,4190,0.20185506160116176,0.027616616384311905,0.9723833836156881,4309,-0.010112036697765947
48,Brazil,Ceara,2020-09-17,231438,8774,205521,21401,89,4169,0.1989626652960142,0.02090183184593706,0.9790981681540629,4258,0.006714784538374818
49,Brazil,Ceara,2020-09-22,235222,8850,209243,20927,76,3722,0.18148802981793855,0.020010531858873092,0.9799894681411269,3798,0.0008912999870639426
50,Brazil,Ceara,2020-09-27,238935,8919,212215,20842,69,2972,0.14590730256213416,0.022689904636632688,0.9773100953633673,3041,-0.0026793727777595366
51,Brazil,Ceara,2020-10-02,241684,9023,214797,20550,104,2582,0.13070559610705595,0.0387192851824274,0.9612807148175726,2686,-0.016029380545794725
52,Brazil,Ceara,2020-10-07,256764,9094,221233,32944,71,6436,0.19751699854298202,0.01091132626402336,0.9890886737359766,6507,0.02780795891840404
53,Brazil,Ceara,2020-10-12,260222,9135,223281,29895,41,2048,0.06987790600434855,0.019626615605552896,0.9803733843944471,2089,-0.008715289341529542
54,Brazil,Ceara,2020-10-17,264245,9207,223281,31829,72,0,0.002262088032925948,1.0,0.0,72,-0.9803733843944471
55,Brazil,Ceara,2020-10-22,268274,9243,223281,35786,36,0,0.0010059799921757111,1.0,0.0,36,0.0
56,Brazil,Ceara,2020-10-27,271006,9305,231923,38482,62,8642,0.2261836702874071,0.007123161764705882,0.9928768382352942,8704,0.9928768382352942
57,Brazil,Ceara,2020-11-01,274341,9360,234363,33113,55,2440,0.07534805061456226,0.022044088176352707,0.9779559118236473,2495,-0.014920926411646884
58,Brazil,Ceara,2020-11-06,277252,9393,236899,33529,33,2536,0.07662023919591995,0.012845465161541456,0.9871545348384585,2569,0.009198623014811225
59,Brazil,Ceara,2020-11-11,279989,9418,239613,33697,25,2714,0.08128320028489183,0.009127418765972983,0.990872581234027,2739,0.0037180463955684973
60,Brazil,Ceara,2020-11-16,286562,9440,242630,37531,22,3017,0.08097306226852469,0.007239223428759461,0.9927607765712405,3039,0.0018881953372135163
61,Brazil,Ceara,2020-11-21,290959,9487,245463,38889,47,2833,0.07405693126591067,0.016319444444444445,0.9836805555555556,2880,-0.009080221015684953
62,Brazil,Ceara,2020-11-26,297152,9545,248685,42202,58,3222,0.07772143500308042,0.01768292682926829,0.9823170731707317,3280,-0.0013634823848238664
63,Brazil,Ceara,2020-12-01,301414,9629,251114,43184,84,2429,0.05819284920340867,0.033426183844011144,0.9665738161559888,2513,-0.015743257014742884
64,Brazil,Ceara,2020-12-06,304443,9693,253736,43700,64,2622,0.061464530892448514,0.023827252419955324,0.9761727475800447,2686,0.009598931424055879
65,Brazil,Ceara,2020-12-11,314445,9772,257263,51016,79,3527,0.07068370707229105,0.021907931225734888,0.9780920687742651,3606,0.0019193211942204469
66,Brazil,Ceara,2020-12-16,320385,9857,259388,53350,85,2125,0.04142455482661668,0.038461538461538464,0.9615384615384616,2210,-0.01655360723580357
67,Brazil,Ceara,2020-12-21,324196,9916,263112,54951,59,3724,0.0688431511710433,0.015596087761036215,0.9844039122389638,3783,0.022865450700502277
68,Brazil,Ceara,2020-12-26,327832,9952,265528,54804,36,2416,0.04474125976206116,0.01468189233278956,0.9853181076672104,2452,0.0009141954282465559
69,Brazil,Ceara,2020-12-31,335091,9990,269343,59611,38,3815,0.06463572159500763,0.009862444848170258,0.9901375551518298,3853,0.004819447484619377
70,Brazil,Ceara,2021-01-05,337956,10042,272302,58623,52,2959,0.051362093376319876,0.017270009963467288,0.9827299900365327,3011,-0.0074075651152970545
71,Brazil,Ceara,2021-01-10,344813,10155,275120,62469,113,2818,0.04691927195889161,0.03855339474582054,0.9614466052541795,2931,-0.021283384782353254
72,Brazil,Ceara,2021-01-15,351351,10209,278015,66076,54,2895,0.04463042557055512,0.018311291963377416,0.9816887080366226,2949,0.020242102782443094
73,Brazil,Ceara,2021-01-20,356985,10243,279170,68761,34,1155,0.017291778769942263,0.028595458368376788,0.9714045416316233,1189,-0.010284166404999295
74,Brazil,Ceara,2021-01-25,363967,10332,282884,74554,89,3714,0.051010006170024415,0.02340257691296345,0.9765974230870366,3803,0.005192881455413301
75,Brazil,Ceara,2021-01-30,370300,10465,286040,77084,133,3156,0.04266773908982409,0.040437823046518696,0.9595621769534813,3289,-0.017035246133555226
76,Brazil,Ceara,2021-02-04,378198,10556,288011,81693,91,1971,0.025240840708506237,0.04413191076624636,0.9558680892337537,2062,-0.003694087719727679
77,Brazil,Ceara,2021-02-09,386108,10640,293583,87541,84,5572,0.06460972572851578,0.01485148514851485,0.9851485148514851,5656,0.029280425617731476
78,Brazil,Ceara,2021-02-14,393650,10822,298193,89427,182,4610,0.05358560613684905,0.037979966611018365,0.9620200333889817,4792,-0.02312848146250346
79,Brazil,Ceara,2021-02-19,408555,10868,308294,99540,46,10101,0.10193891902752662,0.00453335961367892,0.995466640386321,10147,0.03344660699733937
80,Brazil,Ceara,2021-02-24,415664,11087,308294,96502,219,0,0.0022693830179685397,1.0,0.0,219,-0.995466640386321
81,Brazil,Ceara,2021-03-01,427148,11293,315001,107767,206,6707,0.06414765187858992,0.02979892955301606,0.9702010704469839,6913,0.9702010704469839
82,Brazil,Ceara,2021-03-06,442439,11664,321045,116145,371,6044,0.05523268328382625,0.057833203429462195,0.9421667965705378,6415,-0.02803427387644608
83,Brazil,Ceara,2021-03-11,456948,12087,330556,124239,423,9511,0.07995878910809005,0.04258103482987719,0.9574189651701228,9934,0.015252168599585003
84,Brazil,Ceara,2021-03-16,478046,12394,339223,135403,307,8667,0.06627622726232063,0.03420993982616447,0.9657900601738355,8974,0.008371095003712692
85,Brazil,Ceara,2021-03-21,498400,12870,347877,146783,476,8654,0.06220066356458173,0.05213581599123768,0.9478641840087623,9130,-0.01792587616507324
86,Brazil,Ceara,2021-03-26,516556,13313,363882,155809,443,16005,0.10556514707109345,0.026933365758754865,0.9730666342412452,16448,0.02520245023248291
87,Brazil,Ceara,2021-03-31,538301,14024,380789,161106,711,16907,0.10935657269127158,0.04035645362697241,0.9596435463730276,17618,-0.013423087868217554
88,Brazil,Ceara,2021-04-05,552009,14407,388801,157196,383,8012,0.05340466678541439,0.0456223942823109,0.9543776057176891,8395,-0.005265940655338475
89,Brazil,Ceara,2021-04-10,584619,15427,403511,181411,1020,14710,0.08670918522030087,0.06484424666242848,0.9351557533375715,15730,-0.019221852380117643
90,Brazil,Ceara,2021-04-15,597518,15650,411754,178580,223,8243,0.04740732444842648,0.02634065674462556,0.9736593432553744,8466,0.038503589917802894
91,Brazil,Ceara,2021-04-20,623781,16307,428865,196377,657,17111,0.09047902758469678,0.036976587122917605,0.9630234128770824,17768,-0.010635930378292024
92,Brazil,Ceara,2021-04-25,650846,16988,440233,205674,681,11368,0.05858300028199967,0.05651921321271475,0.9434807867872852,12049,-0.019542626089797177
93,Brazil,Ceara,2021-04-30,667528,17418,459424,210307,430,19191,0.09329694208942166,0.021915294837164263,0.9780847051628357,19621,0.034603918375550546
94,Brazil,Ceara,2021-05-05,693300,18098,460112,216458,680,688,0.006319932735218842,0.49707602339181284,0.5029239766081871,1368,-0.47516072855464864
95,Brazil,Ceara,2021-05-10,716862,18538,475516,238652,440,15404,0.0663895546653705,0.027770764958343852,0.9722292350416561,15844,0.46930525843346904
96,Brazil,Ceara,2021-05-15,736774,19069,482741,242720,531,7225,0.03195451549110086,0.06846312532233109,0.9315368746776689,7756,-0.04069236036398727
97,Brazil,Ceara,2021-05-20,756076,19573,526133,254266,504,43392,0.17263810340352229,0.011481683980317113,0.9885183160196829,43896,0.056981441342013994
98,Brazil,Ceara,2021-05-25,778444,19954,538568,232738,381,12435,0.05506621179180022,0.029728464419475655,0.9702715355805244,12816,-0.018246780439158505
99,Brazil,Ceara,2021-05-30,800446,20441,550049,241924,487,11481,0.049470081513202493,0.0406918449197861,0.9593081550802139,11968,-0.010963380500310427
100,Brazil,Ceara,2021-06-04,819014,20851,569170,248524,410,19121,0.07858798345431427,0.020992268701039374,0.9790077312989607,19531,0.01969957621874674
101,Brazil,Ceara,2021-06-09,828838,21349,574900,238817,498,5730,0.026078545497179847,0.07996146435452794,0.9200385356454721,6228,-0.05896919565348857
102,Brazil,Ceara,2021-06-14,848248,21460,588565,251999,111,13665,0.05466688359874444,0.008057491289198606,0.9919425087108014,13776,0.07190397306532925
103,Brazil,Ceara,2021-06-19,864529,22043,602956,254504,583,14391,0.05883601043598529,0.038934152531053826,0.9610658474689462,14974,-0.030876661241855174
104,Brazil,Ceara,2021-06-24,872631,22304,613007,247632,261,10051,0.04164243716482523,0.02531031807602793,0.9746896819239721,10312,0.013623834455025907
105,Brazil,Ceara,2021-06-29,885468,22554,618554,250157,250,5547,0.02317344707523675,0.043125754700707265,0.9568742452992928,5797,-0.017815436624679326
106,Brazil,Ceara,2021-07-01,887774,22627,622443,246666,73,3889,0.01606220557352858,0.018425037859666836,0.9815749621403331,3962,0.02470071684104036
