Index,Region,Subregion,Stage,Confirmed,Deaths,Recovered,Stage_Confirmed,Stage_Deaths,Stage_Recovered,Stage_Treated%,Stage_Deaths%,Stage_Recovered%,Stage_Treated,Recovered_Change
2,Lithuania,,2020-02-29,1,0,0,1,0,0,0.0,,,0,
3,Lithuania,,2020-03-31,468,4,15,468,4,15,0.0405982905982906,0.21052631578947367,0.7894736842105263,19,
4,Lithuania,,2020-04-30,1375,32,651,1356,28,636,0.4896755162241888,0.04216867469879518,0.9578313253012049,664,0.16835764109067852
5,Lithuania,,2020-05-31,1667,54,1271,984,22,620,0.6524390243902439,0.03426791277258567,0.9657320872274143,642,0.007900761926209476
6,Lithuania,,2020-06-30,1812,61,1541,487,7,270,0.5687885010266941,0.02527075812274368,0.9747292418772563,277,0.008997154649841965
7,Lithuania,,2020-07-31,2069,63,1691,467,2,150,0.32548179871520344,0.013157894736842105,0.9868421052631579,152,0.012112863385901562
8,Lithuania,,2020-08-31,2900,69,1909,1146,6,218,0.19546247818499127,0.026785714285714284,0.9732142857142857,224,-0.013627819548872155
9,Lithuania,,2020-09-30,4688,77,2419,2710,8,510,0.19114391143911438,0.015444015444015444,0.9845559845559846,518,0.011341698841698888
10,Lithuania,,2020-10-31,14815,152,5246,12319,75,2827,0.2355710690802825,0.025844245348035838,0.9741557546519641,2902,-0.010400229904020453
11,Lithuania,,2020-11-30,61311,620,22455,55913,468,17209,0.31615187881172535,0.026475080613226225,0.9735249193867738,17677,-0.0006308352651903659
12,Lithuania,,2020-12-31,141955,1796,72130,118880,1176,49675,0.42775067294751007,0.02312638886157598,0.976873611138424,50851,0.0033486917516502013
13,Lithuania,,2021-01-31,182543,2808,129285,108617,1012,57155,0.5355239050977287,0.017398181099248716,0.9826018189007513,58167,0.0057282077623272976
14,Lithuania,,2021-02-13,187991,2988,142313,55898,180,13028,0.23628752370388922,0.013628104179285281,0.9863718958207147,13208,0.00377007691996345
