Index,Region,Subregion,Stage,Confirmed,Deaths,Recovered,Stage_Confirmed,Stage_Deaths,Stage_Recovered,Stage_Treated%,Stage_Deaths%,Stage_Recovered%,Stage_Treated,Recovered_Change
26,Colombia,Antioquia,2020-05-30,1024,6,449,1024,6,449,0.4443359375,0.013186813186813187,0.9868131868131869,455,
27,Colombia,Antioquia,2020-06-04,1260,7,518,805,1,69,0.08695652173913043,0.014285714285714285,0.9857142857142858,70,-0.001098901098901095
28,Colombia,Antioquia,2020-06-09,1574,10,589,1049,3,71,0.07054337464251668,0.04054054054054054,0.9594594594594594,74,-0.026254826254826336
29,Colombia,Antioquia,2020-06-14,1884,10,765,1285,0,176,0.1369649805447471,0.0,1.0,176,0.04054054054054057
30,Colombia,Antioquia,2020-06-19,2498,13,909,1723,3,144,0.0853163087637841,0.02040816326530612,0.9795918367346939,147,-0.020408163265306145
31,Colombia,Antioquia,2020-06-24,3098,18,1187,2176,5,278,0.13005514705882354,0.0176678445229682,0.9823321554770318,283,0.0027403187423379327
32,Colombia,Antioquia,2020-06-29,4089,27,1521,2884,9,334,0.11893203883495146,0.026239067055393587,0.9737609329446064,343,-0.008571222532425371
33,Colombia,Antioquia,2020-07-04,5263,42,2083,3715,15,562,0.15531628532974429,0.025996533795493933,0.9740034662045061,577,0.00024253325989964658
34,Colombia,Antioquia,2020-07-09,7246,66,2451,5121,24,368,0.07654754930677601,0.061224489795918366,0.9387755102040817,392,-0.03522795600042439
35,Colombia,Antioquia,2020-07-14,9582,109,2944,7065,43,493,0.07586694975230007,0.08022388059701492,0.9197761194029851,536,-0.018999390801096583
36,Colombia,Antioquia,2020-07-19,15647,193,4348,12594,84,1404,0.11815150071462602,0.056451612903225805,0.9435483870967742,1488,0.02377226769378915
37,Colombia,Antioquia,2020-07-24,21922,301,6011,17381,108,1663,0.10189287152637938,0.060982495765104464,0.9390175042348955,1771,-0.004530882861878749
38,Colombia,Antioquia,2020-07-29,28845,429,8721,22533,128,2710,0.1259486087072294,0.04510218463706836,0.9548978153629316,2838,0.015880311128036118
39,Colombia,Antioquia,2020-08-03,40927,625,13170,31777,196,4449,0.14617490637882746,0.04219590958019376,0.9578040904198063,4645,0.0029062750568746853
40,Colombia,Antioquia,2020-08-08,48342,834,19654,34547,209,6484,0.1937360697021449,0.031226654713880173,0.9687733452861198,6693,0.010969254866313505
41,Colombia,Antioquia,2020-08-13,57360,1023,27747,36872,189,8093,0.22461488392275983,0.02282057474040087,0.9771794252595991,8282,0.008406079973479308
42,Colombia,Antioquia,2020-08-18,64679,1226,39880,35909,203,12133,0.3435350469241694,0.016455901426718548,0.9835440985732814,12336,0.00636467331368229
43,Colombia,Antioquia,2020-08-23,71158,1417,49952,30052,191,10072,0.3415080527086384,0.018610542726298352,0.9813894572737016,10263,-0.0021546412995797626
44,Colombia,Antioquia,2020-08-28,77709,1603,57125,26340,186,7173,0.2793849658314351,0.025275173257236036,0.974724826742764,7359,-0.006664630530937687
45,Colombia,Antioquia,2020-09-02,83248,1784,64922,24520,181,7797,0.3253670473083197,0.02268739032338932,0.9773126096766107,7978,0.0025877829338467606
46,Colombia,Antioquia,2020-09-07,89094,1889,70908,22388,105,5986,0.27206539217437914,0.017238548678377933,0.9827614513216221,6091,0.00544884164501136
47,Colombia,Antioquia,2020-09-12,94447,2053,81502,21650,164,10594,0.496905311778291,0.015244469232199293,0.9847555307678008,10758,0.001994079446178687
48,Colombia,Antioquia,2020-09-17,100831,2145,84515,17276,92,3013,0.17972910395924982,0.02962962962962963,0.9703703703703703,3105,-0.01438516039743043
49,Colombia,Antioquia,2020-09-22,106111,2222,88117,19451,77,3602,0.18914194642948948,0.02092960043490079,0.9790703995650992,3679,0.008700029194728898
50,Colombia,Antioquia,2020-09-27,112470,2337,99922,22131,115,11805,0.5386109981473951,0.00964765100671141,0.9903523489932886,11920,0.011281949428189386
51,Colombia,Antioquia,2020-10-02,117083,2464,107822,14824,127,7900,0.5414867781975176,0.01582160209293634,0.9841783979070636,8027,-0.0061739510862249825
52,Colombia,Antioquia,2020-10-07,122871,2568,109409,12585,104,1587,0.13436630909813269,0.06150206978119456,0.9384979302188055,1691,-0.045680467688258175
53,Colombia,Antioquia,2020-10-12,134342,2701,114467,22365,133,5058,0.23210373351218422,0.025621267578501253,0.9743787324214987,5191,0.035880802202693296
54,Colombia,Antioquia,2020-10-17,141427,2819,126390,24259,118,11923,0.4963518694092914,0.00979985051075492,0.9902001494892451,12041,0.015821417067746313
55,Colombia,Antioquia,2020-10-22,149191,2940,137659,19982,121,11269,0.5700130117105395,0.010623353819139597,0.9893766461808604,11390,-0.0008235033083846544
56,Colombia,Antioquia,2020-10-27,160040,3086,144683,19441,146,7024,0.3688081888791729,0.020362622036262202,0.9796373779637378,7170,-0.009739268217122565
57,Colombia,Antioquia,2020-11-01,170819,3253,156116,23050,167,11433,0.5032537960954447,0.01439655172413793,0.9856034482758621,11600,0.005966070312124261
58,Colombia,Antioquia,2020-11-06,180520,3394,164834,21151,141,8718,0.418845444659827,0.01591601760921097,0.984083982390789,8859,-0.0015194658850731235
59,Colombia,Antioquia,2020-11-11,187837,3540,174100,19609,146,9266,0.4799836809628232,0.01551211219719507,0.9844878878028049,9412,0.0004039054120159591
60,Colombia,Antioquia,2020-11-16,195046,3644,182429,17406,104,8329,0.48448810754912097,0.012332503260998459,0.9876674967390016,8433,0.0031796089361966207
61,Colombia,Antioquia,2020-11-21,201521,3811,188397,15448,167,5968,0.3971387881926463,0.02722086389568052,0.9727791361043194,6135,-0.01488836063468213
62,Colombia,Antioquia,2020-11-26,208147,3946,193808,15939,135,5411,0.3479515653428697,0.02434186801298233,0.9756581319870177,5546,0.002878995882698243
63,Colombia,Antioquia,2020-12-01,215415,4086,200546,17661,140,6738,0.3894456712530434,0.020354754289037512,0.9796452457109625,6878,0.00398711372394478
64,Colombia,Antioquia,2020-12-06,221918,4184,205012,17286,98,4466,0.26402869374059934,0.02147239263803681,0.9785276073619632,4564,-0.0011176383489992503
65,Colombia,Antioquia,2020-12-11,226936,4289,211713,17740,105,6701,0.38365276211950394,0.015427563914193358,0.9845724360858067,6806,0.006044828723843487
66,Colombia,Antioquia,2020-12-16,234925,4394,217585,18923,105,5872,0.3158590075569413,0.017567341475656684,0.9824326585243434,5977,-0.0021397775614633296
67,Colombia,Antioquia,2020-12-21,244723,4524,222831,22744,130,5246,0.23637003165670067,0.02418154761904762,0.9758184523809523,5376,-0.006614206143391033
68,Colombia,Antioquia,2020-12-26,254482,4662,233897,27127,138,11066,0.41302023813912336,0.012317029632274188,0.9876829703677258,11204,0.01186451798677346
69,Colombia,Antioquia,2020-12-31,261592,4786,243989,23033,124,10092,0.4435375331046759,0.012137823022709476,0.9878621769772905,10216,0.00017920660956471934
70,Colombia,Antioquia,2021-01-05,273430,4929,251373,24655,143,7384,0.30529304400730073,0.018998272884283247,0.9810017271157168,7527,-0.0068604498615737475
71,Colombia,Antioquia,2021-01-10,287473,5112,261307,31171,183,9934,0.3245644990536075,0.01808836611643768,0.9819116338835623,10117,0.0009099067678455253
72,Colombia,Antioquia,2021-01-15,299359,5282,271825,32940,170,10518,0.32446873102610807,0.01590568862275449,0.9840943113772455,10688,0.0021826774936831717
73,Colombia,Antioquia,2021-01-16,301675,5336,275321,24568,54,3496,0.1444969065450993,0.015211267605633802,0.9847887323943662,3550,0.0006944210171206944
