Index,Region,Subregion,Stage,Confirmed,Deaths,Recovered,Stage_Confirmed,Stage_Deaths,Stage_Recovered,Stage_Treated%,Stage_Deaths%,Stage_Recovered%,Stage_Treated,Recovered_Change
26,Colombia,Atlantico,2020-05-30,3424,87,451,3424,87,451,0.15712616822429906,0.16171003717472118,0.8382899628252788,538,
27,Colombia,Atlantico,2020-06-04,4756,137,1234,4218,50,783,0.19748696064485538,0.060024009603841535,0.9399759903961584,833,0.10168602757087963
28,Colombia,Atlantico,2020-06-09,6761,246,2173,5390,109,939,0.19443413729128015,0.10400763358778627,0.8959923664122137,1048,-0.04398362398394473
29,Colombia,Atlantico,2020-06-14,9077,377,2707,6658,131,534,0.09987984379693601,0.19699248120300752,0.8030075187969925,665,-0.09298484761522119
30,Colombia,Atlantico,2020-06-19,13151,543,3234,10067,166,527,0.06883878017284197,0.23953823953823955,0.7604617604617605,693,-0.042545758335232
31,Colombia,Atlantico,2020-06-24,16871,760,4721,13094,217,1487,0.1301359401252482,0.1273474178403756,0.8726525821596244,1704,0.11219082169786387
32,Colombia,Atlantico,2020-06-29,22049,1117,6686,16568,357,1965,0.1401496861419604,0.15374677002583978,0.8462532299741602,2322,-0.026399352185464187
33,Colombia,Atlantico,2020-07-04,25788,1409,8719,17985,292,2033,0.1292743953294412,0.12559139784946236,0.8744086021505376,2325,0.028155372176377425
34,Colombia,Atlantico,2020-07-09,29572,1719,11080,19444,310,2361,0.1373688541452376,0.11606140022463497,0.883938599775365,2671,0.009529997624827424
35,Colombia,Atlantico,2020-07-14,34585,1995,15287,21786,276,4207,0.2057743505003213,0.06156591568146331,0.9384340843185367,4483,0.05449548454317166
36,Colombia,Atlantico,2020-07-19,43813,2176,24428,26531,181,9141,0.35136255700878216,0.01941643424157906,0.980583565758421,9322,0.042149481439884284
37,Colombia,Atlantico,2020-07-24,47005,2332,29592,20401,156,5164,0.26077153080731336,0.029323308270676692,0.9706766917293234,5320,-0.009906874029097623
38,Colombia,Atlantico,2020-07-29,50732,2475,35585,18808,143,5993,0.3262441514249256,0.023305084745762712,0.9766949152542372,6136,0.006018223524913879
39,Colombia,Atlantico,2020-08-03,54434,2586,40553,16374,111,4968,0.31018688164162694,0.021854695806261076,0.9781453041937389,5079,0.0014503889395016678
40,Colombia,Atlantico,2020-08-08,57525,2669,44207,14386,83,3654,0.25976643959404977,0.02221032914102221,0.9777896708589778,3737,-0.00035563333476107406
41,Colombia,Atlantico,2020-08-13,59797,2734,47530,12921,65,3323,0.2622088073678508,0.019185360094451005,0.980814639905549,3388,0.0030249690465711243
42,Colombia,Atlantico,2020-08-18,61571,2783,51656,11307,49,4126,0.36924029362341915,0.011736526946107785,0.9882634730538922,4175,0.007448833148343215
43,Colombia,Atlantico,2020-08-23,62804,2832,54557,8365,49,2901,0.3526598924088464,0.016610169491525422,0.9833898305084746,2950,-0.004873642545417556
44,Colombia,Atlantico,2020-08-28,63758,2876,56918,6369,44,2361,0.37761029989009265,0.018295218295218296,0.9817047817047817,2405,-0.0016850488036929123
45,Colombia,Atlantico,2020-09-02,64357,2917,58574,4563,41,1656,0.37190444882752577,0.024160282852091926,0.9758397171479081,1697,-0.005865064556873634
46,Colombia,Atlantico,2020-09-07,65072,2946,59841,3581,29,1267,0.3619100809829657,0.022376543209876542,0.9776234567901234,1296,0.0017837396422153429
47,Colombia,Atlantico,2020-09-12,65726,2974,61181,2939,28,1340,0.46546444368832934,0.02046783625730994,0.97953216374269,1368,0.001908706952566619
48,Colombia,Atlantico,2020-09-17,66296,3002,61509,2141,28,328,0.1662774404483886,0.07865168539325842,0.9213483146067416,356,-0.05818384913594843
49,Colombia,Atlantico,2020-09-22,66780,3030,61845,2269,28,336,0.1604230938739533,0.07692307692307693,0.9230769230769231,364,0.0017286084701815252
50,Colombia,Atlantico,2020-09-27,67317,3062,63036,2442,32,1191,0.5008190008190008,0.02616516762060507,0.9738348323793949,1223,0.050757909302471815
51,Colombia,Atlantico,2020-10-02,67748,3074,63828,1650,12,792,0.48727272727272725,0.014925373134328358,0.9850746268656716,804,0.011239794486276655
52,Colombia,Atlantico,2020-10-07,68465,3080,64015,1563,6,187,0.12348048624440179,0.031088082901554404,0.9689119170984456,193,-0.016162709767226002
53,Colombia,Atlantico,2020-10-12,69025,3089,64496,1930,9,481,0.2538860103626943,0.018367346938775512,0.9816326530612245,490,0.012720735962778895
54,Colombia,Atlantico,2020-10-17,69557,3100,65162,1972,11,666,0.3433062880324544,0.01624815361890694,0.983751846381093,677,0.0021191933198685398
55,Colombia,Atlantico,2020-10-22,70288,3113,65982,2026,13,820,0.41115498519249755,0.015606242496998799,0.9843937575030012,833,0.0006419111219081453
56,Colombia,Atlantico,2020-10-27,70997,3121,66593,1902,8,611,0.325446898002103,0.012924071082390954,0.9870759289176091,619,0.0026821714146079145
57,Colombia,Atlantico,2020-11-01,72102,3135,67478,2388,14,885,0.37646566164154105,0.01557285873192436,0.9844271412680756,899,-0.0026487876495334683
58,Colombia,Atlantico,2020-11-06,73079,3142,68388,2466,7,910,0.3718572587185726,0.007633587786259542,0.9923664122137404,917,0.007939270945664822
59,Colombia,Atlantico,2020-11-11,73913,3151,69658,2383,9,1270,0.536718422156945,0.007036747458952306,0.9929632525410477,1279,0.0005968403273072242
60,Colombia,Atlantico,2020-11-16,74835,3161,70586,2026,10,928,0.4629812438302073,0.010660980810234541,0.9893390191897654,938,-0.0036242333512822578
61,Colombia,Atlantico,2020-11-21,75783,3177,71438,2036,16,852,0.4263261296660118,0.018433179723502304,0.9815668202764977,868,-0.007772198913267747
62,Colombia,Atlantico,2020-11-26,76924,3195,72342,2309,18,904,0.3993070593330446,0.019522776572668113,0.9804772234273319,922,-0.0010895968491657637
63,Colombia,Atlantico,2020-12-01,78542,3208,73415,3005,13,1073,0.36139767054908484,0.011970534069981584,0.9880294659300184,1086,0.00755224250268649
64,Colombia,Atlantico,2020-12-06,80283,3227,74859,3660,19,1444,0.39972677595628414,0.012987012987012988,0.987012987012987,1463,-0.0010164789170313826
65,Colombia,Atlantico,2020-12-11,81809,3257,76720,3723,30,1861,0.5079237174321783,0.015864621893178214,0.9841353781068218,1891,-0.0028776089061651744
66,Colombia,Atlantico,2020-12-16,84057,3290,78230,4080,33,1510,0.3781862745098039,0.02138690861957226,0.9786130913804277,1543,-0.005522286726394099
67,Colombia,Atlantico,2020-12-21,87609,3331,81006,6089,41,2776,0.4626375431105272,0.01455449059282925,0.9854455094071708,2817,0.006832418026743059
68,Colombia,Atlantico,2020-12-26,91202,3385,84259,6865,54,3253,0.48171886380189366,0.016328999092833384,0.9836710009071666,3307,-0.0017745085000041572
69,Colombia,Atlantico,2020-12-31,93975,3433,87316,6331,48,3057,0.49044384773337546,0.015458937198067632,0.9845410628019323,3105,0.0008700618947656835
70,Colombia,Atlantico,2021-01-05,96681,3481,89842,5932,48,2526,0.4339177343223196,0.018648018648018648,0.9813519813519813,2574,-0.0031890814499510034
71,Colombia,Atlantico,2021-01-10,99883,3550,92543,6560,69,2701,0.4222560975609756,0.024909747292418773,0.9750902527075812,2770,-0.006261728644400111
72,Colombia,Atlantico,2021-01-15,103430,3615,96041,7337,65,3498,0.48562082595066103,0.018243053606511368,0.9817569463934886,3563,0.006666693685907443
73,Colombia,Atlantico,2021-01-20,107995,3678,99737,8339,63,3696,0.4507734740376544,0.01675977653631285,0.9832402234636871,3759,0.0014832770701984632
74,Colombia,Atlantico,2021-01-25,111348,3765,102876,7933,87,3139,0.4066557418378923,0.026968381897086176,0.9730316181029138,3226,-0.010208605360773282
75,Colombia,Atlantico,2021-01-30,114633,3814,107407,7992,49,4531,0.5730730730730731,0.010698689956331877,0.9893013100436682,4580,0.01626969194075434
76,Colombia,Atlantico,2021-02-04,116619,3866,110343,5398,52,2936,0.5535383475361245,0.01740294511378849,0.9825970548862115,2988,-0.006704255157456651
77,Colombia,Atlantico,2021-02-09,118653,3912,112723,4444,46,2380,0.5459045904590459,0.018961253091508656,0.9810387469084914,2426,-0.0015583079777201636
78,Colombia,Atlantico,2021-02-14,120090,3944,114239,3455,32,1516,0.4480463096960926,0.020671834625323,0.979328165374677,1548,-0.0017105815338143149
79,Colombia,Atlantico,2021-02-19,121100,3980,115433,2917,36,1194,0.4216660953033939,0.02926829268292683,0.9707317073170731,1230,-0.008596458057603895
80,Colombia,Atlantico,2021-02-24,122497,4013,116669,3084,33,1236,0.41147859922178986,0.026004728132387706,0.9739952718676123,1269,0.003263564550539111
81,Colombia,Atlantico,2021-03-01,123889,4032,117706,3207,19,1037,0.3292797006548176,0.017992424242424244,0.9820075757575758,1056,0.008012303889963546
82,Colombia,Atlantico,2021-03-06,124867,4055,118751,3129,23,1045,0.34132310642377756,0.02153558052434457,0.9784644194756554,1068,-0.0035431562819203677
83,Colombia,Atlantico,2021-03-11,127053,4082,120701,4247,27,1950,0.4655050623969861,0.013657056145675266,0.9863429438543247,1977,0.007878524378669316
84,Colombia,Atlantico,2021-03-16,130088,4125,122846,5305,43,2145,0.41244109330819984,0.019652650822669104,0.9803473491773309,2188,-0.005995594676993843
85,Colombia,Atlantico,2021-03-21,134816,4208,125523,7845,83,2677,0.35181644359464626,0.030072463768115943,0.9699275362318841,2760,-0.010419812945446805
86,Colombia,Atlantico,2021-03-26,141639,4315,130822,11908,107,5299,0.4539805172992946,0.019792822789493156,0.9802071772105069,5406,0.010279640978622773
87,Colombia,Atlantico,2021-03-31,151635,4494,137149,16498,179,6327,0.3943508304036853,0.027513064863203197,0.9724869351367968,6506,-0.007720242073710026
88,Colombia,Atlantico,2021-04-05,164099,4703,149058,22456,209,11909,0.5396330602066263,0.017247070473675526,0.9827529295263244,12118,0.010265994389527577
89,Colombia,Atlantico,2021-04-10,178643,5055,162027,24882,352,12969,0.535366931918656,0.026424442609413706,0.9735755573905863,13321,-0.009177372135738104
90,Colombia,Atlantico,2021-04-15,195462,5447,176359,28380,392,14332,0.5188160676532769,0.026623200217332246,0.9733767997826678,14724,-0.0001987576079185427
91,Colombia,Atlantico,2021-04-20,208969,5928,191356,27163,481,14997,0.5698192394065457,0.03107636645561442,0.9689236335443856,15478,-0.00445316623828218
92,Colombia,Atlantico,2021-04-23,218229,6185,199951,20945,257,8595,0.42263069945094295,0.02903298689561681,0.9709670131043832,8852,0.00204337955999756
