Index,Region,Subregion,Stage,Confirmed,Deaths,Recovered,Stage_Confirmed,Stage_Deaths,Stage_Recovered,Stage_Treated%,Stage_Deaths%,Stage_Recovered%,Stage_Treated,Recovered_Change
26,Colombia,Caqueta,2020-05-30,24,1,7,24,1,7,0.3333333333333333,0.125,0.875,8,
27,Colombia,Caqueta,2020-06-04,24,2,18,16,1,11,0.75,0.08333333333333333,0.9166666666666666,12,0.04166666666666663
28,Colombia,Caqueta,2020-06-09,25,2,21,5,0,3,0.6,0.0,1.0,3,0.08333333333333337
29,Colombia,Caqueta,2020-06-14,25,2,21,2,0,0,0.0,,,0,
30,Colombia,Caqueta,2020-06-19,29,2,21,6,0,0,0.0,,,0,
31,Colombia,Caqueta,2020-06-24,29,2,22,6,0,1,0.16666666666666666,0.0,1.0,1,
32,Colombia,Caqueta,2020-06-29,35,2,22,11,0,0,0.0,,,0,
33,Colombia,Caqueta,2020-07-04,43,2,22,19,0,0,0.0,,,0,
34,Colombia,Caqueta,2020-07-09,82,2,23,58,0,1,0.017241379310344827,0.0,1.0,1,
35,Colombia,Caqueta,2020-07-14,118,3,23,93,1,0,0.010752688172043012,1.0,0.0,1,-1.0
36,Colombia,Caqueta,2020-07-19,324,5,38,298,2,15,0.05704697986577181,0.11764705882352941,0.8823529411764706,17,0.8823529411764706
37,Colombia,Caqueta,2020-07-24,489,8,55,446,3,17,0.04484304932735426,0.15,0.85,20,-0.032352941176470584
38,Colombia,Caqueta,2020-07-29,816,16,128,753,8,73,0.10756972111553785,0.09876543209876543,0.9012345679012346,81,0.051234567901234596
39,Colombia,Caqueta,2020-08-03,1515,33,255,1371,17,127,0.1050328227571116,0.11805555555555555,0.8819444444444444,144,-0.019290123456790154
40,Colombia,Caqueta,2020-08-08,2141,54,539,1853,21,284,0.1645979492714517,0.06885245901639345,0.9311475409836065,305,0.049203096539162106
41,Colombia,Caqueta,2020-08-13,3068,84,1009,2475,30,470,0.20202020202020202,0.06,0.94,500,0.008852459016393421
42,Colombia,Caqueta,2020-08-18,4129,120,1791,3036,36,782,0.269433465085639,0.044009779951100246,0.9559902200488998,818,0.015990220048899828
43,Colombia,Caqueta,2020-08-23,4836,160,2968,2925,40,1177,0.41606837606837604,0.03286770747740345,0.9671322925225966,1217,0.011142072473696807
44,Colombia,Caqueta,2020-08-28,5536,189,3763,2408,29,795,0.34219269102990035,0.03519417475728155,0.9648058252427184,824,-0.002326467279878175
45,Colombia,Caqueta,2020-09-02,6307,207,4346,2355,18,583,0.2552016985138004,0.029950083194675542,0.9700499168053245,601,0.005244091562606079
46,Colombia,Caqueta,2020-09-07,6789,223,5215,2236,16,869,0.3957960644007156,0.01807909604519774,0.9819209039548022,885,0.011870987149477763
47,Colombia,Caqueta,2020-09-12,7249,256,6218,1811,33,1003,0.5720596355604638,0.03185328185328185,0.9681467181467182,1036,-0.013774185808084094
48,Colombia,Caqueta,2020-09-17,7387,269,6438,913,13,220,0.2552026286966046,0.055793991416309016,0.944206008583691,233,-0.023940709563027185
49,Colombia,Caqueta,2020-09-22,7793,277,6718,1086,8,280,0.26519337016574585,0.027777777777777776,0.9722222222222222,288,0.02801621363853124
50,Colombia,Caqueta,2020-09-27,8429,296,7115,1434,19,397,0.2900976290097629,0.04567307692307692,0.9543269230769231,416,-0.01789529914529908
51,Colombia,Caqueta,2020-10-02,8598,305,7744,1187,9,629,0.5374894692502106,0.014106583072100314,0.9858934169278997,638,0.03156649385097654
52,Colombia,Caqueta,2020-10-07,9259,321,7868,1210,16,124,0.11570247933884298,0.11428571428571428,0.8857142857142857,140,-0.10017913121361399
53,Colombia,Caqueta,2020-10-12,9870,340,8427,1681,19,559,0.3438429506246282,0.0328719723183391,0.967128027681661,578,0.08141374196737527
54,Colombia,Caqueta,2020-10-17,10154,351,8840,1387,11,413,0.3056957462148522,0.025943396226415096,0.9740566037735849,424,0.006928576091923988
55,Colombia,Caqueta,2020-10-22,10587,374,9373,1396,23,533,0.3982808022922636,0.04136690647482014,0.9586330935251799,556,-0.015423510248405048
56,Colombia,Caqueta,2020-10-27,11036,387,9741,1289,13,368,0.295577967416602,0.03412073490813648,0.9658792650918635,381,0.007246171566683612
57,Colombia,Caqueta,2020-11-01,11445,398,10136,1317,11,395,0.3082763857251329,0.027093596059113302,0.9729064039408867,406,0.007027138849023173
58,Colombia,Caqueta,2020-11-06,11824,406,10458,1290,8,322,0.2558139534883721,0.024242424242424242,0.9757575757575757,330,0.0028511718166890354
59,Colombia,Caqueta,2020-11-11,12185,424,10947,1321,18,489,0.3838001514004542,0.03550295857988166,0.9644970414201184,507,-0.011260534337457329
60,Colombia,Caqueta,2020-11-16,12557,431,11317,1186,7,370,0.3178752107925801,0.01856763925729443,0.9814323607427056,377,0.016935319322587183
61,Colombia,Caqueta,2020-11-21,12784,450,11637,1036,19,320,0.32722007722007723,0.05604719764011799,0.943952802359882,339,-0.037479558382823575
62,Colombia,Caqueta,2020-11-26,13083,463,11889,996,13,252,0.2660642570281124,0.04905660377358491,0.9509433962264151,265,0.006990593866533112
63,Colombia,Caqueta,2020-12-01,13409,480,12173,1057,17,284,0.2847682119205298,0.05647840531561462,0.9435215946843853,301,-0.00742180154202976
64,Colombia,Caqueta,2020-12-06,13694,485,12391,1041,5,218,0.21421709894332372,0.02242152466367713,0.9775784753363229,223,0.03405688065193757
65,Colombia,Caqueta,2020-12-11,13869,492,12640,993,7,249,0.2578046324269889,0.02734375,0.97265625,256,-0.004922225336322916
66,Colombia,Caqueta,2020-12-16,14087,502,12822,955,10,182,0.20104712041884817,0.052083333333333336,0.9479166666666666,192,-0.02473958333333337
67,Colombia,Caqueta,2020-12-21,14449,510,13065,1125,8,243,0.22311111111111112,0.03187250996015936,0.9681274900398407,251,0.020210823373174036
68,Colombia,Caqueta,2020-12-26,14815,523,13408,1240,13,343,0.2870967741935484,0.03651685393258427,0.9634831460674157,356,-0.004644343972424969
69,Colombia,Caqueta,2020-12-31,15000,530,13684,1069,7,276,0.264733395696913,0.024734982332155476,0.9752650176678446,283,0.011781871600428873
70,Colombia,Caqueta,2021-01-05,15174,536,13858,960,6,174,0.1875,0.03333333333333333,0.9666666666666667,180,-0.008598351001177895
71,Colombia,Caqueta,2021-01-10,15450,550,14019,1056,14,161,0.16571969696969696,0.08,0.92,175,-0.046666666666666634
72,Colombia,Caqueta,2021-01-15,15705,563,14393,1136,13,374,0.34066901408450706,0.03359173126614987,0.9664082687338501,387,0.04640826873385007
73,Colombia,Caqueta,2021-01-20,16070,572,14816,1114,9,423,0.3877917414721723,0.020833333333333332,0.9791666666666666,432,0.012758397932816523
74,Colombia,Caqueta,2021-01-25,16262,579,15002,874,7,186,0.2208237986270023,0.03626943005181347,0.9637305699481865,193,-0.015436096718480119
75,Colombia,Caqueta,2021-01-30,16541,589,15373,960,10,371,0.396875,0.026246719160104987,0.973753280839895,381,0.010022710891708475
76,Colombia,Caqueta,2021-02-04,16698,598,15554,736,9,181,0.25815217391304346,0.04736842105263158,0.9526315789473684,190,-0.0211217018925266
77,Colombia,Caqueta,2021-02-09,16811,609,15687,659,11,133,0.21851289833080426,0.0763888888888889,0.9236111111111112,144,-0.029020467836257224
78,Colombia,Caqueta,2021-02-14,16914,615,15913,618,6,226,0.37540453074433655,0.02586206896551724,0.9741379310344828,232,0.0505268199233716
79,Colombia,Caqueta,2021-02-19,16963,623,15991,435,8,78,0.19770114942528735,0.09302325581395349,0.9069767441860465,86,-0.0671611868484363
80,Colombia,Caqueta,2021-02-24,17005,628,16074,391,5,83,0.22506393861892582,0.056818181818181816,0.9431818181818182,88,0.036205073995771775
81,Colombia,Caqueta,2021-03-01,17033,632,16120,331,4,46,0.1510574018126888,0.08,0.92,50,-0.023181818181818192
82,Colombia,Caqueta,2021-03-06,17060,636,16173,308,4,53,0.18506493506493507,0.07017543859649122,0.9298245614035088,57,0.009824561403508736
83,Colombia,Caqueta,2021-03-11,17096,637,16230,287,1,57,0.20209059233449478,0.017241379310344827,0.9827586206896551,58,0.05293405928614636
84,Colombia,Caqueta,2021-03-16,17122,640,16257,255,3,27,0.11764705882352941,0.1,0.9,30,-0.08275862068965512
85,Colombia,Caqueta,2021-03-21,17143,643,16294,246,3,37,0.16260162601626016,0.075,0.925,40,0.025000000000000022
86,Colombia,Caqueta,2021-03-26,17161,647,16310,224,4,16,0.08928571428571429,0.2,0.8,20,-0.125
87,Colombia,Caqueta,2021-03-31,17185,649,16328,228,2,18,0.08771929824561403,0.1,0.9,20,0.09999999999999998
88,Colombia,Caqueta,2021-04-05,17207,651,16359,230,2,31,0.14347826086956522,0.06060606060606061,0.9393939393939394,33,0.039393939393939426
89,Colombia,Caqueta,2021-04-10,17239,652,16389,229,1,30,0.13537117903930132,0.03225806451612903,0.967741935483871,31,0.02834799608993155
90,Colombia,Caqueta,2021-04-15,17283,652,16432,242,0,43,0.17768595041322313,0.0,1.0,43,0.032258064516129004
91,Colombia,Caqueta,2021-04-20,17347,654,16479,263,2,47,0.18631178707224336,0.04081632653061224,0.9591836734693877,49,-0.04081632653061229
92,Colombia,Caqueta,2021-04-25,17405,655,16554,272,1,75,0.27941176470588236,0.013157894736842105,0.9868421052631579,76,0.027658431793770144
93,Colombia,Caqueta,2021-04-30,17486,655,16635,277,0,81,0.2924187725631769,0.0,1.0,81,0.013157894736842146
94,Colombia,Caqueta,2021-05-05,17596,658,16754,306,3,119,0.39869281045751637,0.02459016393442623,0.9754098360655737,122,-0.024590163934426257
95,Colombia,Caqueta,2021-05-10,17662,659,16838,250,1,84,0.34,0.011764705882352941,0.9882352941176471,85,0.012825458052073357
96,Colombia,Caqueta,2021-05-15,17779,665,16888,282,6,50,0.19858156028368795,0.10714285714285714,0.8928571428571429,56,-0.0953781512605042
97,Colombia,Caqueta,2021-05-20,17870,668,16959,317,3,71,0.2334384858044164,0.04054054054054054,0.9594594594594594,74,0.06660231660231652
98,Colombia,Caqueta,2021-05-25,18119,672,17115,492,4,156,0.3252032520325203,0.025,0.975,160,0.015540540540540548
99,Colombia,Caqueta,2021-05-30,18270,683,17284,483,11,169,0.37267080745341613,0.06111111111111111,0.9388888888888889,180,-0.036111111111111094
100,Colombia,Caqueta,2021-06-04,18565,691,17522,598,8,238,0.411371237458194,0.032520325203252036,0.967479674796748,246,0.02859078590785913
101,Colombia,Caqueta,2021-06-09,18697,698,17698,484,7,176,0.378099173553719,0.03825136612021858,0.9617486338797814,183,-0.005731040916966634
102,Colombia,Caqueta,2021-06-14,18815,700,17874,419,2,176,0.42482100238663484,0.011235955056179775,0.9887640449438202,178,0.02701541106403882
103,Colombia,Caqueta,2021-06-19,19482,725,18369,908,25,495,0.5726872246696035,0.04807692307692308,0.9519230769230769,520,-0.036840968020743325
104,Colombia,Caqueta,2021-06-24,19804,757,18671,710,32,302,0.4704225352112676,0.09580838323353294,0.9041916167664671,334,-0.047731460156609784
105,Colombia,Caqueta,2021-06-29,20204,774,18989,776,17,318,0.43170103092783507,0.050746268656716415,0.9492537313432836,335,0.045062114576816525
106,Colombia,Caqueta,2021-07-04,20549,783,19286,786,9,297,0.3893129770992366,0.029411764705882353,0.9705882352941176,306,0.021334503950834027
107,Colombia,Caqueta,2021-07-09,20979,807,19576,910,24,290,0.34505494505494505,0.07643312101910828,0.9235668789808917,314,-0.047021356313225904
108,Colombia,Caqueta,2021-07-12,21153,809,19877,770,2,301,0.3935064935064935,0.006600660066006601,0.9933993399339934,303,0.0698324609531017
