Index,Region,Subregion,Stage,Confirmed,Deaths,Recovered,Stage_Confirmed,Stage_Deaths,Stage_Recovered,Stage_Treated%,Stage_Deaths%,Stage_Recovered%,Stage_Treated,Recovered_Change
26,Colombia,Guainia,2020-05-30,6,0,0,6,0,0,0.0,,,0,
27,Colombia,Guainia,2020-06-04,6,0,0,6,0,0,0.0,,,0,
28,Colombia,Guainia,2020-06-09,6,0,0,6,0,0,0.0,,,0,
29,Colombia,Guainia,2020-06-14,7,1,0,7,1,0,0.14285714285714285,1.0,0.0,1,
30,Colombia,Guainia,2020-06-19,7,1,2,6,0,2,0.3333333333333333,0.0,1.0,2,1.0
31,Colombia,Guainia,2020-06-24,14,1,2,11,0,0,0.0,,,0,
32,Colombia,Guainia,2020-06-29,14,1,2,11,0,0,0.0,,,0,
33,Colombia,Guainia,2020-07-04,14,1,2,11,0,0,0.0,,,0,
34,Colombia,Guainia,2020-07-09,14,1,11,11,0,9,0.8181818181818182,0.0,1.0,9,
35,Colombia,Guainia,2020-07-14,14,1,11,2,0,0,0.0,,,0,
36,Colombia,Guainia,2020-07-19,14,1,13,2,0,2,1.0,0.0,1.0,2,
37,Colombia,Guainia,2020-07-24,14,1,13,0,0,0,,,,0,
38,Colombia,Guainia,2020-07-29,14,1,13,0,0,0,,,,0,
39,Colombia,Guainia,2020-08-03,14,1,13,0,0,0,,,,0,
40,Colombia,Guainia,2020-08-08,14,1,13,0,0,0,,,,0,
41,Colombia,Guainia,2020-08-13,20,1,13,6,0,0,0.0,,,0,
42,Colombia,Guainia,2020-08-18,20,2,13,6,1,0,0.16666666666666666,1.0,0.0,1,
43,Colombia,Guainia,2020-08-23,42,2,14,27,0,1,0.037037037037037035,0.0,1.0,1,1.0
44,Colombia,Guainia,2020-08-28,92,2,17,76,0,3,0.039473684210526314,0.0,1.0,3,0.0
45,Colombia,Guainia,2020-09-02,164,5,22,145,3,5,0.05517241379310345,0.375,0.625,8,-0.375
46,Colombia,Guainia,2020-09-07,171,6,54,144,1,32,0.22916666666666666,0.030303030303030304,0.9696969696969697,33,0.3446969696969697
47,Colombia,Guainia,2020-09-12,342,9,190,282,3,136,0.4929078014184397,0.02158273381294964,0.9784172661870504,139,0.008720296490080659
48,Colombia,Guainia,2020-09-17,500,10,228,301,1,38,0.12956810631229235,0.02564102564102564,0.9743589743589743,39,-0.004058291828076044
49,Colombia,Guainia,2020-09-22,651,10,338,413,0,110,0.26634382566585957,0.0,1.0,110,0.02564102564102566
50,Colombia,Guainia,2020-09-27,767,12,626,419,2,288,0.6921241050119332,0.006896551724137931,0.993103448275862,290,-0.006896551724137945
51,Colombia,Guainia,2020-10-02,933,14,804,295,2,178,0.6101694915254238,0.011111111111111112,0.9888888888888889,180,-0.004214559386973127
52,Colombia,Guainia,2020-10-07,992,16,860,174,2,56,0.3333333333333333,0.034482758620689655,0.9655172413793104,58,-0.02337164750957854
53,Colombia,Guainia,2020-10-12,1026,17,912,150,1,52,0.35333333333333333,0.018867924528301886,0.9811320754716981,53,0.01561483409238773
54,Colombia,Guainia,2020-10-17,1077,17,991,148,0,79,0.5337837837837838,0.0,1.0,79,0.018867924528301883
55,Colombia,Guainia,2020-10-22,1097,18,1047,89,1,56,0.6404494382022472,0.017543859649122806,0.9824561403508771,57,-0.01754385964912286
56,Colombia,Guainia,2020-10-27,1116,18,1083,51,0,36,0.7058823529411765,0.0,1.0,36,0.01754385964912286
57,Colombia,Guainia,2020-11-01,1147,18,1102,46,0,19,0.41304347826086957,0.0,1.0,19,0.0
58,Colombia,Guainia,2020-11-06,1152,18,1130,32,0,28,0.875,0.0,1.0,28,0.0
59,Colombia,Guainia,2020-11-11,1164,19,1140,16,1,10,0.6875,0.09090909090909091,0.9090909090909091,11,-0.09090909090909094
60,Colombia,Guainia,2020-11-16,1168,19,1142,9,0,2,0.2222222222222222,0.0,1.0,2,0.09090909090909094
61,Colombia,Guainia,2020-11-21,1186,19,1149,25,0,7,0.28,0.0,1.0,7,0.0
62,Colombia,Guainia,2020-11-26,1189,19,1163,21,0,14,0.6666666666666666,0.0,1.0,14,0.0
63,Colombia,Guainia,2020-12-01,1205,19,1170,23,0,7,0.30434782608695654,0.0,1.0,7,0.0
64,Colombia,Guainia,2020-12-06,1213,19,1183,24,0,13,0.5416666666666666,0.0,1.0,13,0.0
65,Colombia,Guainia,2020-12-11,1217,19,1190,15,0,7,0.4666666666666667,0.0,1.0,7,0.0
66,Colombia,Guainia,2020-12-16,1222,19,1194,13,0,4,0.3076923076923077,0.0,1.0,4,0.0
67,Colombia,Guainia,2020-12-21,1224,19,1199,11,0,5,0.45454545454545453,0.0,1.0,5,0.0
68,Colombia,Guainia,2020-12-26,1229,19,1204,11,0,5,0.45454545454545453,0.0,1.0,5,0.0
69,Colombia,Guainia,2020-12-31,1234,20,1204,11,1,0,0.09090909090909091,1.0,0.0,1,-1.0
70,Colombia,Guainia,2021-01-05,1236,20,1206,12,0,2,0.16666666666666666,0.0,1.0,2,1.0
71,Colombia,Guainia,2021-01-10,1241,20,1211,15,0,5,0.3333333333333333,0.0,1.0,5,0.0
72,Colombia,Guainia,2021-01-15,1244,20,1215,13,0,4,0.3076923076923077,0.0,1.0,4,0.0
73,Colombia,Guainia,2021-01-20,1252,20,1219,17,0,4,0.23529411764705882,0.0,1.0,4,0.0
74,Colombia,Guainia,2021-01-25,1267,20,1229,28,0,10,0.35714285714285715,0.0,1.0,10,0.0
75,Colombia,Guainia,2021-01-30,1280,21,1238,31,1,9,0.3225806451612903,0.1,0.9,10,-0.09999999999999998
76,Colombia,Guainia,2021-02-04,1285,22,1252,26,1,14,0.5769230769230769,0.06666666666666667,0.9333333333333333,15,0.033333333333333326
77,Colombia,Guainia,2021-02-09,1290,22,1259,16,0,7,0.4375,0.0,1.0,7,0.06666666666666665
78,Colombia,Guainia,2021-02-14,1297,22,1269,16,0,10,0.625,0.0,1.0,10,0.0
79,Colombia,Guainia,2021-02-19,1299,22,1272,8,0,3,0.375,0.0,1.0,3,0.0
80,Colombia,Guainia,2021-02-24,1301,22,1272,7,0,0,0.0,,,0,
81,Colombia,Guainia,2021-03-01,1304,22,1274,10,0,2,0.2,0.0,1.0,2,
82,Colombia,Guainia,2021-03-06,1305,22,1277,9,0,3,0.3333333333333333,0.0,1.0,3,0.0
83,Colombia,Guainia,2021-03-11,1327,22,1285,28,0,8,0.2857142857142857,0.0,1.0,8,0.0
84,Colombia,Guainia,2021-03-16,1331,22,1293,24,0,8,0.3333333333333333,0.0,1.0,8,0.0
85,Colombia,Guainia,2021-03-21,1332,22,1304,17,0,11,0.6470588235294118,0.0,1.0,11,0.0
86,Colombia,Guainia,2021-03-26,1333,22,1306,7,0,2,0.2857142857142857,0.0,1.0,2,0.0
87,Colombia,Guainia,2021-03-31,1335,22,1308,7,0,2,0.2857142857142857,0.0,1.0,2,0.0
88,Colombia,Guainia,2021-04-05,1338,22,1311,8,0,3,0.375,0.0,1.0,3,0.0
89,Colombia,Guainia,2021-04-10,1343,22,1312,10,0,1,0.1,0.0,1.0,1,0.0
90,Colombia,Guainia,2021-04-15,1369,22,1331,35,0,19,0.5428571428571428,0.0,1.0,19,0.0
91,Colombia,Guainia,2021-04-20,1396,22,1354,43,0,23,0.5348837209302325,0.0,1.0,23,0.0
92,Colombia,Guainia,2021-04-25,1413,22,1374,37,0,20,0.5405405405405406,0.0,1.0,20,0.0
93,Colombia,Guainia,2021-04-30,1427,22,1388,31,0,14,0.45161290322580644,0.0,1.0,14,0.0
94,Colombia,Guainia,2021-05-05,1454,22,1409,44,0,21,0.4772727272727273,0.0,1.0,21,0.0
95,Colombia,Guainia,2021-05-10,1466,22,1430,35,0,21,0.6,0.0,1.0,21,0.0
96,Colombia,Guainia,2021-05-15,1539,22,1457,87,0,27,0.3103448275862069,0.0,1.0,27,0.0
97,Colombia,Guainia,2021-05-20,1586,22,1513,107,0,56,0.5233644859813084,0.0,1.0,56,0.0
98,Colombia,Guainia,2021-05-25,1679,22,1583,144,0,70,0.4861111111111111,0.0,1.0,70,0.0
99,Colombia,Guainia,2021-05-30,1754,22,1664,149,0,81,0.5436241610738255,0.0,1.0,81,0.0
100,Colombia,Guainia,2021-06-04,1832,22,1750,146,0,86,0.589041095890411,0.0,1.0,86,0.0
101,Colombia,Guainia,2021-06-09,1865,22,1797,93,0,47,0.5053763440860215,0.0,1.0,47,0.0
102,Colombia,Guainia,2021-06-12,1899,22,1831,80,0,34,0.425,0.0,1.0,34,0.0
