Index,Region,Subregion,Stage,Confirmed,Deaths,Recovered,Stage_Confirmed,Stage_Deaths,Stage_Recovered,Stage_Treated%,Stage_Deaths%,Stage_Recovered%,Stage_Treated,Recovered_Change
27,Russia,Mordovia Republic,2020-06-04,2051,14,1016,2051,14,1016,0.5021940516821063,0.013592233009708738,0.9864077669902913,1030,
28,Russia,Mordovia Republic,2020-06-09,2296,18,1191,1266,4,175,0.14139020537124802,0.0223463687150838,0.9776536312849162,179,-0.008754135705375088
29,Russia,Mordovia Republic,2020-06-14,2596,21,1470,1387,3,279,0.20331651045421772,0.010638297872340425,0.9893617021276596,282,0.01170807084274339
30,Russia,Mordovia Republic,2020-06-19,2874,23,1812,1383,2,342,0.24873463485177152,0.005813953488372093,0.9941860465116279,344,0.004824344383968282
31,Russia,Mordovia Republic,2020-06-24,3143,24,2007,1308,1,195,0.14984709480122324,0.00510204081632653,0.9948979591836735,196,0.0007119126720456226
32,Russia,Mordovia Republic,2020-06-29,3359,26,2158,1328,2,151,0.11521084337349398,0.013071895424836602,0.9869281045751634,153,-0.007969854608510074
33,Russia,Mordovia Republic,2020-07-04,3542,27,2397,1358,1,239,0.17673048600883653,0.004166666666666667,0.9958333333333333,240,0.008905228758169903
34,Russia,Mordovia Republic,2020-07-09,3717,28,2605,1293,1,208,0.16163959783449341,0.004784688995215311,0.9952153110047847,209,-0.0006180223285486841
35,Russia,Mordovia Republic,2020-07-14,3901,29,2799,1268,1,194,0.15378548895899052,0.005128205128205128,0.9948717948717949,195,-0.000343516132989774
36,Russia,Mordovia Republic,2020-07-19,4086,32,2973,1258,3,174,0.14069952305246422,0.01694915254237288,0.9830508474576272,177,-0.011820947414167726
37,Russia,Mordovia Republic,2020-07-24,4261,32,3173,1256,0,200,0.1592356687898089,0.0,1.0,200,0.016949152542372836
38,Russia,Mordovia Republic,2020-07-29,4424,34,3348,1219,2,175,0.14520098441345364,0.011299435028248588,0.9887005649717514,177,-0.011299435028248594
39,Russia,Mordovia Republic,2020-08-03,4585,38,3502,1203,4,154,0.1313383208645054,0.02531645569620253,0.9746835443037974,158,-0.014017020667953961
40,Russia,Mordovia Republic,2020-08-08,4739,38,3642,1199,0,140,0.11676396997497915,0.0,1.0,140,0.025316455696202556
41,Russia,Mordovia Republic,2020-08-13,4888,38,3768,1208,0,126,0.10430463576158941,0.0,1.0,126,0.0
42,Russia,Mordovia Republic,2020-08-18,5047,38,3916,1241,0,148,0.11925866236905722,0.0,1.0,148,0.0
43,Russia,Mordovia Republic,2020-08-23,5207,38,4093,1253,0,177,0.1412609736632083,0.0,1.0,177,0.0
44,Russia,Mordovia Republic,2020-08-28,5367,38,4218,1236,0,125,0.1011326860841424,0.0,1.0,125,0.0
45,Russia,Mordovia Republic,2020-09-02,5524,38,4330,1268,0,112,0.08832807570977919,0.0,1.0,112,0.0
46,Russia,Mordovia Republic,2020-09-07,5683,38,4522,1315,0,192,0.14600760456273765,0.0,1.0,192,0.0
47,Russia,Mordovia Republic,2020-09-12,5838,39,4671,1278,1,149,0.11737089201877934,0.006666666666666667,0.9933333333333333,150,-0.00666666666666671
48,Russia,Mordovia Republic,2020-09-17,5992,39,4944,1282,0,273,0.21294851794071762,0.0,1.0,273,0.00666666666666671
49,Russia,Mordovia Republic,2020-09-22,6155,40,5136,1172,1,192,0.16467576791808874,0.0051813471502590676,0.9948186528497409,193,-0.005181347150259086
50,Russia,Mordovia Republic,2020-09-27,6324,41,5267,1148,1,131,0.11498257839721254,0.007575757575757576,0.9924242424242424,132,-0.0023944104254984833
51,Russia,Mordovia Republic,2020-10-02,6514,41,5430,1206,0,163,0.1351575456053068,0.0,1.0,163,0.007575757575757569
52,Russia,Mordovia Republic,2020-10-07,6728,42,5601,1257,1,171,0.1368337311058075,0.005813953488372093,0.9941860465116279,172,-0.005813953488372103
53,Russia,Mordovia Republic,2020-10-12,7011,44,5818,1368,2,217,0.1600877192982456,0.0091324200913242,0.9908675799086758,219,-0.003318466602952097
54,Russia,Mordovia Republic,2020-10-17,7337,46,6064,1475,2,246,0.168135593220339,0.008064516129032258,0.9919354838709677,248,0.0010679039622919495
55,Russia,Mordovia Republic,2020-10-22,7662,48,6351,1552,2,287,0.18621134020618557,0.006920415224913495,0.9930795847750865,289,0.001144100904118761
56,Russia,Mordovia Republic,2020-10-27,7989,50,6650,1590,2,299,0.18930817610062894,0.006644518272425249,0.9933554817275747,301,0.0002758969524881971
57,Russia,Mordovia Republic,2020-11-01,8323,51,6968,1623,1,318,0.19654959950708564,0.003134796238244514,0.9968652037617555,319,0.0035097220341807622
58,Russia,Mordovia Republic,2020-11-06,8673,53,7240,1654,2,272,0.1656590084643289,0.0072992700729927005,0.9927007299270073,274,-0.004164473834748161
59,Russia,Mordovia Republic,2020-11-11,9073,54,7522,1780,1,282,0.15898876404494383,0.0035335689045936395,0.9964664310954063,283,0.003765701168399027
60,Russia,Mordovia Republic,2020-11-16,9517,56,7839,1941,2,317,0.16434827408552294,0.006269592476489028,0.9937304075235109,319,-0.0027360235718953962
61,Russia,Mordovia Republic,2020-11-21,9952,58,8182,2057,2,343,0.16771998055420514,0.005797101449275362,0.9942028985507246,345,0.00047249102721369507
62,Russia,Mordovia Republic,2020-11-26,10391,61,8521,2151,3,339,0.1589958158995816,0.008771929824561403,0.9912280701754386,342,-0.002974828375286065
63,Russia,Mordovia Republic,2020-12-01,10839,64,8876,2257,3,355,0.1586176340274701,0.008379888268156424,0.9916201117318436,358,0.0003920415564050428
64,Russia,Mordovia Republic,2020-12-06,11285,67,9160,2345,3,284,0.12238805970149254,0.010452961672473868,0.9895470383275261,287,-0.0020730734043175048
65,Russia,Mordovia Republic,2020-12-11,11730,71,9535,2503,4,375,0.1514182980423492,0.010554089709762533,0.9894459102902374,379,-0.00010112803728867803
66,Russia,Mordovia Republic,2020-12-16,12172,78,9935,2566,7,400,0.15861262665627435,0.0171990171990172,0.9828009828009828,407,-0.006644927489254604
67,Russia,Mordovia Republic,2020-12-21,12617,81,10329,2604,3,394,0.15245775729646696,0.007556675062972292,0.9924433249370277,397,0.009642342136044868
68,Russia,Mordovia Republic,2020-12-26,13051,86,10734,2641,5,405,0.1552442256720939,0.012195121951219513,0.9878048780487805,410,-0.004638446888247216
69,Russia,Mordovia Republic,2020-12-31,13489,95,11145,2669,9,411,0.15736230798051704,0.02142857142857143,0.9785714285714285,420,-0.00923344947735194
70,Russia,Mordovia Republic,2021-01-05,13925,97,11523,2685,2,378,0.14152700186219738,0.005263157894736842,0.9947368421052631,380,0.016165413533834605
71,Russia,Mordovia Republic,2021-01-10,14349,101,11893,2729,4,370,0.13704653719311102,0.0106951871657754,0.9893048128342246,374,-0.005432029271038585
72,Russia,Mordovia Republic,2021-01-15,14765,110,12265,2771,9,372,0.13749548899314326,0.023622047244094488,0.9763779527559056,381,-0.012926860078319002
73,Russia,Mordovia Republic,2021-01-20,15173,119,12631,2798,9,366,0.134024303073624,0.024,0.976,375,-0.0003779527559055751
74,Russia,Mordovia Republic,2021-01-25,15577,128,12994,2827,9,363,0.13158825610187477,0.024193548387096774,0.9758064516129032,372,-0.0001935483870967314
75,Russia,Mordovia Republic,2021-01-30,15966,136,13416,2844,8,422,0.15119549929676512,0.018604651162790697,0.9813953488372092,430,0.005588897224306
76,Russia,Mordovia Republic,2021-02-04,16332,141,13859,2780,5,443,0.16115107913669063,0.011160714285714286,0.9888392857142857,448,0.007443936877076451
77,Russia,Mordovia Republic,2021-02-09,16680,146,14319,2680,5,460,0.17350746268656717,0.010752688172043012,0.989247311827957,465,0.00040802611367130037
78,Russia,Mordovia Republic,2021-02-14,17012,150,14772,2547,4,453,0.17942677659992148,0.0087527352297593,0.9912472647702407,457,0.0019999529422837226
79,Russia,Mordovia Republic,2021-02-19,17331,153,15229,2409,3,457,0.19095060190950602,0.006521739130434782,0.9934782608695653,460,0.0022309960993245337
80,Russia,Mordovia Republic,2021-02-24,17629,157,15604,2247,4,375,0.16866933689363595,0.010554089709762533,0.9894459102902374,379,-0.004032350579327826
81,Russia,Mordovia Republic,2021-03-01,17882,162,15850,2121,5,246,0.11834040546911834,0.0199203187250996,0.9800796812749004,251,-0.009366229015337013
82,Russia,Mordovia Republic,2021-03-06,18101,167,16074,2089,5,224,0.10962182862613691,0.021834061135371178,0.9781659388646288,229,-0.001913742410271646
83,Russia,Mordovia Republic,2021-03-11,18300,175,16280,2059,8,206,0.1039339485186984,0.037383177570093455,0.9626168224299065,214,-0.015549116434722232
84,Russia,Mordovia Republic,2021-03-16,18493,183,16486,2038,8,206,0.10500490677134446,0.037383177570093455,0.9626168224299065,214,0.0
85,Russia,Mordovia Republic,2021-03-21,18681,191,16680,2012,8,194,0.10039761431411531,0.039603960396039604,0.9603960396039604,202,-0.002220782825946177
86,Russia,Mordovia Republic,2021-03-26,18868,197,16858,1997,6,178,0.09213820731096645,0.03260869565217391,0.967391304347826,184,0.006995264743865692
87,Russia,Mordovia Republic,2021-03-31,19052,203,17039,1997,6,181,0.09364046069103656,0.03208556149732621,0.9679144385026738,187,0.0005231341548477264
88,Russia,Mordovia Republic,2021-04-05,19235,211,17227,1993,8,188,0.09834420471650777,0.04081632653061224,0.9591836734693877,196,-0.00873076503328607
89,Russia,Mordovia Republic,2021-04-10,19417,218,17415,1979,7,188,0.09853461344113189,0.035897435897435895,0.9641025641025641,195,0.004918890633176409
90,Russia,Mordovia Republic,2021-04-15,19592,225,17599,1959,7,184,0.09749872383869321,0.03664921465968586,0.9633507853403142,191,-0.0007517787622499661
91,Russia,Mordovia Republic,2021-04-20,19760,231,17779,1936,6,180,0.09607438016528926,0.03225806451612903,0.967741935483871,186,0.004391150143556843
92,Russia,Mordovia Republic,2021-04-25,19919,237,17958,1909,6,179,0.09690937663698271,0.032432432432432434,0.9675675675675676,185,-0.00017436791630343063
93,Russia,Mordovia Republic,2021-04-30,20068,242,18069,1873,5,111,0.06193272824345969,0.04310344827586207,0.9568965517241379,116,-0.010671015843429665
94,Russia,Mordovia Republic,2021-05-05,20214,247,18172,1903,5,103,0.05675249605885444,0.046296296296296294,0.9537037037037037,108,-0.0031928480204341803
95,Russia,Mordovia Republic,2021-05-10,20358,253,18263,1939,6,91,0.05002578648788035,0.061855670103092786,0.9381443298969072,97,-0.015559373806796506
96,Russia,Mordovia Republic,2021-05-15,20500,258,18353,1984,5,90,0.04788306451612903,0.05263157894736842,0.9473684210526315,95,0.009224091155724312
97,Russia,Mordovia Republic,2021-05-20,20645,266,18435,2034,8,82,0.04424778761061947,0.08888888888888889,0.9111111111111111,90,-0.03625730994152043
98,Russia,Mordovia Republic,2021-05-25,20790,272,18519,2089,6,84,0.0430828147438966,0.06666666666666667,0.9333333333333333,90,0.022222222222222254
99,Russia,Mordovia Republic,2021-05-30,20935,280,18613,2144,8,94,0.04757462686567164,0.0784313725490196,0.9215686274509803,102,-0.01176470588235301
100,Russia,Mordovia Republic,2021-06-04,21078,286,18725,2185,6,112,0.0540045766590389,0.05084745762711865,0.9491525423728814,118,0.027583914921901043
101,Russia,Mordovia Republic,2021-06-09,21220,294,18865,2209,8,140,0.06699864191942055,0.05405405405405406,0.9459459459459459,148,-0.0032065964269354374
102,Russia,Mordovia Republic,2021-06-14,21365,302,19049,2206,8,184,0.08703535811423391,0.041666666666666664,0.9583333333333334,192,0.012387387387387427
103,Russia,Mordovia Republic,2021-06-19,21521,309,19252,2170,7,203,0.0967741935483871,0.03333333333333333,0.9666666666666667,210,0.008333333333333304
