Index,Region,Subregion,Stage,Confirmed,Deaths,Recovered,Stage_Confirmed,Stage_Deaths,Stage_Recovered,Stage_Treated%,Stage_Deaths%,Stage_Recovered%,Stage_Treated,Recovered_Change
27,Russia,Novosibirsk Oblast,2020-06-04,3226,36,1262,3226,36,1262,0.4023558586484811,0.02773497688751926,0.9722650231124808,1298,
28,Russia,Novosibirsk Oblast,2020-06-09,3752,44,1455,2454,8,193,0.08190709046454768,0.03980099502487562,0.9601990049751243,201,-0.012066018137356416
29,Russia,Novosibirsk Oblast,2020-06-14,4285,55,2148,2786,11,693,0.25269203158650394,0.015625,0.984375,704,0.024175995024875663
30,Russia,Novosibirsk Oblast,2020-06-19,4819,65,2630,2616,10,482,0.18807339449541285,0.02032520325203252,0.9796747967479674,492,-0.004700203252032575
31,Russia,Novosibirsk Oblast,2020-06-24,5356,78,3034,2661,13,404,0.15670800450958286,0.03117505995203837,0.9688249400479616,417,-0.010849856700005822
32,Russia,Novosibirsk Oblast,2020-06-29,5876,93,3392,2764,15,358,0.1349493487698987,0.040214477211796246,0.9597855227882037,373,-0.009039417259757876
33,Russia,Novosibirsk Oblast,2020-07-04,6393,105,4040,2908,12,648,0.22696011004126548,0.01818181818181818,0.9818181818181818,660,0.022032659029978086
34,Russia,Novosibirsk Oblast,2020-07-09,6932,128,4677,2787,23,637,0.23681377825618946,0.03484848484848485,0.9651515151515152,660,-0.016666666666666607
35,Russia,Novosibirsk Oblast,2020-07-14,7505,148,5367,2700,20,690,0.26296296296296295,0.028169014084507043,0.971830985915493,710,0.006679470763977791
36,Russia,Novosibirsk Oblast,2020-07-19,8077,168,6148,2562,20,781,0.3126463700234192,0.024968789013732832,0.9750312109862672,801,0.003200225070774221
37,Russia,Novosibirsk Oblast,2020-07-24,8616,190,6615,2300,22,467,0.2126086956521739,0.044989775051124746,0.9550102249488752,489,-0.020020986037391997
38,Russia,Novosibirsk Oblast,2020-07-29,9140,218,7222,2335,28,607,0.27194860813704497,0.04409448818897638,0.9559055118110236,635,0.0008952868621483479
39,Russia,Novosibirsk Oblast,2020-08-03,9654,246,8006,2214,28,784,0.36675700090334235,0.034482758620689655,0.9655172413793104,812,0.00961172956828682
40,Russia,Novosibirsk Oblast,2020-08-08,10130,273,8426,1878,27,420,0.2380191693290735,0.06040268456375839,0.9395973154362416,447,-0.0259199259430688
41,Russia,Novosibirsk Oblast,2020-08-13,10451,303,8922,1752,30,496,0.3002283105022831,0.057034220532319393,0.9429657794676806,526,0.003368464031438978
42,Russia,Novosibirsk Oblast,2020-08-18,10724,319,9385,1499,16,463,0.31954636424282856,0.033402922755741124,0.9665970772442589,479,0.023631297776578353
43,Russia,Novosibirsk Oblast,2020-08-23,10978,339,9676,1274,20,291,0.24411302982731553,0.06430868167202572,0.9356913183279743,311,-0.030905758916284665
44,Russia,Novosibirsk Oblast,2020-08-28,11238,352,9930,1223,13,254,0.21831561733442356,0.04868913857677903,0.951310861423221,267,0.015619543095246713
45,Russia,Novosibirsk Oblast,2020-09-02,11501,364,10229,1219,12,299,0.2551271534044299,0.03858520900321544,0.9614147909967846,311,0.010103929573563653
46,Russia,Novosibirsk Oblast,2020-09-07,11777,378,10518,1184,14,289,0.25591216216216217,0.0462046204620462,0.9537953795379538,303,-0.007619411458830827
47,Russia,Novosibirsk Oblast,2020-09-12,12044,390,10833,1148,12,315,0.2848432055749129,0.03669724770642202,0.963302752293578,327,0.009507372755624188
48,Russia,Novosibirsk Oblast,2020-09-17,12307,403,11112,1084,13,279,0.2693726937269373,0.04452054794520548,0.9554794520547946,292,-0.007823300238783415
49,Russia,Novosibirsk Oblast,2020-09-22,12587,420,11455,1072,17,343,0.3358208955223881,0.04722222222222222,0.9527777777777777,360,-0.002701674277016841
50,Russia,Novosibirsk Oblast,2020-09-27,12930,439,11818,1055,19,363,0.36208530805687206,0.049738219895287955,0.9502617801047121,382,-0.002515997673065651
51,Russia,Novosibirsk Oblast,2020-10-02,13314,457,12064,1057,18,246,0.24976348155156103,0.06818181818181818,0.9318181818181818,264,-0.018443598286530305
52,Russia,Novosibirsk Oblast,2020-10-07,13703,476,12294,1182,19,230,0.21065989847715735,0.07630522088353414,0.9236947791164659,249,-0.008123402701715854
53,Russia,Novosibirsk Oblast,2020-10-12,14205,496,12508,1435,20,214,0.16306620209059233,0.08547008547008547,0.9145299145299145,234,-0.009164864586551413
54,Russia,Novosibirsk Oblast,2020-10-17,14830,524,12977,1826,28,469,0.27217962760131437,0.056338028169014086,0.9436619718309859,497,0.02913205730107138
55,Russia,Novosibirsk Oblast,2020-10-22,15686,548,13353,2185,24,376,0.18306636155606407,0.06,0.94,400,-0.003661971830985933
56,Russia,Novosibirsk Oblast,2020-10-27,16581,569,13766,2680,21,413,0.1619402985074627,0.04838709677419355,0.9516129032258065,434,0.011612903225806548
57,Russia,Novosibirsk Oblast,2020-11-01,17483,590,14445,3148,21,679,0.22236340533672172,0.03,0.97,700,0.01838709677419348
58,Russia,Novosibirsk Oblast,2020-11-06,18381,612,15124,3346,22,679,0.2095038852361028,0.03138373751783167,0.9686162624821684,701,-0.001383737517831607
59,Russia,Novosibirsk Oblast,2020-11-11,19277,633,15791,3541,21,667,0.19429539678057045,0.030523255813953487,0.9694767441860465,688,0.000860481703878091
60,Russia,Novosibirsk Oblast,2020-11-16,20175,660,16379,3751,27,588,0.1639562783257798,0.04390243902439024,0.9560975609756097,615,-0.01337918321043674
61,Russia,Novosibirsk Oblast,2020-11-21,21081,687,17169,4042,27,790,0.20212765957446807,0.033047735618115054,0.966952264381885,817,0.010854703406275257
62,Russia,Novosibirsk Oblast,2020-11-26,21972,717,17810,4116,30,641,0.163022351797862,0.044709388971684055,0.9552906110283159,671,-0.011661653353569057
63,Russia,Novosibirsk Oblast,2020-12-01,22864,750,18574,4337,33,764,0.1837675812773807,0.04140526976160602,0.958594730238394,797,0.003304119210078116
64,Russia,Novosibirsk Oblast,2020-12-06,23767,786,19408,4443,36,834,0.19581363943281566,0.041379310344827586,0.9586206896551724,870,2.5959416778409405e-05
65,Russia,Novosibirsk Oblast,2020-12-11,24629,820,20297,4435,34,889,0.2081172491544532,0.03683640303358613,0.9631635969664138,923,0.0045429073112414065
66,Russia,Novosibirsk Oblast,2020-12-16,25467,853,21159,4350,33,862,0.2057471264367816,0.03687150837988827,0.9631284916201117,895,-3.5105346302133356e-05
67,Russia,Novosibirsk Oblast,2020-12-21,26305,888,22005,4293,35,846,0.20521779641276497,0.039727582292849034,0.960272417707151,881,-0.0028560739129607216
68,Russia,Novosibirsk Oblast,2020-12-26,27115,925,23131,4222,37,1126,0.2754618664140218,0.03181427343078246,0.9681857265692175,1163,0.007913308862066537
69,Russia,Novosibirsk Oblast,2020-12-31,27885,967,23996,3829,42,865,0.2368764690519718,0.04630650496141125,0.9536934950385888,907,-0.01449223153062873
70,Russia,Novosibirsk Oblast,2021-01-05,28629,1008,24898,3666,41,902,0.2572285870158211,0.043478260869565216,0.9565217391304348,943,0.0028282440918460106
71,Russia,Novosibirsk Oblast,2021-01-10,29338,1047,25734,3432,39,836,0.25495337995337997,0.044571428571428574,0.9554285714285714,875,-0.0010931677018634067
72,Russia,Novosibirsk Oblast,2021-01-15,30035,1089,26823,3254,42,1089,0.3475722188076214,0.03713527851458886,0.9628647214854111,1131,0.00743615005683973
73,Russia,Novosibirsk Oblast,2021-01-20,30747,1129,27655,2835,40,832,0.3075837742504409,0.045871559633027525,0.9541284403669725,872,-0.008736281118438605
74,Russia,Novosibirsk Oblast,2021-01-25,31440,1173,28491,2656,44,836,0.3313253012048193,0.05,0.95,880,-0.0041284403669725744
75,Russia,Novosibirsk Oblast,2021-01-30,32118,1216,29558,2454,43,1067,0.45232273838630804,0.03873873873873874,0.9612612612612612,1110,0.011261261261261257
76,Russia,Novosibirsk Oblast,2021-02-04,32786,1260,30368,2012,44,810,0.42445328031809143,0.05152224824355972,0.9484777517564403,854,-0.012783509504820878
77,Russia,Novosibirsk Oblast,2021-02-09,33427,1296,31194,1799,36,826,0.47915508615897723,0.04176334106728538,0.9582366589327146,862,0.009758907176274256
78,Russia,Novosibirsk Oblast,2021-02-14,34068,1330,31868,1578,34,674,0.44866920152091255,0.0480225988700565,0.9519774011299436,708,-0.006259257802771034
79,Russia,Novosibirsk Oblast,2021-02-19,34676,1368,32226,1478,38,358,0.2679296346414073,0.09595959595959595,0.9040404040404041,396,-0.04793699708953947
80,Russia,Novosibirsk Oblast,2021-02-24,35274,1406,32460,1680,38,234,0.1619047619047619,0.13970588235294118,0.8602941176470589,272,-0.04374628639334521
81,Russia,Novosibirsk Oblast,2021-03-01,35860,1444,32885,1994,38,425,0.23219658976930793,0.08207343412526998,0.91792656587473,463,0.05763244822767111
82,Russia,Novosibirsk Oblast,2021-03-06,36397,1482,33453,2068,38,568,0.293036750483559,0.0627062706270627,0.9372937293729373,606,0.01936716349820733
83,Russia,Novosibirsk Oblast,2021-03-11,36902,1516,33790,1967,34,337,0.18861209964412812,0.09164420485175202,0.9083557951482479,371,-0.028937934224689377
84,Russia,Novosibirsk Oblast,2021-03-16,37399,1542,34284,2093,26,494,0.2484472049689441,0.05,0.95,520,0.04164420485175202
85,Russia,Novosibirsk Oblast,2021-03-21,37878,1569,34869,2052,27,585,0.2982456140350877,0.04411764705882353,0.9558823529411765,612,0.005882352941176561
86,Russia,Novosibirsk Oblast,2021-03-26,38343,1598,35474,1905,29,605,0.33280839895013126,0.04574132492113565,0.9542586750788643,634,-0.0016236778623122117
87,Russia,Novosibirsk Oblast,2021-03-31,38774,1625,35949,1702,27,475,0.29494712103407755,0.053784860557768925,0.9462151394422311,502,-0.008043535636633181
88,Russia,Novosibirsk Oblast,2021-04-05,39167,1652,36351,1593,27,402,0.2693032015065913,0.06293706293706294,0.9370629370629371,429,-0.009152202379294039
89,Russia,Novosibirsk Oblast,2021-04-10,39566,1676,36864,1563,24,513,0.3435700575815739,0.0446927374301676,0.9553072625698324,537,0.018244325506895365
90,Russia,Novosibirsk Oblast,2021-04-15,39961,1695,37234,1421,19,370,0.27375087966220973,0.04884318766066838,0.9511568123393316,389,-0.004150450230500868
91,Russia,Novosibirsk Oblast,2021-04-17,40119,1704,37343,1190,9,109,0.09915966386554621,0.07627118644067797,0.923728813559322,118,-0.027427998780009566
