Index,Region,Subregion,Stage,Confirmed,Deaths,Recovered,Stage_Confirmed,Stage_Deaths,Stage_Recovered,Stage_Treated%,Stage_Deaths%,Stage_Recovered%,Stage_Treated,Recovered_Change
27,Russia,Vologda Oblast,2020-06-04,1018,11,466,1018,11,466,0.468565815324165,0.023060796645702306,0.9769392033542977,477,
28,Russia,Vologda Oblast,2020-06-09,1137,11,567,660,0,101,0.15303030303030302,0.0,1.0,101,0.023060796645702264
29,Russia,Vologda Oblast,2020-06-14,1284,13,760,706,2,193,0.2762039660056657,0.010256410256410256,0.9897435897435898,195,-0.01025641025641022
30,Russia,Vologda Oblast,2020-06-19,1386,16,930,613,3,170,0.2822185970636215,0.017341040462427744,0.9826589595375722,173,-0.0070846302060175725
31,Russia,Vologda Oblast,2020-06-24,1487,17,1078,541,1,148,0.2754158964879852,0.006711409395973154,0.9932885906040269,149,0.010629631066454648
32,Russia,Vologda Oblast,2020-06-29,1586,17,1154,491,0,76,0.15478615071283094,0.0,1.0,76,0.006711409395973145
33,Russia,Vologda Oblast,2020-07-04,1688,17,1270,517,0,116,0.22437137330754353,0.0,1.0,116,0.0
34,Russia,Vologda Oblast,2020-07-09,1790,17,1427,503,0,157,0.3121272365805169,0.0,1.0,157,0.0
35,Russia,Vologda Oblast,2020-07-14,1944,19,1522,500,2,95,0.194,0.020618556701030927,0.979381443298969,97,-0.020618556701030966
36,Russia,Vologda Oblast,2020-07-19,2088,19,1621,547,0,99,0.1809872029250457,0.0,1.0,99,0.020618556701030966
37,Russia,Vologda Oblast,2020-07-24,2218,20,1761,578,1,140,0.24394463667820068,0.0070921985815602835,0.9929078014184397,141,-0.007092198581560294
38,Russia,Vologda Oblast,2020-07-29,2351,24,1948,570,4,187,0.3350877192982456,0.020942408376963352,0.9790575916230366,191,-0.013850209795403079
39,Russia,Vologda Oblast,2020-08-03,2488,25,1992,516,1,44,0.0872093023255814,0.022222222222222223,0.9777777777777777,45,-0.0012798138452588814
40,Russia,Vologda Oblast,2020-08-08,2628,26,2091,611,1,99,0.16366612111292964,0.01,0.99,100,0.012222222222222245
41,Russia,Vologda Oblast,2020-08-13,2772,29,2339,655,3,248,0.383206106870229,0.01195219123505976,0.9880478087649402,251,-0.0019521912350597415
42,Russia,Vologda Oblast,2020-08-18,2952,30,2437,584,1,98,0.1695205479452055,0.010101010101010102,0.98989898989899,99,0.0018511811340496953
43,Russia,Vologda Oblast,2020-08-23,3115,34,2609,648,4,172,0.2716049382716049,0.022727272727272728,0.9772727272727273,176,-0.012626262626262652
44,Russia,Vologda Oblast,2020-08-28,3278,34,2823,635,0,214,0.33700787401574805,0.0,1.0,214,0.022727272727272707
45,Russia,Vologda Oblast,2020-09-02,3450,38,2967,593,4,144,0.24957841483979765,0.02702702702702703,0.972972972972973,148,-0.027027027027026973
46,Russia,Vologda Oblast,2020-09-07,3632,43,3119,627,5,152,0.2503987240829346,0.03184713375796178,0.9681528662420382,157,-0.004820106730934803
47,Russia,Vologda Oblast,2020-09-12,3823,44,3321,661,1,202,0.3071104387291982,0.0049261083743842365,0.9950738916256158,203,0.026921025383577546
48,Russia,Vologda Oblast,2020-09-17,4037,45,3460,672,1,139,0.20833333333333334,0.007142857142857143,0.9928571428571429,140,-0.002216748768472887
49,Russia,Vologda Oblast,2020-09-22,4256,45,3565,751,0,105,0.13981358189081225,0.0,1.0,105,0.0071428571428571175
50,Russia,Vologda Oblast,2020-09-27,4483,46,3654,873,1,89,0.10309278350515463,0.011111111111111112,0.9888888888888889,90,-0.011111111111111072
51,Russia,Vologda Oblast,2020-10-02,4723,47,3808,1023,1,154,0.15151515151515152,0.0064516129032258064,0.9935483870967742,155,0.004659498207885249
52,Russia,Vologda Oblast,2020-10-07,5009,50,3921,1154,3,113,0.10051993067590988,0.02586206896551724,0.9741379310344828,116,-0.019410456062291415
53,Russia,Vologda Oblast,2020-10-12,5338,54,4081,1367,4,160,0.11997073884418434,0.024390243902439025,0.975609756097561,164,0.0014718250630781915
54,Russia,Vologda Oblast,2020-10-17,5726,57,4303,1591,3,222,0.14142049025769957,0.013333333333333334,0.9866666666666667,225,0.011056910569105738
55,Russia,Vologda Oblast,2020-10-22,6162,61,4553,1802,4,250,0.14095449500554938,0.015748031496062992,0.984251968503937,254,-0.002414698162729656
56,Russia,Vologda Oblast,2020-10-27,6627,61,4843,2013,0,290,0.14406358668653751,0.0,1.0,290,0.015748031496062964
57,Russia,Vologda Oblast,2020-11-01,7120,73,5331,2216,12,488,0.22563176895306858,0.024,0.976,500,-0.02400000000000002
58,Russia,Vologda Oblast,2020-11-06,7663,73,5861,2259,0,530,0.23461708720672864,0.0,1.0,530,0.02400000000000002
59,Russia,Vologda Oblast,2020-11-11,8307,74,6706,2373,1,845,0.35651074589127685,0.001182033096926714,0.9988179669030733,846,-0.0011820330969266601
60,Russia,Vologda Oblast,2020-11-16,8999,74,7465,2219,0,759,0.3420459666516449,0.0,1.0,759,0.0011820330969266601
61,Russia,Vologda Oblast,2020-11-21,9841,78,8831,2302,4,1366,0.5951346655082537,0.00291970802919708,0.997080291970803,1370,-0.0029197080291970545
62,Russia,Vologda Oblast,2020-11-26,11037,119,9602,2128,41,771,0.3815789473684211,0.050492610837438424,0.9495073891625616,812,-0.047572902808241335
63,Russia,Vologda Oblast,2020-12-01,12498,162,10414,2777,43,812,0.3078862081382787,0.050292397660818715,0.9497076023391813,855,0.00020021317661966798
64,Russia,Vologda Oblast,2020-12-06,14308,226,11106,3732,64,692,0.20257234726688103,0.08465608465608465,0.9153439153439153,756,-0.03436368699526593
65,Russia,Vologda Oblast,2020-12-11,16148,277,11755,4816,51,649,0.14534883720930233,0.07285714285714286,0.9271428571428572,700,0.011798941798941809
66,Russia,Vologda Oblast,2020-12-16,17990,304,13379,5958,27,1624,0.27710641154749915,0.01635372501514234,0.9836462749848577,1651,0.056503417842000525
67,Russia,Vologda Oblast,2020-12-21,19822,331,15081,6139,27,1702,0.28164196123147095,0.015615962984384037,0.9843840370156159,1729,0.00073776203075826
68,Russia,Vologda Oblast,2020-12-26,21656,375,16856,6244,44,1775,0.291319666880205,0.024189114898295765,0.9758108851017042,1819,-0.008573151913911725
69,Russia,Vologda Oblast,2020-12-31,23435,425,18687,6204,50,1831,0.30319148936170215,0.02658160552897395,0.9734183944710261,1881,-0.0023924906306781457
70,Russia,Vologda Oblast,2021-01-05,25019,454,20350,5907,29,1663,0.28643981716607414,0.017139479905437353,0.9828605200945626,1692,0.009442125623536524
71,Russia,Vologda Oblast,2021-01-10,26549,469,21911,5745,15,1561,0.274325500435161,0.00951776649746193,0.9904822335025381,1576,0.007621713407975461
72,Russia,Vologda Oblast,2021-01-15,28067,512,23413,5687,43,1502,0.27167223492175135,0.027831715210355986,0.972168284789644,1545,-0.018313948712894046
73,Russia,Vologda Oblast,2021-01-20,29604,558,24912,5679,46,1499,0.27205493924986796,0.02977346278317152,0.9702265372168285,1545,-0.001941747572815511
74,Russia,Vologda Oblast,2021-01-25,31111,583,26407,5641,25,1495,0.26945577025350115,0.01644736842105263,0.9835526315789473,1520,0.013326094362118845
75,Russia,Vologda Oblast,2021-01-30,32550,606,27808,5560,23,1401,0.25611510791366904,0.016151685393258428,0.9838483146067416,1424,0.0002956830277942579
76,Russia,Vologda Oblast,2021-02-04,33967,649,29129,5553,43,1321,0.24563299117594092,0.03152492668621701,0.968475073313783,1364,-0.015373241292958584
77,Russia,Vologda Oblast,2021-02-09,35276,677,30508,5498,28,1379,0.2559112404510731,0.01990049751243781,0.9800995024875622,1407,0.01162442917377915
78,Russia,Vologda Oblast,2021-02-14,36451,708,31670,5266,31,1162,0.2265476642612989,0.025984911986588432,0.9740150880134115,1193,-0.006084414474150646
79,Russia,Vologda Oblast,2021-02-19,37568,741,33139,5190,33,1469,0.28940269749518305,0.021970705725699067,0.978029294274301,1502,0.004014206260889441
80,Russia,Vologda Oblast,2021-02-24,38583,779,34768,4703,38,1629,0.35445460344460983,0.022795440911817635,0.9772045590881824,1667,-0.0008247351861185859
81,Russia,Vologda Oblast,2021-03-01,39415,809,36164,3868,30,1396,0.3686659772492244,0.021037868162692847,0.9789621318373072,1426,0.0017575727491248028
82,Russia,Vologda Oblast,2021-03-06,40146,825,37084,3173,16,920,0.29498896942956193,0.017094017094017096,0.9829059829059829,936,0.0039438510686756745
83,Russia,Vologda Oblast,2021-03-11,40730,843,37765,2821,18,681,0.2477844735909252,0.02575107296137339,0.9742489270386266,699,-0.008657055867356211
84,Russia,Vologda Oblast,2021-03-16,41246,858,38429,2638,15,664,0.2573919636087945,0.022091310751104567,0.9779086892488954,679,0.0036597622102687577
85,Russia,Vologda Oblast,2021-03-21,41761,874,38907,2474,16,478,0.19967663702506064,0.032388663967611336,0.9676113360323887,494,-0.01029735321650671
86,Russia,Vologda Oblast,2021-03-26,42249,889,39363,2468,15,456,0.19084278768233387,0.03184713375796178,0.9681528662420382,471,0.0005415302096495322
87,Russia,Vologda Oblast,2021-03-31,42714,902,39805,2462,13,442,0.18480909829406986,0.02857142857142857,0.9714285714285714,455,0.0032757051865331954
88,Russia,Vologda Oblast,2021-04-05,43149,917,40217,2442,15,412,0.17485667485667486,0.0351288056206089,0.9648711943793911,427,-0.006557377049180357
89,Russia,Vologda Oblast,2021-04-10,43545,932,40574,2411,15,357,0.1542928245541269,0.04032258064516129,0.9596774193548387,372,-0.005193775024552316
90,Russia,Vologda Oblast,2021-04-15,43910,948,40918,2404,16,344,0.1497504159733777,0.044444444444444446,0.9555555555555556,360,-0.004121863799283143
91,Russia,Vologda Oblast,2021-04-20,44259,964,41255,2393,16,337,0.14751358127872963,0.0453257790368272,0.9546742209631728,353,-0.0008813345923828209
92,Russia,Vologda Oblast,2021-04-25,44592,982,41587,2373,18,332,0.14749262536873156,0.05142857142857143,0.9485714285714286,350,-0.006102792391744161
93,Russia,Vologda Oblast,2021-04-30,44834,1002,41886,2265,20,299,0.14083885209713023,0.06269592476489028,0.9373040752351097,319,-0.011267353336318897
94,Russia,Vologda Oblast,2021-05-05,45033,1022,42114,2145,20,228,0.11561771561771562,0.08064516129032258,0.9193548387096774,248,-0.017949236525432344
95,Russia,Vologda Oblast,2021-05-10,45221,1041,42284,2085,19,170,0.09064748201438849,0.10052910052910052,0.8994708994708994,189,-0.01988393923877796
96,Russia,Vologda Oblast,2021-05-15,45422,1058,42426,2097,17,142,0.07582260371959942,0.1069182389937107,0.8930817610062893,159,-0.006389138464610089
97,Russia,Vologda Oblast,2021-05-20,45641,1070,42587,2157,12,161,0.08020398701900788,0.06936416184971098,0.930635838150289,173,0.03755407714399972
98,Russia,Vologda Oblast,2021-05-25,45848,1082,42750,2191,12,163,0.07987220447284345,0.06857142857142857,0.9314285714285714,175,0.0007927332782823315
99,Russia,Vologda Oblast,2021-05-30,46064,1094,42944,2232,12,194,0.09229390681003584,0.05825242718446602,0.941747572815534,206,0.010319001386962623
100,Russia,Vologda Oblast,2021-06-01,46144,1099,43013,2106,5,69,0.03513770180436847,0.06756756756756757,0.9324324324324325,74,-0.00931514038310155
