Index,Region,Subregion,Stage,Confirmed,Deaths,Recovered,Stage_Confirmed,Stage_Deaths,Stage_Recovered,Stage_Treated%,Stage_Deaths%,Stage_Recovered%,Stage_Treated,Recovered_Change
27,Ukraine,Luhansk Oblast,2020-06-04,51,0,41,51,0,41,0.803921568627451,0.0,1.0,41,
28,Ukraine,Luhansk Oblast,2020-06-09,54,0,43,13,0,2,0.15384615384615385,0.0,1.0,2,0.0
29,Ukraine,Luhansk Oblast,2020-06-14,56,0,47,13,0,4,0.3076923076923077,0.0,1.0,4,0.0
30,Ukraine,Luhansk Oblast,2020-06-19,71,0,52,24,0,5,0.20833333333333334,0.0,1.0,5,0.0
31,Ukraine,Luhansk Oblast,2020-06-24,75,0,54,23,0,2,0.08695652173913043,0.0,1.0,2,0.0
32,Ukraine,Luhansk Oblast,2020-06-29,80,0,58,26,0,4,0.15384615384615385,0.0,1.0,4,0.0
33,Ukraine,Luhansk Oblast,2020-07-04,84,0,61,26,0,3,0.11538461538461539,0.0,1.0,3,0.0
34,Ukraine,Luhansk Oblast,2020-07-09,90,0,70,29,0,9,0.3103448275862069,0.0,1.0,9,0.0
35,Ukraine,Luhansk Oblast,2020-07-14,95,1,73,25,1,3,0.16,0.25,0.75,4,-0.25
36,Ukraine,Luhansk Oblast,2020-07-19,106,1,81,32,0,8,0.25,0.0,1.0,8,0.25
37,Ukraine,Luhansk Oblast,2020-07-24,118,1,84,36,0,3,0.08333333333333333,0.0,1.0,3,0.0
38,Ukraine,Luhansk Oblast,2020-07-29,122,1,89,37,0,5,0.13513513513513514,0.0,1.0,5,0.0
39,Ukraine,Luhansk Oblast,2020-08-03,128,1,102,38,0,13,0.34210526315789475,0.0,1.0,13,0.0
40,Ukraine,Luhansk Oblast,2020-08-08,152,1,115,49,0,13,0.2653061224489796,0.0,1.0,13,0.0
41,Ukraine,Luhansk Oblast,2020-08-13,170,1,120,54,0,5,0.09259259259259259,0.0,1.0,5,0.0
42,Ukraine,Luhansk Oblast,2020-08-18,185,1,124,64,0,4,0.0625,0.0,1.0,4,0.0
43,Ukraine,Luhansk Oblast,2020-08-23,243,1,153,118,0,29,0.2457627118644068,0.0,1.0,29,0.0
44,Ukraine,Luhansk Oblast,2020-08-28,274,2,178,120,1,25,0.21666666666666667,0.038461538461538464,0.9615384615384616,26,-0.038461538461538436
45,Ukraine,Luhansk Oblast,2020-09-02,346,3,193,166,1,15,0.0963855421686747,0.0625,0.9375,16,-0.024038461538461564
46,Ukraine,Luhansk Oblast,2020-09-07,434,3,225,238,0,32,0.13445378151260504,0.0,1.0,32,0.0625
47,Ukraine,Luhansk Oblast,2020-09-12,562,4,293,334,1,68,0.20658682634730538,0.014492753623188406,0.9855072463768116,69,-0.01449275362318836
48,Ukraine,Luhansk Oblast,2020-09-17,689,5,339,392,1,46,0.11989795918367346,0.02127659574468085,0.9787234042553191,47,-0.006783842121492523
49,Ukraine,Luhansk Oblast,2020-09-22,767,6,417,423,1,78,0.1867612293144208,0.012658227848101266,0.9873417721518988,79,0.00861836789657966
50,Ukraine,Luhansk Oblast,2020-09-27,974,11,516,551,5,99,0.18874773139745918,0.04807692307692308,0.9519230769230769,104,-0.035418695228821906
51,Ukraine,Luhansk Oblast,2020-10-02,1140,15,595,613,4,79,0.13539967373572595,0.04819277108433735,0.9518072289156626,83,-0.00011584800741426537
52,Ukraine,Luhansk Oblast,2020-10-07,1394,19,676,784,4,81,0.10841836734693877,0.047058823529411764,0.9529411764705882,85,0.001133947554925574
53,Ukraine,Luhansk Oblast,2020-10-12,1852,23,721,1157,4,45,0.04235090751944685,0.08163265306122448,0.9183673469387755,49,-0.03457382953181265
54,Ukraine,Luhansk Oblast,2020-10-17,2334,36,737,1590,13,16,0.018238993710691823,0.4482758620689655,0.5517241379310345,29,-0.36664320900774106
55,Ukraine,Luhansk Oblast,2020-10-22,2841,53,945,2068,17,208,0.10880077369439071,0.07555555555555556,0.9244444444444444,225,0.3727203065134099
56,Ukraine,Luhansk Oblast,2020-10-27,3321,65,1084,2323,12,139,0.06500215238915195,0.07947019867549669,0.9205298013245033,151,-0.0039146431199410525
57,Ukraine,Luhansk Oblast,2020-11-01,3713,78,1385,2564,13,301,0.12246489859594384,0.041401273885350316,0.9585987261146497,314,0.03806892479014634
58,Ukraine,Luhansk Oblast,2020-11-06,4214,101,1955,2751,23,570,0.21555797891675754,0.0387858347386172,0.9612141652613828,593,0.002615439146733123
59,Ukraine,Luhansk Oblast,2020-11-11,4738,120,2454,2682,19,499,0.1931394481730052,0.03667953667953668,0.9633204633204633,518,0.002106298059080469
60,Ukraine,Luhansk Oblast,2020-11-16,5169,123,2648,2595,3,194,0.07591522157996146,0.015228426395939087,0.9847715736040609,197,0.021451110283597585
61,Ukraine,Luhansk Oblast,2020-11-21,5617,136,3127,2846,13,479,0.17287420941672524,0.026422764227642278,0.9735772357723578,492,-0.011194337831703094
62,Ukraine,Luhansk Oblast,2020-11-26,5925,154,3707,2662,18,580,0.22464312546957174,0.030100334448160536,0.9698996655518395,598,-0.003677570220518289
63,Ukraine,Luhansk Oblast,2020-12-01,6350,171,4075,2489,17,368,0.15468059461631178,0.04415584415584416,0.9558441558441558,385,-0.014055509707683655
64,Ukraine,Luhansk Oblast,2020-12-06,7027,186,4963,2781,15,888,0.32470334412081986,0.016611295681063124,0.9833887043189369,903,0.02754454847478105
65,Ukraine,Luhansk Oblast,2020-12-11,7615,202,5557,2466,16,594,0.24736415247364152,0.02622950819672131,0.9737704918032787,610,-0.009618212515658198
66,Ukraine,Luhansk Oblast,2020-12-16,8166,221,5966,2407,19,409,0.17781470710427918,0.04439252336448598,0.955607476635514,428,-0.01816301516776464
67,Ukraine,Luhansk Oblast,2020-12-21,8900,240,6309,2713,19,343,0.13343162550681903,0.052486187845303865,0.9475138121546961,362,-0.008093664480817941
68,Ukraine,Luhansk Oblast,2020-12-26,9906,267,6771,3357,27,462,0.1456657730116175,0.05521472392638037,0.9447852760736196,489,-0.0027285360810764825
69,Ukraine,Luhansk Oblast,2020-12-31,10508,293,7519,3470,26,748,0.22305475504322766,0.03359173126614987,0.9664082687338501,774,0.02162299266023049
70,Ukraine,Luhansk Oblast,2021-01-05,11053,321,8000,3241,28,481,0.1570502931194076,0.0550098231827112,0.9449901768172888,509,-0.0214180919165613
71,Ukraine,Luhansk Oblast,2021-01-10,11975,333,8607,3654,12,607,0.16940339354132458,0.01938610662358643,0.9806138933764136,619,0.035623716559124774
72,Ukraine,Luhansk Oblast,2021-01-15,12783,349,9339,3843,16,732,0.19463960447567005,0.0213903743315508,0.9786096256684492,748,-0.002004267707964358
73,Ukraine,Luhansk Oblast,2021-01-20,13182,363,10295,3494,14,956,0.27761877504293075,0.01443298969072165,0.9855670103092784,970,0.006957384640829178
74,Ukraine,Luhansk Oblast,2021-01-25,13535,381,10779,2877,18,484,0.17448731317344457,0.035856573705179286,0.9641434262948207,502,-0.021423584014457653
75,Ukraine,Luhansk Oblast,2021-01-30,13893,396,11644,2733,15,865,0.32199048664471275,0.017045454545454544,0.9829545454545454,880,0.018811119159724665
76,Ukraine,Luhansk Oblast,2021-02-04,14114,404,12170,2074,8,526,0.25747348119575697,0.0149812734082397,0.9850187265917603,534,0.002064181137214849
77,Ukraine,Luhansk Oblast,2021-02-09,14303,413,12455,1729,9,285,0.1700404858299595,0.030612244897959183,0.9693877551020408,294,-0.01563097148971948
78,Ukraine,Luhansk Oblast,2021-02-14,14511,430,12777,1643,17,322,0.2063298843578819,0.05014749262536873,0.9498525073746312,339,-0.019535247727409555
79,Ukraine,Luhansk Oblast,2021-02-19,14674,444,13360,1467,14,583,0.4069529652351738,0.023450586264656615,0.9765494137353434,597,0.026696906360712203
80,Ukraine,Luhansk Oblast,2021-02-24,14849,453,13576,1045,9,216,0.215311004784689,0.04,0.96,225,-0.016549413735343466
81,Ukraine,Luhansk Oblast,2021-03-01,14987,462,13860,958,9,284,0.3058455114822547,0.030716723549488054,0.9692832764505119,293,0.009283276450511968
82,Ukraine,Luhansk Oblast,2021-03-06,15204,476,14117,882,14,257,0.3072562358276644,0.05166051660516605,0.948339483394834,271,-0.02094379305567795
83,Ukraine,Luhansk Oblast,2021-03-11,15387,481,14253,794,5,136,0.17758186397984888,0.03546099290780142,0.9645390070921985,141,0.01619952369736455
84,Ukraine,Luhansk Oblast,2021-03-16,15736,494,14387,1002,13,134,0.1467065868263473,0.08843537414965986,0.9115646258503401,147,-0.05297438124185838
85,Ukraine,Luhansk Oblast,2021-03-21,16205,502,14594,1324,8,207,0.1623867069486405,0.037209302325581395,0.9627906976744186,215,0.051226071824078456
86,Ukraine,Luhansk Oblast,2021-03-26,16793,512,14772,1697,10,178,0.1107837360047142,0.05319148936170213,0.9468085106382979,188,-0.015982187036120754
87,Ukraine,Luhansk Oblast,2021-03-31,17460,522,14958,2176,10,186,0.0900735294117647,0.05102040816326531,0.9489795918367347,196,0.002171081198436897
88,Ukraine,Luhansk Oblast,2021-04-05,18201,553,15262,2721,31,304,0.1231165012862918,0.09253731343283582,0.9074626865671642,335,-0.041516905269570525
89,Ukraine,Luhansk Oblast,2021-04-10,19425,579,15856,3610,26,594,0.17174515235457063,0.041935483870967745,0.9580645161290322,620,0.050601829561867984
90,Ukraine,Luhansk Oblast,2021-04-15,20405,600,16375,3970,21,519,0.13602015113350127,0.03888888888888889,0.9611111111111111,540,0.0030465949820789318
91,Ukraine,Luhansk Oblast,2021-04-20,21243,640,16865,4268,40,490,0.12417994376757263,0.07547169811320754,0.9245283018867925,530,-0.03658280922431867
92,Ukraine,Luhansk Oblast,2021-04-25,22434,674,17594,4929,34,729,0.15479813349563806,0.04456094364351245,0.9554390563564875,763,0.030910754469695045
93,Ukraine,Luhansk Oblast,2021-04-30,23450,719,18798,5182,45,1204,0.24102663064453878,0.036028823058446756,0.9639711769415532,1249,0.008532120585065694
94,Ukraine,Luhansk Oblast,2021-05-05,23751,736,19016,4234,17,218,0.05550307038261691,0.07234042553191489,0.9276595744680851,235,-0.036311602473468096
95,Ukraine,Luhansk Oblast,2021-05-10,24569,788,20046,4817,52,1030,0.22462113348557194,0.04805914972273567,0.9519408502772643,1082,0.02428127580917916
96,Ukraine,Luhansk Oblast,2021-05-15,25254,828,21334,4420,40,1288,0.3004524886877828,0.030120481927710843,0.9698795180722891,1328,0.017938667795024843
97,Ukraine,Luhansk Oblast,2021-05-20,25630,843,22478,3468,15,1144,0.3341983852364475,0.012942191544434857,0.9870578084555651,1159,0.017178290383276007
98,Ukraine,Luhansk Oblast,2021-05-25,25856,870,23082,2535,27,604,0.24891518737672583,0.042789223454833596,0.9572107765451664,631,-0.029847031910398725
99,Ukraine,Luhansk Oblast,2021-05-30,26077,886,23771,2125,16,689,0.33176470588235296,0.02269503546099291,0.9773049645390071,705,0.020094187993840662
