Index,Region,Subregion,Stage,Confirmed,Deaths,Recovered,Stage_Confirmed,Stage_Deaths,Stage_Recovered,Stage_Treated%,Stage_Deaths%,Stage_Recovered%,Stage_Treated,Recovered_Change
7,Colombia,Sucre,2020-06-09,131,2,5,131,2,5,0.05343511450381679,0.2857142857142857,0.7142857142857143,7,
8,Colombia,Sucre,2020-06-29,1092,51,98,1085,49,93,0.13087557603686636,0.34507042253521125,0.6549295774647887,142,-0.059356136820925554
9,Colombia,Sucre,2020-07-19,4139,225,1235,3990,174,1137,0.32857142857142857,0.13272311212814644,0.8672768878718535,1311,0.21234731040706478
10,Colombia,Sucre,2020-08-08,7230,393,4353,5770,168,3118,0.5694974003466204,0.05112598904443092,0.9488740109555691,3286,0.08159712308371558
11,Colombia,Sucre,2020-08-28,11365,475,8854,6619,82,4501,0.6924006647529838,0.01789221034257037,0.9821077896574296,4583,0.033233778701860506
12,Colombia,Sucre,2020-09-17,13417,549,11898,4088,74,3044,0.762720156555773,0.023733162283515075,0.9762668377164849,3118,-0.005840951940944694
13,Colombia,Sucre,2020-10-07,14396,586,13218,1949,37,1320,0.6962544894817855,0.027266028002947678,0.9727339719970524,1357,-0.0035328657194325652
14,Colombia,Sucre,2020-10-27,15319,613,14232,1515,27,1014,0.6871287128712872,0.025936599423631124,0.9740634005763689,1041,0.001329428579316505
15,Colombia,Sucre,2020-11-16,16123,632,15084,1278,19,852,0.6815336463223787,0.021814006888633754,0.9781859931113662,871,0.00412259253499736
16,Colombia,Sucre,2020-12-06,16741,657,15627,1025,25,543,0.5541463414634147,0.04401408450704225,0.9559859154929577,568,-0.022200077618408476
17,Colombia,Sucre,2020-12-26,17353,675,16122,1069,18,495,0.47988774555659497,0.03508771929824561,0.9649122807017544,513,0.008926365208796638
18,Colombia,Sucre,2021-01-15,18131,688,16959,1334,13,837,0.6371814092953523,0.015294117647058824,0.9847058823529412,850,0.01979360165118682
19,Colombia,Sucre,2021-02-04,19545,719,18334,1898,31,1375,0.7407797681770284,0.022048364153627313,0.9779516358463727,1406,-0.006754246506568529
20,Colombia,Sucre,2021-02-24,20393,772,19234,1340,53,900,0.7111940298507463,0.055613850996852045,0.944386149003148,953,-0.03356548684322469
21,Colombia,Sucre,2021-03-16,21476,805,20168,1470,33,934,0.6578231292517007,0.03412616339193381,0.9658738366080661,967,0.02148768760491815
22,Colombia,Sucre,2021-04-05,23470,862,22019,2497,57,1851,0.7641169403283941,0.029874213836477988,0.970125786163522,1908,0.004251949555455825
23,Colombia,Sucre,2021-04-25,26785,951,24944,3904,89,2925,0.7720286885245902,0.029528865295288653,0.9704711347047114,3014,0.0003453485411893942
24,Colombia,Sucre,2021-05-15,31278,1065,29142,5383,114,4198,0.8010403120936281,0.026437847866419294,0.9735621521335807,4312,0.0030910174288693026
25,Colombia,Sucre,2021-05-18,32020,1089,29725,1813,24,583,0.3348041919470491,0.039538714991762765,0.9604612850082372,607,-0.013100867125343418
