Index,Region,Subregion,Stage,Confirmed,Deaths,Recovered,Stage_Confirmed,Stage_Deaths,Stage_Recovered,Stage_Treated%,Stage_Deaths%,Stage_Recovered%,Stage_Treated,Recovered_Change
120,Chile,Aysen,2020-05-20,8,0,0,8,0,0,0.0,,,0,
121,Chile,Aysen,2020-05-21,8,0,0,8,0,0,0.0,,,0,
122,Chile,Aysen,2020-05-22,8,0,0,8,0,0,0.0,,,0,
123,Chile,Aysen,2020-05-23,8,0,0,8,0,0,0.0,,,0,
124,Chile,Aysen,2020-05-24,8,0,0,8,0,0,0.0,,,0,
125,Chile,Aysen,2020-05-25,10,0,0,10,0,0,0.0,,,0,
126,Chile,Aysen,2020-05-26,12,0,0,12,0,0,0.0,,,0,
127,Chile,Aysen,2020-05-27,12,0,0,12,0,0,0.0,,,0,
128,Chile,Aysen,2020-05-28,14,0,0,14,0,0,0.0,,,0,
129,Chile,Aysen,2020-05-29,16,0,0,16,0,0,0.0,,,0,
130,Chile,Aysen,2020-05-30,16,0,0,16,0,0,0.0,,,0,
131,Chile,Aysen,2020-05-31,17,0,0,17,0,0,0.0,,,0,
132,Chile,Aysen,2020-06-01,17,0,0,17,0,0,0.0,,,0,
133,Chile,Aysen,2020-06-02,18,0,0,18,0,0,0.0,,,0,
134,Chile,Aysen,2020-06-03,18,0,0,18,0,0,0.0,,,0,
135,Chile,Aysen,2020-06-04,19,0,0,19,0,0,0.0,,,0,
136,Chile,Aysen,2020-06-05,19,0,0,19,0,0,0.0,,,0,
137,Chile,Aysen,2020-06-06,19,0,0,19,0,0,0.0,,,0,
138,Chile,Aysen,2020-06-07,20,0,0,20,0,0,0.0,,,0,
139,Chile,Aysen,2020-06-08,21,0,0,21,0,0,0.0,,,0,
140,Chile,Aysen,2020-06-09,21,0,0,21,0,0,0.0,,,0,
141,Chile,Aysen,2020-06-10,21,0,0,21,0,0,0.0,,,0,
142,Chile,Aysen,2020-06-11,22,0,0,22,0,0,0.0,,,0,
143,Chile,Aysen,2020-06-12,22,0,0,22,0,0,0.0,,,0,
144,Chile,Aysen,2020-06-13,24,0,0,24,0,0,0.0,,,0,
145,Chile,Aysen,2020-06-14,24,0,0,24,0,0,0.0,,,0,
146,Chile,Aysen,2020-06-15,26,0,0,26,0,0,0.0,,,0,
147,Chile,Aysen,2020-06-16,26,0,0,26,0,0,0.0,,,0,
148,Chile,Aysen,2020-06-17,26,0,0,26,0,0,0.0,,,0,
149,Chile,Aysen,2020-06-18,26,0,0,26,0,0,0.0,,,0,
150,Chile,Aysen,2020-06-19,27,0,0,27,0,0,0.0,,,0,
151,Chile,Aysen,2020-06-20,28,0,0,28,0,0,0.0,,,0,
152,Chile,Aysen,2020-06-21,28,0,0,28,0,0,0.0,,,0,
153,Chile,Aysen,2020-06-22,28,0,0,28,0,0,0.0,,,0,
154,Chile,Aysen,2020-06-23,28,0,0,28,0,0,0.0,,,0,
155,Chile,Aysen,2020-06-24,28,0,0,28,0,0,0.0,,,0,
156,Chile,Aysen,2020-06-25,29,0,0,29,0,0,0.0,,,0,
157,Chile,Aysen,2020-06-26,30,0,0,30,0,0,0.0,,,0,
158,Chile,Aysen,2020-06-27,35,0,0,35,0,0,0.0,,,0,
159,Chile,Aysen,2020-06-28,41,0,0,41,0,0,0.0,,,0,
160,Chile,Aysen,2020-06-29,42,0,28,42,0,28,0.6666666666666666,0.0,1.0,28,
161,Chile,Aysen,2020-06-30,42,0,29,14,0,1,0.07142857142857142,0.0,1.0,1,0.0
162,Chile,Aysen,2020-07-01,42,0,28,13,0,-1,-0.07692307692307693,-0.0,1.0,-1,0.0
163,Chile,Aysen,2020-07-02,46,0,29,18,0,1,0.05555555555555555,0.0,1.0,1,0.0
164,Chile,Aysen,2020-07-03,46,0,30,17,0,1,0.058823529411764705,0.0,1.0,1,0.0
165,Chile,Aysen,2020-07-04,46,0,32,16,0,2,0.125,0.0,1.0,2,0.0
166,Chile,Aysen,2020-07-05,48,0,35,16,0,3,0.1875,0.0,1.0,3,0.0
167,Chile,Aysen,2020-07-06,48,0,35,13,0,0,0.0,,,0,
168,Chile,Aysen,2020-07-07,48,0,37,13,0,2,0.15384615384615385,0.0,1.0,2,
169,Chile,Aysen,2020-07-08,49,0,38,12,0,1,0.08333333333333333,0.0,1.0,1,0.0
170,Chile,Aysen,2020-07-09,49,0,40,11,0,2,0.18181818181818182,0.0,1.0,2,0.0
171,Chile,Aysen,2020-07-10,50,0,43,10,0,3,0.3,0.0,1.0,3,0.0
172,Chile,Aysen,2020-07-11,51,0,45,8,0,2,0.25,0.0,1.0,2,0.0
173,Chile,Aysen,2020-07-12,56,0,46,11,0,1,0.09090909090909091,0.0,1.0,1,0.0
174,Chile,Aysen,2020-07-13,58,0,46,12,0,0,0.0,,,0,
175,Chile,Aysen,2020-07-14,58,0,46,12,0,0,0.0,,,0,
176,Chile,Aysen,2020-07-15,60,0,46,14,0,0,0.0,,,0,
177,Chile,Aysen,2020-07-16,61,0,46,15,0,0,0.0,,,0,
178,Chile,Aysen,2020-07-17,69,1,46,23,1,0,0.043478260869565216,1.0,0.0,1,
179,Chile,Aysen,2020-07-18,69,1,49,22,0,3,0.13636363636363635,0.0,1.0,3,1.0
180,Chile,Aysen,2020-07-19,69,1,49,19,0,0,0.0,,,0,
181,Chile,Aysen,2020-07-20,69,1,49,19,0,0,0.0,,,0,
182,Chile,Aysen,2020-07-21,69,1,52,19,0,3,0.15789473684210525,0.0,1.0,3,
183,Chile,Aysen,2020-07-22,69,1,52,16,0,0,0.0,,,0,
184,Chile,Aysen,2020-07-23,69,1,58,16,0,6,0.375,0.0,1.0,6,
185,Chile,Aysen,2020-07-24,70,1,59,11,0,1,0.09090909090909091,0.0,1.0,1,0.0
186,Chile,Aysen,2020-07-25,72,1,61,12,0,2,0.16666666666666666,0.0,1.0,2,0.0
187,Chile,Aysen,2020-07-26,72,1,62,10,0,1,0.1,0.0,1.0,1,0.0
188,Chile,Aysen,2020-07-27,75,1,63,12,0,1,0.08333333333333333,0.0,1.0,1,0.0
189,Chile,Aysen,2020-07-28,75,1,64,11,0,1,0.09090909090909091,0.0,1.0,1,0.0
190,Chile,Aysen,2020-07-29,77,1,70,12,0,6,0.5,0.0,1.0,6,0.0
191,Chile,Aysen,2020-07-30,77,1,70,6,0,0,0.0,,,0,
192,Chile,Aysen,2020-07-31,80,1,70,9,0,0,0.0,,,0,
193,Chile,Aysen,2020-08-01,80,1,70,9,0,0,0.0,,,0,
194,Chile,Aysen,2020-08-02,83,1,71,12,0,1,0.08333333333333333,0.0,1.0,1,
195,Chile,Aysen,2020-08-03,83,1,71,11,0,0,0.0,,,0,
196,Chile,Aysen,2020-08-04,83,1,71,11,0,0,0.0,,,0,
197,Chile,Aysen,2020-08-05,83,1,71,11,0,0,0.0,,,0,
198,Chile,Aysen,2020-08-06,84,1,74,12,0,3,0.25,0.0,1.0,3,
199,Chile,Aysen,2020-08-07,86,1,74,11,0,0,0.0,,,0,
200,Chile,Aysen,2020-08-08,86,1,75,11,0,1,0.09090909090909091,0.0,1.0,1,
201,Chile,Aysen,2020-08-09,94,1,77,18,0,2,0.1111111111111111,0.0,1.0,2,0.0
202,Chile,Aysen,2020-08-10,95,1,77,17,0,0,0.0,,,0,
203,Chile,Aysen,2020-08-11,95,1,80,17,0,3,0.17647058823529413,0.0,1.0,3,
204,Chile,Aysen,2020-08-12,95,1,82,14,0,2,0.14285714285714285,0.0,1.0,2,0.0
205,Chile,Aysen,2020-08-13,95,1,82,12,0,0,0.0,,,0,
206,Chile,Aysen,2020-08-14,95,1,84,12,0,2,0.16666666666666666,0.0,1.0,2,
207,Chile,Aysen,2020-08-15,96,1,85,11,0,1,0.09090909090909091,0.0,1.0,1,0.0
208,Chile,Aysen,2020-08-16,98,1,85,12,0,0,0.0,,,0,
209,Chile,Aysen,2020-08-17,98,1,85,12,0,0,0.0,,,0,
210,Chile,Aysen,2020-08-18,98,1,86,12,0,1,0.08333333333333333,0.0,1.0,1,
211,Chile,Aysen,2020-08-19,98,1,88,11,0,2,0.18181818181818182,0.0,1.0,2,0.0
212,Chile,Aysen,2020-08-20,99,1,88,10,0,0,0.0,,,0,
213,Chile,Aysen,2020-08-21,99,1,95,10,0,7,0.7,0.0,1.0,7,
214,Chile,Aysen,2020-08-22,101,1,96,5,0,1,0.2,0.0,1.0,1,0.0
215,Chile,Aysen,2020-08-23,101,1,96,4,0,0,0.0,,,0,
216,Chile,Aysen,2020-08-24,102,1,96,5,0,0,0.0,,,0,
217,Chile,Aysen,2020-08-25,106,1,97,9,0,1,0.1111111111111111,0.0,1.0,1,
218,Chile,Aysen,2020-08-26,110,1,98,12,0,1,0.08333333333333333,0.0,1.0,1,0.0
219,Chile,Aysen,2020-08-27,110,1,98,11,0,0,0.0,,,0,
220,Chile,Aysen,2020-08-28,114,1,99,15,0,1,0.06666666666666667,0.0,1.0,1,
221,Chile,Aysen,2020-08-29,123,1,99,23,0,0,0.0,,,0,
222,Chile,Aysen,2020-08-30,123,1,100,23,0,1,0.043478260869565216,0.0,1.0,1,
223,Chile,Aysen,2020-08-31,124,1,102,23,0,2,0.08695652173913043,0.0,1.0,2,0.0
224,Chile,Aysen,2020-09-01,124,1,104,21,0,2,0.09523809523809523,0.0,1.0,2,0.0
225,Chile,Aysen,2020-09-02,124,1,105,19,0,1,0.05263157894736842,0.0,1.0,1,0.0
226,Chile,Aysen,2020-09-03,124,1,105,18,0,0,0.0,,,0,
227,Chile,Aysen,2020-09-04,124,1,105,18,0,0,0.0,,,0,
228,Chile,Aysen,2020-09-05,132,1,106,26,0,1,0.038461538461538464,0.0,1.0,1,
229,Chile,Aysen,2020-09-06,136,1,111,29,0,5,0.1724137931034483,0.0,1.0,5,0.0
230,Chile,Aysen,2020-09-07,136,1,112,24,0,1,0.041666666666666664,0.0,1.0,1,0.0
231,Chile,Aysen,2020-09-08,136,1,116,23,0,4,0.17391304347826086,0.0,1.0,4,0.0
232,Chile,Aysen,2020-09-09,136,1,118,19,0,2,0.10526315789473684,0.0,1.0,2,0.0
233,Chile,Aysen,2020-09-10,143,1,125,24,0,7,0.2916666666666667,0.0,1.0,7,0.0
234,Chile,Aysen,2020-09-11,143,1,126,17,0,1,0.058823529411764705,0.0,1.0,1,0.0
235,Chile,Aysen,2020-09-12,144,1,126,17,0,0,0.0,,,0,
236,Chile,Aysen,2020-09-13,154,1,126,27,0,0,0.0,,,0,
237,Chile,Aysen,2020-09-14,167,1,126,40,0,0,0.0,,,0,
238,Chile,Aysen,2020-09-15,175,1,129,48,0,3,0.0625,0.0,1.0,3,
239,Chile,Aysen,2020-09-16,178,1,135,48,0,6,0.125,0.0,1.0,6,0.0
240,Chile,Aysen,2020-09-17,188,1,140,52,0,5,0.09615384615384616,0.0,1.0,5,0.0
241,Chile,Aysen,2020-09-18,202,1,151,61,0,11,0.18032786885245902,0.0,1.0,11,0.0
242,Chile,Aysen,2020-09-19,223,1,155,71,0,4,0.056338028169014086,0.0,1.0,4,0.0
243,Chile,Aysen,2020-09-20,232,1,156,76,0,1,0.013157894736842105,0.0,1.0,1,0.0
244,Chile,Aysen,2020-09-21,242,1,160,85,0,4,0.047058823529411764,0.0,1.0,4,0.0
245,Chile,Aysen,2020-09-22,253,1,168,92,0,8,0.08695652173913043,0.0,1.0,8,0.0
246,Chile,Aysen,2020-09-23,269,1,175,100,0,7,0.07,0.0,1.0,7,0.0
247,Chile,Aysen,2020-09-24,287,1,184,111,0,9,0.08108108108108109,0.0,1.0,9,0.0
248,Chile,Aysen,2020-09-25,301,1,192,116,0,8,0.06896551724137931,0.0,1.0,8,0.0
249,Chile,Aysen,2020-09-26,321,1,207,128,0,15,0.1171875,0.0,1.0,15,0.0
250,Chile,Aysen,2020-09-27,330,1,223,122,0,16,0.13114754098360656,0.0,1.0,16,0.0
251,Chile,Aysen,2020-09-28,331,1,229,107,0,6,0.056074766355140186,0.0,1.0,6,0.0
252,Chile,Aysen,2020-09-29,417,1,242,187,0,13,0.06951871657754011,0.0,1.0,13,0.0
253,Chile,Aysen,2020-09-30,453,1,264,210,0,22,0.10476190476190476,0.0,1.0,22,0.0
254,Chile,Aysen,2020-10-01,479,1,283,214,0,19,0.08878504672897196,0.0,1.0,19,0.0
255,Chile,Aysen,2020-10-02,496,1,296,212,0,13,0.06132075471698113,0.0,1.0,13,0.0
256,Chile,Aysen,2020-10-03,532,1,308,235,0,12,0.05106382978723404,0.0,1.0,12,0.0
257,Chile,Aysen,2020-10-04,566,1,331,257,0,23,0.08949416342412451,0.0,1.0,23,0.0
258,Chile,Aysen,2020-10-05,568,1,351,236,0,20,0.0847457627118644,0.0,1.0,20,0.0
259,Chile,Aysen,2020-10-06,575,1,368,223,0,17,0.07623318385650224,0.0,1.0,17,0.0
260,Chile,Aysen,2020-10-07,600,1,384,231,0,16,0.06926406926406926,0.0,1.0,16,0.0
261,Chile,Aysen,2020-10-08,608,1,406,223,0,22,0.09865470852017937,0.0,1.0,22,0.0
262,Chile,Aysen,2020-10-09,641,1,434,234,0,28,0.11965811965811966,0.0,1.0,28,0.0
263,Chile,Aysen,2020-10-10,662,1,474,227,0,40,0.1762114537444934,0.0,1.0,40,0.0
264,Chile,Aysen,2020-10-11,696,1,507,221,0,33,0.1493212669683258,0.0,1.0,33,0.0
265,Chile,Aysen,2020-10-12,714,1,528,206,0,21,0.10194174757281553,0.0,1.0,21,0.0
266,Chile,Aysen,2020-10-13,729,1,548,200,0,20,0.1,0.0,1.0,20,0.0
267,Chile,Aysen,2020-10-14,748,1,568,199,0,20,0.10050251256281408,0.0,1.0,20,0.0
268,Chile,Aysen,2020-10-15,774,1,596,205,0,28,0.13658536585365855,0.0,1.0,28,0.0
269,Chile,Aysen,2020-10-16,792,2,608,195,1,12,0.06666666666666667,0.07692307692307693,0.9230769230769231,13,-0.07692307692307687
270,Chile,Aysen,2020-10-17,824,2,630,214,0,22,0.102803738317757,0.0,1.0,22,0.07692307692307687
271,Chile,Aysen,2020-10-18,832,2,645,200,0,15,0.075,0.0,1.0,15,0.0
272,Chile,Aysen,2020-10-19,859,2,660,212,0,15,0.07075471698113207,0.0,1.0,15,0.0
273,Chile,Aysen,2020-10-20,881,2,694,219,0,34,0.1552511415525114,0.0,1.0,34,0.0
274,Chile,Aysen,2020-10-21,914,2,714,218,0,20,0.09174311926605505,0.0,1.0,20,0.0
275,Chile,Aysen,2020-10-22,929,2,737,213,0,23,0.107981220657277,0.0,1.0,23,0.0
276,Chile,Aysen,2020-10-23,951,2,752,212,0,15,0.07075471698113207,0.0,1.0,15,0.0
277,Chile,Aysen,2020-10-24,973,2,826,219,0,74,0.3378995433789954,0.0,1.0,74,0.0
278,Chile,Aysen,2020-10-25,975,2,852,147,0,26,0.17687074829931973,0.0,1.0,26,0.0
279,Chile,Aysen,2020-10-26,988,3,880,134,1,28,0.21641791044776118,0.034482758620689655,0.9655172413793104,29,-0.03448275862068961
280,Chile,Aysen,2020-10-27,992,3,905,109,0,25,0.22935779816513763,0.0,1.0,25,0.03448275862068961
281,Chile,Aysen,2020-10-28,996,3,916,88,0,11,0.125,0.0,1.0,11,0.0
282,Chile,Aysen,2020-10-29,1011,5,939,92,2,23,0.2717391304347826,0.08,0.92,25,-0.07999999999999996
283,Chile,Aysen,2020-10-30,1023,5,954,79,0,15,0.189873417721519,0.0,1.0,15,0.07999999999999996
284,Chile,Aysen,2020-10-31,1035,5,963,76,0,9,0.11842105263157894,0.0,1.0,9,0.0
285,Chile,Aysen,2020-11-01,1044,5,988,76,0,25,0.32894736842105265,0.0,1.0,25,0.0
286,Chile,Aysen,2020-11-02,1060,5,1002,67,0,14,0.208955223880597,0.0,1.0,14,0.0
287,Chile,Aysen,2020-11-03,1061,5,1007,54,0,5,0.09259259259259259,0.0,1.0,5,0.0
288,Chile,Aysen,2020-11-04,1074,5,1009,62,0,2,0.03225806451612903,0.0,1.0,2,0.0
289,Chile,Aysen,2020-11-05,1082,6,1015,68,1,6,0.10294117647058823,0.14285714285714285,0.8571428571428571,7,-0.1428571428571429
290,Chile,Aysen,2020-11-06,1093,6,1017,72,0,2,0.027777777777777776,0.0,1.0,2,0.1428571428571429
291,Chile,Aysen,2020-11-07,1103,7,1028,80,1,11,0.15,0.08333333333333333,0.9166666666666666,12,-0.08333333333333337
292,Chile,Aysen,2020-11-08,1108,7,1043,73,0,15,0.2054794520547945,0.0,1.0,15,0.08333333333333337
293,Chile,Aysen,2020-11-09,1114,7,1052,64,0,9,0.140625,0.0,1.0,9,0.0
294,Chile,Aysen,2020-11-10,1117,7,1063,58,0,11,0.1896551724137931,0.0,1.0,11,0.0
295,Chile,Aysen,2020-11-11,1127,7,1075,57,0,12,0.21052631578947367,0.0,1.0,12,0.0
296,Chile,Aysen,2020-11-12,1136,8,1080,54,1,5,0.1111111111111111,0.16666666666666666,0.8333333333333334,6,-0.16666666666666663
297,Chile,Aysen,2020-11-13,1142,8,1084,54,0,4,0.07407407407407407,0.0,1.0,4,0.16666666666666663
298,Chile,Aysen,2020-11-14,1149,8,1093,57,0,9,0.15789473684210525,0.0,1.0,9,0.0
299,Chile,Aysen,2020-11-15,1163,8,1107,62,0,14,0.22580645161290322,0.0,1.0,14,0.0
300,Chile,Aysen,2020-11-16,1167,9,1111,52,1,4,0.09615384615384616,0.2,0.8,5,-0.19999999999999996
301,Chile,Aysen,2020-11-17,1172,9,1118,52,0,7,0.1346153846153846,0.0,1.0,7,0.19999999999999996
302,Chile,Aysen,2020-11-18,1182,9,1130,55,0,12,0.21818181818181817,0.0,1.0,12,0.0
303,Chile,Aysen,2020-11-19,1190,9,1132,51,0,2,0.0392156862745098,0.0,1.0,2,0.0
304,Chile,Aysen,2020-11-20,1195,9,1137,54,0,5,0.09259259259259259,0.0,1.0,5,0.0
305,Chile,Aysen,2020-11-21,1210,11,1145,64,2,8,0.15625,0.2,0.8,10,-0.19999999999999996
306,Chile,Aysen,2020-11-22,1217,12,1152,61,1,7,0.13114754098360656,0.125,0.875,8,0.07499999999999996
307,Chile,Aysen,2020-11-23,1218,13,1156,54,1,4,0.09259259259259259,0.2,0.8,5,-0.07499999999999996
308,Chile,Aysen,2020-11-24,1221,13,1167,52,0,11,0.21153846153846154,0.0,1.0,11,0.19999999999999996
309,Chile,Aysen,2020-11-25,1231,13,1175,51,0,8,0.1568627450980392,0.0,1.0,8,0.0
310,Chile,Aysen,2020-11-26,1236,13,1181,48,0,6,0.125,0.0,1.0,6,0.0
311,Chile,Aysen,2020-11-27,1242,14,1184,48,1,3,0.08333333333333333,0.25,0.75,4,-0.25
312,Chile,Aysen,2020-11-28,1252,14,1190,54,0,6,0.1111111111111111,0.0,1.0,6,0.25
313,Chile,Aysen,2020-11-29,1259,14,1197,55,0,7,0.12727272727272726,0.0,1.0,7,0.0
314,Chile,Aysen,2020-11-30,1269,14,1204,58,0,7,0.1206896551724138,0.0,1.0,7,0.0
315,Chile,Aysen,2020-12-01,1270,14,1211,52,0,7,0.1346153846153846,0.0,1.0,7,0.0
316,Chile,Aysen,2020-12-02,1273,14,1220,48,0,9,0.1875,0.0,1.0,9,0.0
317,Chile,Aysen,2020-12-03,1273,14,1220,39,0,0,0.0,,,0,
318,Chile,Aysen,2020-12-04,1277,14,1221,43,0,1,0.023255813953488372,0.0,1.0,1,
319,Chile,Aysen,2020-12-05,1283,15,1228,48,1,7,0.16666666666666666,0.125,0.875,8,-0.125
320,Chile,Aysen,2020-12-06,1288,15,1236,45,0,8,0.17777777777777778,0.0,1.0,8,0.125
321,Chile,Aysen,2020-12-07,1294,15,1242,43,0,6,0.13953488372093023,0.0,1.0,6,0.0
322,Chile,Aysen,2020-12-08,1298,15,1247,41,0,5,0.12195121951219512,0.0,1.0,5,0.0
323,Chile,Aysen,2020-12-09,1312,15,1254,50,0,7,0.14,0.0,1.0,7,0.0
324,Chile,Aysen,2020-12-10,1315,15,1259,46,0,5,0.10869565217391304,0.0,1.0,5,0.0
325,Chile,Aysen,2020-12-11,1322,15,1261,48,0,2,0.041666666666666664,0.0,1.0,2,0.0
326,Chile,Aysen,2020-12-12,1327,15,1274,51,0,13,0.2549019607843137,0.0,1.0,13,0.0
327,Chile,Aysen,2020-12-13,1336,15,1276,47,0,2,0.0425531914893617,0.0,1.0,2,0.0
328,Chile,Aysen,2020-12-14,1341,15,1283,50,0,7,0.14,0.0,1.0,7,0.0
329,Chile,Aysen,2020-12-15,1344,15,1288,46,0,5,0.10869565217391304,0.0,1.0,5,0.0
