Index,Region,Subregion,Stage,Confirmed,Deaths,Recovered,Stage_Confirmed,Stage_Deaths,Stage_Recovered,Stage_Treated%,Stage_Deaths%,Stage_Recovered%,Stage_Treated,Recovered_Change
10,Canada,Alberta,2020-03-11,19,0,0,19,0,0,0.0,,,0,
11,Canada,Alberta,2020-03-16,56,0,0,56,0,0,0.0,,,0,
12,Canada,Alberta,2020-03-21,195,1,0,195,1,0,0.005128205128205128,1.0,0.0,1,
13,Canada,Alberta,2020-03-26,486,2,0,485,1,0,0.002061855670103093,1.0,0.0,1,0.0
14,Canada,Alberta,2020-03-31,690,8,0,688,6,0,0.00872093023255814,1.0,0.0,6,0.0
15,Canada,Alberta,2020-04-05,1181,20,0,1173,12,0,0.010230179028132993,1.0,0.0,12,0.0
16,Canada,Alberta,2020-04-10,1451,32,0,1431,12,0,0.008385744234800839,1.0,0.0,12,0.0
17,Canada,Alberta,2020-04-15,1870,48,0,1838,16,0,0.008705114254624592,1.0,0.0,16,0.0
18,Canada,Alberta,2020-04-20,2908,59,0,2860,11,0,0.0038461538461538464,1.0,0.0,11,0.0
19,Canada,Alberta,2020-04-25,4233,73,0,4174,14,0,0.0033540967896502154,1.0,0.0,14,0.0
20,Canada,Alberta,2020-04-30,5355,90,0,5282,17,0,0.003218477849299508,1.0,0.0,17,0.0
21,Canada,Alberta,2020-05-05,5893,106,0,5803,16,0,0.0027571945545407546,1.0,0.0,16,0.0
22,Canada,Alberta,2020-05-10,6253,117,0,6147,11,0,0.0017894908085244834,1.0,0.0,11,0.0
23,Canada,Alberta,2020-05-15,6515,125,5317,6398,8,5317,0.8322913410440763,0.0015023474178403756,0.9984976525821596,5325,0.9984976525821596
24,Canada,Alberta,2020-05-20,6735,128,5637,1293,3,320,0.24980665119876258,0.009287925696594427,0.9907120743034056,323,-0.007785578278754035
25,Canada,Alberta,2020-05-25,6879,138,5979,1114,10,342,0.31597845601436264,0.028409090909090908,0.9715909090909091,352,-0.019121165212496516
26,Canada,Alberta,2020-05-30,6992,143,6245,875,5,266,0.3097142857142857,0.01845018450184502,0.981549815498155,271,0.009958906407245949
27,Canada,Alberta,2020-06-04,7091,146,6611,703,3,366,0.5248933143669986,0.008130081300813009,0.991869918699187,369,0.010320103201031938
28,Canada,Alberta,2020-06-09,7229,151,6722,472,5,111,0.2457627118644068,0.04310344827586207,0.9568965517241379,116,-0.03497336697504905
29,Canada,Alberta,2020-06-14,7433,150,6861,560,-1,139,0.24642857142857144,-0.007246376811594203,1.0072463768115942,138,0.050349825087456335
30,Canada,Alberta,2020-06-19,7625,152,6961,614,2,100,0.16612377850162866,0.0196078431372549,0.9803921568627451,102,-0.02685421994884918
31,Canada,Alberta,2020-06-24,7825,153,7134,712,1,173,0.2443820224719101,0.005747126436781609,0.9942528735632183,174,0.013860716700473286
32,Canada,Alberta,2020-06-29,8067,154,7354,780,1,220,0.2833333333333333,0.004524886877828055,0.995475113122172,221,0.0012222395589536195
33,Canada,Alberta,2020-07-04,8259,155,7532,751,1,178,0.23834886817576564,0.00558659217877095,0.994413407821229,179,-0.0010617053009429611
34,Canada,Alberta,2020-07-09,8519,161,7774,832,6,242,0.2980769230769231,0.024193548387096774,0.9758064516129032,248,-0.018606956208325753
35,Canada,Alberta,2020-07-14,8912,163,8048,977,2,274,0.28249744114636643,0.007246376811594203,0.9927536231884058,276,0.016947171575502518
36,Canada,Alberta,2020-07-19,9219,167,8193,1008,4,145,0.14781746031746032,0.026845637583892617,0.9731543624161074,149,-0.019599260772298344
37,Canada,Alberta,2020-07-24,10086,178,8567,1726,11,374,0.2230590961761298,0.02857142857142857,0.9714285714285714,385,-0.0017257909875360022
38,Canada,Alberta,2020-07-29,10603,190,8983,1858,12,416,0.2303552206673843,0.028037383177570093,0.9719626168224299,428,0.0005340453938584844
39,Canada,Alberta,2020-08-03,10843,196,9261,1670,6,278,0.17005988023952096,0.02112676056338028,0.9788732394366197,284,0.006910622614189843
40,Canada,Alberta,2020-08-08,11430,208,10097,1973,12,836,0.4298023314749113,0.014150943396226415,0.9858490566037735,848,0.006975817167153786
41,Canada,Alberta,2020-08-13,11969,220,10713,1664,12,616,0.37740384615384615,0.01910828025477707,0.9808917197452229,628,-0.004957336858550598
42,Canada,Alberta,2020-08-18,12419,225,11025,1486,5,312,0.2133243606998654,0.015772870662460567,0.9842271293375394,317,0.003335409592316485
43,Canada,Alberta,2020-08-23,12748,230,11374,1498,5,349,0.2363150867823765,0.014124293785310734,0.9858757062146892,354,0.00164857687714981
44,Canada,Alberta,2020-08-28,13476,237,12054,1872,7,680,0.36698717948717946,0.010189228529839884,0.9898107714701602,687,0.0039350652554709376
45,Canada,Alberta,2020-09-02,14180,242,12535,1889,5,481,0.25727898358920065,0.0102880658436214,0.9897119341563786,486,-9.883731378157457e-05
46,Canada,Alberta,2020-09-07,14474,242,12799,1697,0,264,0.15556865055981142,0.0,1.0,264,0.010288065843621408
47,Canada,Alberta,2020-09-12,15415,253,13718,2374,11,919,0.3917438921651222,0.011827956989247311,0.9881720430107527,930,-0.011827956989247324
48,Canada,Alberta,2020-09-17,16274,254,14573,2303,1,855,0.37168910117238385,0.0011682242990654205,0.9988317757009346,856,0.010659732690181944
49,Canada,Alberta,2020-09-22,16889,258,15066,2062,4,493,0.24102812803103782,0.008048289738430584,0.9919517102615694,497,-0.006880065439365257
50,Canada,Alberta,2020-09-27,17343,261,15585,2019,3,519,0.2585438335809807,0.005747126436781609,0.9942528735632183,522,0.0023011633016489785
51,Canada,Alberta,2020-10-02,18357,272,16527,2511,11,942,0.37953006770211073,0.011542497376705142,0.9884575026232949,953,-0.005795370939923439
52,Canada,Alberta,2020-10-07,19354,281,17163,2555,9,636,0.25244618395303325,0.013953488372093023,0.986046511627907,645,-0.002410990995387885
53,Canada,Alberta,2020-10-12,19995,283,17488,2551,2,325,0.12818502548020383,0.0061162079510703364,0.9938837920489296,327,0.007837280421022608
54,Canada,Alberta,2020-10-17,21775,288,18651,4004,5,1163,0.2917082917082917,0.004280821917808219,0.9957191780821918,1168,0.0018353860332621652
55,Canada,Alberta,2020-10-22,23829,296,20014,4890,8,1363,0.2803680981595092,0.005835156819839533,0.9941648431801605,1371,-0.0015543349020312736
56,Canada,Alberta,2020-10-27,26155,309,21108,5845,13,1094,0.18939264328485886,0.011743450767841012,0.988256549232159,1107,-0.0059082939480015195
57,Canada,Alberta,2020-11-01,27664,323,22169,6247,14,1061,0.17208259964783096,0.013023255813953489,0.9869767441860465,1075,-0.00127980504611247
58,Canada,Alberta,2020-11-06,31858,352,24684,9366,29,2515,0.2716207559256887,0.01139937106918239,0.9886006289308176,2544,0.0016238847447710425
59,Canada,Alberta,2020-11-11,35545,383,26407,10509,31,1723,0.16690455799790654,0.01767388825541619,0.9823261117445838,1754,-0.00627451718623373
60,Canada,Alberta,2020-11-16,40189,427,29731,13399,44,3324,0.2513620419434286,0.013064133016627079,0.9869358669833729,3368,0.004609755238789037
61,Canada,Alberta,2020-11-21,45288,471,33543,15130,44,3812,0.25485789821546595,0.011410788381742738,0.9885892116182573,3856,0.0016533446348844238
62,Canada,Alberta,2020-11-26,51878,510,37316,17864,39,3773,0.21339005821764442,0.010230849947534103,0.9897691500524659,3812,0.001179938434208605
63,Canada,Alberta,2020-12-01,59484,551,42305,21658,41,4989,0.23224674485178687,0.008151093439363818,0.9918489065606362,5030,0.002079756508170272
64,Canada,Alberta,2020-12-06,68566,615,48467,25710,64,6162,0.24216258265266433,0.01027947317699968,0.9897205268230003,6226,-0.0021283797376359104
65,Canada,Alberta,2020-12-11,76792,684,55947,27710,69,7480,0.2724287260916637,0.009140283481255795,0.9908597165187442,7549,0.0011391896957438918
66,Canada,Alberta,2020-12-16,84597,760,63668,27966,76,7721,0.2788028320102982,0.00974733872002052,0.9902526612799795,7797,-0.0006070552387646977
67,Canada,Alberta,2020-12-21,91459,860,71434,27031,100,7766,0.29099922311420223,0.012712941774726672,0.9872870582252733,7866,-0.0029656030547061674
68,Canada,Alberta,2020-12-26,96893,955,75070,24599,95,3636,0.1516728322289524,0.025462342535513268,0.9745376574644867,3731,-0.012749400760786567
69,Canada,Alberta,2020-12-31,100428,1046,84827,24403,91,9757,0.40355693972052614,0.009240454914703494,0.9907595450852965,9848,0.016221887620809783
70,Canada,Alberta,2021-01-05,106378,1168,91799,20505,122,6972,0.34596439892709097,0.017197631801522412,0.9828023681984775,7094,-0.007957176886818962
71,Canada,Alberta,2021-01-10,111452,1284,96052,18485,116,4253,0.23635380037868542,0.026550698100251773,0.9734493018997482,4369,-0.00935306629872934
72,Canada,Alberta,2021-01-15,115370,1402,101779,18034,118,5727,0.32411001441721193,0.02018819503849444,0.9798118049615056,5845,0.006362503061757341
73,Canada,Alberta,2021-01-20,118436,1484,106387,15255,82,4608,0.30744018354637825,0.017484008528784647,0.9825159914712154,4690,0.002704186509709827
74,Canada,Alberta,2021-01-25,121535,1574,110622,13664,90,4235,0.3165251756440281,0.020809248554913295,0.9791907514450867,4325,-0.003325240026128662
75,Canada,Alberta,2021-01-30,123747,1631,114586,11551,57,3964,0.3481083888840793,0.014175578214374533,0.9858244217856255,4021,0.006633670340538744
76,Canada,Alberta,2021-02-04,125672,1684,117400,9455,53,2814,0.3032258064516129,0.01848622253226369,0.9815137774677363,2867,-0.0043106443178891896
77,Canada,Alberta,2021-02-09,127231,1722,119678,8147,38,2278,0.284276420768381,0.016407599309153715,0.9835924006908463,2316,0.002078623223110032
78,Canada,Alberta,2021-02-14,128824,1780,121829,7424,58,2151,0.29754849137931033,0.026256224535989137,0.9737437754640109,2209,-0.009848625226835384
79,Canada,Alberta,2021-02-19,130355,1812,123703,6746,32,1874,0.2825378001778832,0.016789087093389297,0.9832109129066107,1906,0.009467137442599749
