Index,Region,Subregion,Stage,Confirmed,Deaths,Recovered,Stage_Confirmed,Stage_Deaths,Stage_Recovered,Stage_Treated%,Stage_Deaths%,Stage_Recovered%,Stage_Treated,Recovered_Change
2,Canada,British Columbia,2020-01-31,1,,,1,,,,,,,
3,Canada,British Columbia,2020-02-05,2,0,0,,,,,,,,
4,Canada,British Columbia,2020-02-10,4,0,0,4,0,0,0.0,,,0,
5,Canada,British Columbia,2020-02-15,4,0,0,4,0,0,0.0,,,0,
6,Canada,British Columbia,2020-02-20,5,0,0,5,0,0,0.0,,,0,
7,Canada,British Columbia,2020-02-25,7,0,0,7,0,0,0.0,,,0,
8,Canada,British Columbia,2020-03-01,8,0,3,8,0,3,0.375,0.0,1.0,3,
9,Canada,British Columbia,2020-03-06,21,0,3,18,0,0,0.0,,,0,
10,Canada,British Columbia,2020-03-11,39,1,4,36,1,1,0.05555555555555555,0.5,0.5,2,
11,Canada,British Columbia,2020-03-16,103,4,4,98,3,0,0.030612244897959183,1.0,0.0,3,-0.5
12,Canada,British Columbia,2020-03-21,424,10,4,416,6,0,0.014423076923076924,1.0,0.0,6,0.0
13,Canada,British Columbia,2020-03-26,725,14,0,711,4,-4,0.0,,,0,
14,Canada,British Columbia,2020-03-31,1013,24,0,999,10,0,0.01001001001001001,1.0,0.0,10,
15,Canada,British Columbia,2020-04-05,1203,38,0,1179,14,0,0.011874469889737066,1.0,0.0,14,0.0
16,Canada,British Columbia,2020-04-10,1370,50,0,1332,12,0,0.009009009009009009,1.0,0.0,12,0.0
17,Canada,British Columbia,2020-04-15,1517,72,0,1467,22,0,0.014996591683708248,1.0,0.0,22,0.0
18,Canada,British Columbia,2020-04-20,1647,82,0,1575,10,0,0.006349206349206349,1.0,0.0,10,0.0
19,Canada,British Columbia,2020-04-25,1948,100,0,1866,18,0,0.00964630225080386,1.0,0.0,18,0.0
20,Canada,British Columbia,2020-04-30,2112,111,0,2012,11,0,0.0054671968190854875,1.0,0.0,11,0.0
21,Canada,British Columbia,2020-05-05,2232,121,0,2121,10,0,0.004714757190004715,1.0,0.0,10,0.0
22,Canada,British Columbia,2020-05-10,2330,129,0,2209,8,0,0.0036215482118605704,1.0,0.0,8,0.0
23,Canada,British Columbia,2020-05-15,2407,140,1908,2278,11,1908,0.8424056189640036,0.005732152162584679,0.9942678478374153,1919,0.9942678478374153
24,Canada,British Columbia,2020-05-20,2467,149,2005,419,9,97,0.2529832935560859,0.08490566037735849,0.9150943396226415,106,-0.07917350821477376
25,Canada,British Columbia,2020-05-25,2530,161,2102,376,12,97,0.2898936170212766,0.11009174311926606,0.8899082568807339,109,-0.02518608274190759
26,Canada,British Columbia,2020-05-30,2573,164,2181,310,3,79,0.2645161290322581,0.036585365853658534,0.9634146341463414,82,0.07350637726560749
27,Canada,British Columbia,2020-06-04,2632,166,2265,287,2,84,0.29965156794425085,0.023255813953488372,0.9767441860465116,86,0.013329551900170156
28,Canada,British Columbia,2020-06-09,2669,167,2319,238,1,54,0.23109243697478993,0.01818181818181818,0.9818181818181818,55,0.0050739957716702255
29,Canada,British Columbia,2020-06-14,2709,168,2354,223,1,35,0.16143497757847533,0.027777777777777776,0.9722222222222222,36,-0.009595959595959602
30,Canada,British Columbia,2020-06-19,2790,168,2444,268,0,90,0.3358208955223881,0.0,1.0,90,0.02777777777777779
31,Canada,British Columbia,2020-06-24,2849,171,2516,237,3,72,0.31645569620253167,0.04,0.96,75,-0.040000000000000036
32,Canada,British Columbia,2020-06-29,2904,174,2577,217,3,61,0.29493087557603687,0.046875,0.953125,64,-0.0068749999999999645
33,Canada,British Columbia,2020-07-04,2947,177,2608,196,3,31,0.17346938775510204,0.08823529411764706,0.9117647058823529,34,-0.04136029411764708
34,Canada,British Columbia,2020-07-09,3028,186,2667,243,9,59,0.27983539094650206,0.1323529411764706,0.8676470588235294,68,-0.044117647058823484
35,Canada,British Columbia,2020-07-14,3128,189,2730,275,3,63,0.24,0.045454545454545456,0.9545454545454546,66,0.08689839572192515
36,Canada,British Columbia,2020-07-19,3198,189,2802,279,0,72,0.25806451612903225,0.0,1.0,72,0.045454545454545414
37,Canada,British Columbia,2020-07-24,3392,190,2898,401,1,96,0.24189526184538654,0.010309278350515464,0.9896907216494846,97,-0.010309278350515427
38,Canada,British Columbia,2020-07-29,3562,194,3109,474,4,211,0.45358649789029537,0.018604651162790697,0.9813953488372092,215,-0.008295372812275326
39,Canada,British Columbia,2020-08-03,3641,195,3168,338,1,59,0.17751479289940827,0.016666666666666666,0.9833333333333333,60,0.0019379844961240345
40,Canada,British Columbia,2020-08-08,3934,195,3353,571,0,185,0.3239929947460595,0.0,1.0,185,0.01666666666666672
41,Canada,British Columbia,2020-08-13,4274,196,3500,726,1,147,0.20385674931129477,0.006756756756756757,0.9932432432432432,148,-0.006756756756756799
42,Canada,British Columbia,2020-08-18,4677,198,3704,981,2,204,0.20998980632008155,0.009708737864077669,0.9902912621359223,206,-0.002951981107320867
43,Canada,British Columbia,2020-08-23,4915,202,3889,1013,4,185,0.18657453109575517,0.021164021164021163,0.9788359788359788,189,-0.011455283299943497
44,Canada,British Columbia,2020-08-28,5496,204,4310,1405,2,421,0.301067615658363,0.004728132387706856,0.9952718676122931,423,0.0164358887763143
45,Canada,British Columbia,2020-09-02,5952,209,4605,1438,5,295,0.2086230876216968,0.016666666666666666,0.9833333333333333,300,-0.011938534278959856
46,Canada,British Columbia,2020-09-07,6162,211,4706,1348,2,101,0.07640949554896143,0.019417475728155338,0.9805825242718447,103,-0.0027508090614886127
47,Canada,British Columbia,2020-09-12,6962,213,5273,2045,2,567,0.278239608801956,0.0035149384885764497,0.9964850615114236,569,0.015902537239578907
48,Canada,British Columbia,2020-09-17,7663,220,5738,2177,7,465,0.21681212677997244,0.014830508474576272,0.9851694915254238,472,-0.011315569985999807
49,Canada,British Columbia,2020-09-22,8304,227,6589,2346,7,851,0.3657289002557545,0.008158508158508158,0.9918414918414918,858,0.006672000316068072
50,Canada,British Columbia,2020-09-27,8641,230,7062,1825,3,473,0.2608219178082192,0.0063025210084033615,0.9936974789915967,476,0.0018559871501048208
51,Canada,British Columbia,2020-10-02,9381,238,7841,2089,8,779,0.3767352800382958,0.010165184243964422,0.9898348157560356,787,-0.003862663235561059
52,Canada,British Columbia,2020-10-07,9956,244,8325,1877,6,484,0.2610548748002131,0.012244897959183673,0.9877551020408163,490,-0.0020797137152193113
53,Canada,British Columbia,2020-10-12,10185,245,8534,1616,1,209,0.12995049504950495,0.004761904761904762,0.9952380952380953,210,0.007482993197278964
54,Canada,British Columbia,2020-10-17,11189,251,9425,2410,6,891,0.37219917012448134,0.006688963210702341,0.9933110367892977,897,-0.0019270584487975917
55,Canada,British Columbia,2020-10-22,12057,256,4931,2381,5,-4494,-1.8853422931541368,-0.0011138338159946536,1.0011138338159946,-4489,0.00780279702669695
56,Canada,British Columbia,2020-10-27,13588,259,11007,8401,3,6076,0.7236043328175217,0.0004935022207599934,0.99950649777924,6079,-0.0016073360367545586
57,Canada,British Columbia,2020-11-01,14381,263,11728,3115,4,721,0.23274478330658105,0.005517241379310344,0.9944827586206897,725,-0.005023739158550367
58,Canada,British Columbia,2020-11-06,17149,275,13133,5158,12,1405,0.2747188832880962,0.008468595624558928,0.9915314043754411,1417,-0.0029513542452486163
59,Canada,British Columbia,2020-11-11,19239,284,13822,5831,9,689,0.1197050248670897,0.012893982808022923,0.9871060171919771,698,-0.004425387183463969
60,Canada,British Columbia,2020-11-16,22945,299,16367,8839,15,2545,0.28962552324923635,0.005859375,0.994140625,2560,0.007034607808022897
61,Canada,British Columbia,2020-11-21,25474,331,18021,8808,32,1654,0.19141689373297002,0.018979833926453145,0.9810201660735468,1686,-0.013120458926453193
62,Canada,British Columbia,2020-11-26,29973,384,19998,11621,53,1977,0.1746837621547199,0.026108374384236452,0.9738916256157636,2030,-0.007128540457783217
63,Canada,British Columbia,2020-12-01,33894,457,23774,13512,73,3776,0.2848579040852576,0.018965965185762535,0.9810340348142375,3849,0.007142409198473865
64,Canada,British Columbia,2020-12-06,36132,492,25658,11901,35,1884,0.16124695403747585,0.018238665971860343,0.9817613340281397,1919,0.0007272992139022438
65,Canada,British Columbia,2020-12-11,40797,598,29598,14647,106,3940,0.27623404110056665,0.02619871478002966,0.9738012852199703,4046,-0.007960048808169362
66,Canada,British Columbia,2020-12-16,44103,692,32376,13907,94,2778,0.20651470482490833,0.032729805013927575,0.9672701949860725,2872,-0.006531090233897863
67,Canada,British Columbia,2020-12-21,47067,765,35455,13999,73,3079,0.2251589399242803,0.02315989847715736,0.9768401015228426,3152,0.009569906536770145
68,Canada,British Columbia,2020-12-26,48609,808,37784,12389,43,2329,0.19146016627653564,0.01812816188870152,0.9818718381112985,2372,0.005031736588455904
69,Canada,British Columbia,2020-12-31,51990,901,42127,13398,93,4343,0.3310941931631587,0.02096483318304779,0.9790351668169522,4436,-0.0028366712943462824
70,Canada,British Columbia,2021-01-05,54629,954,45999,11601,53,3872,0.3383329023360055,0.013503184713375796,0.9864968152866243,3925,0.007461648469672011
71,Canada,British Columbia,2021-01-10,56632,988,48205,9679,34,2206,0.23142886661845233,0.015178571428571428,0.9848214285714286,2240,-0.0016753867151956259
72,Canada,British Columbia,2021-01-15,60117,1047,53115,10924,59,4910,0.4548700109849872,0.011873616421815255,0.9881263835781847,4969,0.003304955006756094
73,Canada,British Columbia,2021-01-20,62412,1104,55564,8250,57,2449,0.3037575757575758,0.02274541101356744,0.9772545889864326,2506,-0.010871794591752137
74,Canada,British Columbia,2021-01-25,64828,1154,57831,8160,50,2267,0.28394607843137254,0.02157962883038412,0.9784203711696159,2317,0.001165782183183306
75,Canada,British Columbia,2021-01-30,66779,1189,59551,7794,35,1720,0.2251732101616628,0.019943019943019943,0.98005698005698,1755,0.001636608887364166
76,Canada,British Columbia,2021-02-04,69245,1240,62078,8505,51,2527,0.30311581422692535,0.01978277734678045,0.9802172226532195,2578,0.00016024259623947934
77,Canada,British Columbia,2021-02-09,71387,1263,65618,8069,23,3540,0.44156648903209816,0.006455234353073253,0.9935447656469267,3563,0.013327542993707198
78,Canada,British Columbia,2021-02-14,72750,1288,67008,5869,25,1390,0.24109729085023002,0.0176678445229682,0.9823321554770318,1415,-0.011212610169894943
79,Canada,British Columbia,2021-02-19,75835,1327,69970,7539,39,2962,0.39806340363443427,0.01299566811062979,0.9870043318893702,3001,0.0046721764123384135
80,Canada,British Columbia,2021-02-24,78278,1338,72219,6981,11,2249,0.32373585446211145,0.0048672566371681415,0.9951327433628319,2260,0.00812841147346166
81,Canada,British Columbia,2021-03-01,80672,1363,74776,7115,25,2557,0.3628952916373858,0.009682416731216111,0.9903175832687839,2582,-0.004815160094047921
82,Canada,British Columbia,2021-03-06,83107,1380,76752,6968,17,1976,0.28602181400688864,0.008529854490717512,0.9914701455092825,1993,0.0011525622404985336
83,Canada,British Columbia,2021-03-11,86219,1397,79829,8087,17,3077,0.38258934091752195,0.005494505494505495,0.9945054945054945,3094,0.0030353489962120506
84,Canada,British Columbia,2021-03-16,88929,1407,82436,7703,10,2607,0.3397377645073348,0.0038211692777990066,0.996178830722201,2617,0.0016733362167065113
85,Canada,British Columbia,2021-03-21,90786,1421,84078,6943,14,1642,0.23851361083105285,0.008454106280193236,0.9915458937198067,1656,-0.004632937002394311
86,Canada,British Columbia,2021-03-26,95677,1449,87866,10178,28,3788,0.374926311652584,0.007337526205450734,0.9926624737945493,3816,0.0011165800747425791
87,Canada,British Columbia,2021-03-31,100048,1458,91066,10733,9,3200,0.2989844405105749,0.0028046120286693674,0.9971953879713307,3209,0.004532914176781366
88,Canada,British Columbia,2021-04-05,100880,1463,91732,8356,5,666,0.08030157970320728,0.007451564828614009,0.992548435171386,671,-0.004646952799944648
89,Canada,British Columbia,2021-04-10,109540,1495,98336,16345,32,6604,0.40599571734475376,0.004822182037371911,0.995177817962628,6636,0.0026293827912420298
90,Canada,British Columbia,2021-04-15,116075,1524,104331,16244,29,5995,0.3708446195518345,0.004814077025232404,0.9951859229747676,6024,8.105012139547618e-06
91,Canada,British Columbia,2021-04-20,120889,1539,109973,15034,15,5642,0.3762804310230145,0.00265158211065936,0.9973484178893406,5657,0.0021624949145729877
92,Canada,British Columbia,2021-04-25,123758,1554,113139,12246,15,3166,0.2597582884207088,0.004715498270983967,0.9952845017290161,3181,-0.0020639161603245304
93,Canada,British Columbia,2021-04-30,129482,1581,119785,14789,27,6646,0.45121373994184866,0.004046156151655927,0.9959538438483441,6673,0.0006693421193280091
94,Canada,British Columbia,2021-05-05,132925,1594,124252,11559,13,4467,0.3875767799982697,0.0029017857142857144,0.9970982142857143,4480,0.0011443704373702568
95,Canada,British Columbia,2021-05-10,136108,1622,128139,10262,28,3887,0.38150458000389786,0.007151979565772669,0.9928480204342274,3915,-0.00425019385148695
96,Canada,British Columbia,2021-05-15,138304,1634,130953,8543,12,2814,0.33079714386047054,0.004246284501061571,0.9957537154989384,2826,0.0029056950647110558
97,Canada,British Columbia,2021-05-20,140953,1661,134521,8366,27,3568,0.42971551518049245,0.007510431154381085,0.9924895688456189,3595,-0.003264146653319533
98,Canada,British Columbia,2021-05-25,142636,1680,137062,6454,19,2541,0.3966532383018283,0.007421875,0.992578125,2560,8.855615438108089e-05
99,Canada,British Columbia,2021-05-30,143581,1692,138360,4839,12,1298,0.27071709030791485,0.00916030534351145,0.9908396946564886,1310,-0.001738430343511399
100,Canada,British Columbia,2021-06-04,145049,1710,140835,4997,18,2475,0.49889933960376226,0.007220216606498195,0.9927797833935018,2493,0.0019400887370132347
101,Canada,British Columbia,2021-06-09,145843,1725,142106,3298,15,1271,0.3899332929047908,0.01166407465007776,0.9883359253499222,1286,-0.004443858043579607
102,Canada,British Columbia,2021-06-14,146453,1734,143147,2622,9,1041,0.40045766590389015,0.008571428571428572,0.9914285714285714,1050,0.0030926460786492305
103,Canada,British Columbia,2021-06-19,146902,1740,143748,2021,6,601,0.30034636318654134,0.009884678747940691,0.9901153212520593,607,-0.0013132501765121818
104,Canada,British Columbia,2021-06-24,147346,1747,144466,1858,7,718,0.39020452099031216,0.009655172413793104,0.9903448275862069,725,0.00022950633414764443
105,Canada,British Columbia,2021-06-29,147578,1754,144931,1365,7,465,0.3457875457875458,0.014830508474576272,0.9851694915254238,472,-0.005175336060783131
106,Canada,British Columbia,2021-07-04,147705,1756,145200,1020,2,269,0.2656862745098039,0.007380073800738007,0.992619926199262,271,0.007450434673838213
