Index,Region,Subregion,Stage,Confirmed,Deaths,Recovered,Stage_Confirmed,Stage_Deaths,Stage_Recovered,Stage_Treated%,Stage_Deaths%,Stage_Recovered%,Stage_Treated,Recovered_Change
11,Canada,Nova Scotia,2020-03-16,5,0,0,5,0,0,0.0,,,0,
12,Canada,Nova Scotia,2020-03-21,21,0,0,21,0,0,0.0,,,0,
13,Canada,Nova Scotia,2020-03-26,73,0,0,73,0,0,0.0,,,0,
14,Canada,Nova Scotia,2020-03-31,147,0,0,147,0,0,0.0,,,0,
15,Canada,Nova Scotia,2020-04-05,262,0,0,262,0,0,0.0,,,0,
16,Canada,Nova Scotia,2020-04-10,407,2,0,407,2,0,0.004914004914004914,1.0,0.0,2,
17,Canada,Nova Scotia,2020-04-15,549,3,0,547,1,0,0.0018281535648994515,1.0,0.0,1,0.0
18,Canada,Nova Scotia,2020-04-20,721,9,0,718,6,0,0.008356545961002786,1.0,0.0,6,0.0
20,Canada,Nova Scotia,2020-04-30,947,28,0,938,19,0,0.02025586353944563,1.0,0.0,19,0.0
21,Canada,Nova Scotia,2020-05-05,991,41,0,963,13,0,0.013499480789200415,1.0,0.0,13,0.0
22,Canada,Nova Scotia,2020-05-10,1018,47,0,977,6,0,0.006141248720573183,1.0,0.0,6,0.0
23,Canada,Nova Scotia,2020-05-15,1034,55,918,987,8,918,0.9381965552178319,0.008639308855291577,0.9913606911447084,926,0.9913606911447084
24,Canada,Nova Scotia,2020-05-20,1045,57,956,72,2,38,0.5555555555555556,0.05,0.95,40,-0.04136069114470842
25,Canada,Nova Scotia,2020-05-25,1051,58,974,38,1,18,0.5,0.05263157894736842,0.9473684210526315,19,-0.0026315789473684292
26,Canada,Nova Scotia,2020-05-30,1056,60,978,24,2,4,0.25,0.3333333333333333,0.6666666666666666,6,-0.2807017543859649
27,Canada,Nova Scotia,2020-06-04,1058,61,995,20,1,17,0.9,0.05555555555555555,0.9444444444444444,18,0.2777777777777778
28,Canada,Nova Scotia,2020-06-09,1060,62,998,4,1,3,1.0,0.25,0.75,4,-0.19444444444444442
29,Canada,Nova Scotia,2020-06-14,1061,62,996,1,0,-2,-2.0,-0.0,1.0,-2,0.25
30,Canada,Nova Scotia,2020-06-19,1061,62,998,3,0,2,0.6666666666666666,0.0,1.0,2,0.0
31,Canada,Nova Scotia,2020-06-24,1061,63,998,1,1,0,1.0,1.0,0.0,1,-1.0
32,Canada,Nova Scotia,2020-06-29,1061,63,998,0,0,0,,,,0,
33,Canada,Nova Scotia,2020-07-04,1064,63,998,3,0,0,0.0,,,0,
34,Canada,Nova Scotia,2020-07-09,1066,63,999,5,0,1,0.2,0.0,1.0,1,
35,Canada,Nova Scotia,2020-07-14,1066,63,1002,4,0,3,0.75,0.0,1.0,3,0.0
36,Canada,Nova Scotia,2020-07-19,1067,63,1002,2,0,0,0.0,,,0,
37,Canada,Nova Scotia,2020-07-24,1067,63,1003,2,0,1,0.5,0.0,1.0,1,
38,Canada,Nova Scotia,2020-07-29,1067,64,1003,1,1,0,1.0,1.0,0.0,1,-1.0
39,Canada,Nova Scotia,2020-08-03,1071,64,1005,4,0,2,0.5,0.0,1.0,2,1.0
40,Canada,Nova Scotia,2020-08-08,1071,64,1005,2,0,0,0.0,,,0,
41,Canada,Nova Scotia,2020-08-13,1071,64,1007,2,0,2,1.0,0.0,1.0,2,
42,Canada,Nova Scotia,2020-08-18,1075,64,1007,4,0,0,0.0,,,0,
43,Canada,Nova Scotia,2020-08-23,1080,65,1008,9,1,1,0.2222222222222222,0.5,0.5,2,
44,Canada,Nova Scotia,2020-08-28,1083,65,1013,10,0,5,0.5,0.0,1.0,5,0.5
45,Canada,Nova Scotia,2020-09-02,1085,65,1014,7,0,1,0.14285714285714285,0.0,1.0,1,0.0
46,Canada,Nova Scotia,2020-09-07,1086,65,1017,7,0,3,0.42857142857142855,0.0,1.0,3,0.0
47,Canada,Nova Scotia,2020-09-12,1086,65,1020,4,0,3,0.75,0.0,1.0,3,0.0
48,Canada,Nova Scotia,2020-09-17,1086,65,1020,1,0,0,0.0,,,0,
49,Canada,Nova Scotia,2020-09-22,1087,65,1021,2,0,1,0.5,0.0,1.0,1,
50,Canada,Nova Scotia,2020-09-27,1087,65,1021,1,0,0,0.0,,,0,
51,Canada,Nova Scotia,2020-10-02,1089,65,1021,3,0,0,0.0,,,0,
52,Canada,Nova Scotia,2020-10-07,1089,65,1021,3,0,0,0.0,,,0,
53,Canada,Nova Scotia,2020-10-12,1092,65,1023,6,0,2,0.3333333333333333,0.0,1.0,2,
54,Canada,Nova Scotia,2020-10-17,1093,65,1024,5,0,1,0.2,0.0,1.0,1,0.0
55,Canada,Nova Scotia,2020-10-22,1097,65,1028,8,0,4,0.5,0.0,1.0,4,0.0
56,Canada,Nova Scotia,2020-10-27,1102,65,1031,9,0,3,0.3333333333333333,0.0,1.0,3,0.0
57,Canada,Nova Scotia,2020-11-01,1111,65,1033,15,0,2,0.13333333333333333,0.0,1.0,2,0.0
58,Canada,Nova Scotia,2020-11-06,1121,65,1040,23,0,7,0.30434782608695654,0.0,1.0,7,0.0
59,Canada,Nova Scotia,2020-11-11,1134,65,1049,29,0,9,0.3103448275862069,0.0,1.0,9,0.0
60,Canada,Nova Scotia,2020-11-16,1146,65,1058,32,0,9,0.28125,0.0,1.0,9,0.0
61,Canada,Nova Scotia,2020-11-21,1168,65,1070,45,0,12,0.26666666666666666,0.0,1.0,12,0.0
62,Canada,Nova Scotia,2020-11-26,1257,65,1078,122,0,8,0.06557377049180328,0.0,1.0,8,0.0
63,Canada,Nova Scotia,2020-12-01,1315,65,1108,172,0,30,0.1744186046511628,0.0,1.0,30,0.0
64,Canada,Nova Scotia,2020-12-06,1368,65,1215,195,0,107,0.5487179487179488,0.0,1.0,107,0.0
65,Canada,Nova Scotia,2020-12-11,1402,65,1272,122,0,57,0.4672131147540984,0.0,1.0,57,0.0
66,Canada,Nova Scotia,2020-12-16,1430,65,1310,93,0,38,0.40860215053763443,0.0,1.0,38,0.0
67,Canada,Nova Scotia,2020-12-21,1447,65,1344,72,0,34,0.4722222222222222,0.0,1.0,34,0.0
68,Canada,Nova Scotia,2020-12-26,1465,65,1364,56,0,20,0.35714285714285715,0.0,1.0,20,0.0
69,Canada,Nova Scotia,2020-12-31,1486,65,1399,57,0,35,0.6140350877192983,0.0,1.0,35,0.0
70,Canada,Nova Scotia,2021-01-05,1508,65,1424,44,0,25,0.5681818181818182,0.0,1.0,25,0.0
71,Canada,Nova Scotia,2021-01-10,1528,65,1435,39,0,11,0.28205128205128205,0.0,1.0,11,0.0
72,Canada,Nova Scotia,2021-01-15,1550,65,1453,50,0,18,0.36,0.0,1.0,18,0.0
73,Canada,Nova Scotia,2021-01-20,1564,65,1476,46,0,23,0.5,0.0,1.0,23,0.0
74,Canada,Nova Scotia,2021-01-25,1571,65,1483,30,0,7,0.23333333333333334,0.0,1.0,7,0.0
75,Canada,Nova Scotia,2021-01-30,1580,65,1483,32,0,0,0.0,,,0,
76,Canada,Nova Scotia,2021-02-04,1584,65,1509,36,0,26,0.7222222222222222,0.0,1.0,26,
77,Canada,Nova Scotia,2021-02-09,1587,65,1513,13,0,4,0.3076923076923077,0.0,1.0,4,0.0
78,Canada,Nova Scotia,2021-02-14,1593,65,1519,15,0,6,0.4,0.0,1.0,6,0.0
79,Canada,Nova Scotia,2021-02-19,1604,65,1524,20,0,5,0.25,0.0,1.0,5,0.0
80,Canada,Nova Scotia,2021-02-24,1616,65,1530,27,0,6,0.2222222222222222,0.0,1.0,6,0.0
81,Canada,Nova Scotia,2021-03-01,1642,65,1542,47,0,12,0.2553191489361702,0.0,1.0,12,0.0
82,Canada,Nova Scotia,2021-03-06,1657,65,1563,50,0,21,0.42,0.0,1.0,21,0.0
83,Canada,Nova Scotia,2021-03-11,1665,65,1581,37,0,18,0.4864864864864865,0.0,1.0,18,0.0
84,Canada,Nova Scotia,2021-03-16,1672,65,1590,26,0,9,0.34615384615384615,0.0,1.0,9,0.0
85,Canada,Nova Scotia,2021-03-21,1688,66,1601,33,1,11,0.36363636363636365,0.08333333333333333,0.9166666666666666,12,-0.08333333333333337
86,Canada,Nova Scotia,2021-03-26,1704,66,1611,37,0,10,0.2702702702702703,0.0,1.0,10,0.08333333333333337
87,Canada,Nova Scotia,2021-03-31,1716,66,1627,39,0,16,0.41025641025641024,0.0,1.0,16,0.0
88,Canada,Nova Scotia,2021-04-05,1742,66,1645,49,0,18,0.3673469387755102,0.0,1.0,18,0.0
89,Canada,Nova Scotia,2021-04-10,1764,66,1655,53,0,10,0.18867924528301888,0.0,1.0,10,0.0
90,Canada,Nova Scotia,2021-04-15,1786,66,1678,65,0,23,0.35384615384615387,0.0,1.0,23,0.0
91,Canada,Nova Scotia,2021-04-20,1831,67,1696,87,1,18,0.21839080459770116,0.05263157894736842,0.9473684210526315,19,-0.052631578947368474
92,Canada,Nova Scotia,2021-04-25,2053,67,1723,290,0,27,0.09310344827586207,0.0,1.0,27,0.052631578947368474
93,Canada,Nova Scotia,2021-04-30,2427,67,1771,637,0,48,0.07535321821036106,0.0,1.0,48,0.0
94,Canada,Nova Scotia,2021-05-05,3182,69,1910,1344,2,139,0.10491071428571429,0.014184397163120567,0.9858156028368794,141,-0.014184397163120588
95,Canada,Nova Scotia,2021-05-10,4038,71,2312,2059,2,402,0.19621175327829043,0.0049504950495049506,0.995049504950495,404,0.009233902113615633
96,Canada,Nova Scotia,2021-05-15,4610,72,3030,2227,1,718,0.3228558599012124,0.0013908205841446453,0.9986091794158554,719,0.0035596744653603185
97,Canada,Nova Scotia,2021-05-20,5065,74,3848,1963,2,818,0.4177279673968416,0.0024390243902439024,0.9975609756097561,820,-0.0010482038060992682
98,Canada,Nova Scotia,2021-05-25,5389,79,4464,1467,5,616,0.4233128834355828,0.008051529790660225,0.9919484702093397,621,-0.005612505400416357
99,Canada,Nova Scotia,2021-05-30,5550,85,4960,1007,6,496,0.4985104270109235,0.01195219123505976,0.9880478087649402,502,-0.003900661444399489
100,Canada,Nova Scotia,2021-06-04,5633,88,5294,588,3,334,0.5731292517006803,0.008902077151335312,0.9910979228486647,337,0.0030501140837244645
101,Canada,Nova Scotia,2021-06-09,5707,88,5455,325,0,161,0.49538461538461537,0.0,1.0,161,0.008902077151335286
102,Canada,Nova Scotia,2021-06-14,5749,90,5535,206,2,80,0.39805825242718446,0.024390243902439025,0.975609756097561,82,-0.024390243902439046
103,Canada,Nova Scotia,2021-06-19,5789,90,5611,164,0,76,0.4634146341463415,0.0,1.0,76,0.024390243902439046
104,Canada,Nova Scotia,2021-06-24,5798,92,5647,97,2,36,0.3917525773195876,0.05263157894736842,0.9473684210526315,38,-0.052631578947368474
105,Canada,Nova Scotia,2021-06-29,5832,92,5689,93,0,42,0.45161290322580644,0.0,1.0,42,0.052631578947368474
106,Canada,Nova Scotia,2021-06-30,5836,92,5689,55,0,0,0.0,,,0,
