Index,Region,Subregion,Stage,Confirmed,Deaths,Recovered,Stage_Confirmed,Stage_Deaths,Stage_Recovered,Stage_Treated%,Stage_Deaths%,Stage_Recovered%,Stage_Treated,Recovered_Change
7,Russia,Kalmykia Republic,2020-06-09,1180,16,697,1180,16,697,0.6042372881355932,0.02244039270687237,0.9775596072931276,713,
8,Russia,Kalmykia Republic,2020-06-29,1481,23,1041,768,7,344,0.45703125,0.019943019943019943,0.98005698005698,351,0.0024973727638524235
9,Russia,Kalmykia Republic,2020-07-19,2363,34,1430,1299,11,389,0.30792917628945343,0.0275,0.9725,400,-0.007556980056980023
10,Russia,Kalmykia Republic,2020-08-08,2952,42,2153,1488,8,723,0.49126344086021506,0.01094391244870041,0.9890560875512996,731,0.01655608755129956
11,Russia,Kalmykia Republic,2020-08-28,3981,55,2614,1786,13,461,0.26539753639417696,0.027426160337552744,0.9725738396624473,474,-0.01648224788885233
12,Russia,Kalmykia Republic,2020-09-17,5551,65,3289,2882,10,675,0.2376821651630812,0.014598540145985401,0.9854014598540146,685,0.012827620191567357
13,Russia,Kalmykia Republic,2020-10-07,6965,77,4182,3611,12,893,0.25062309609526445,0.013259668508287293,0.9867403314917127,905,0.0013388716376980803
14,Russia,Kalmykia Republic,2020-10-27,8709,99,5466,4450,22,1284,0.2934831460674157,0.016845329249617153,0.9831546707503829,1306,-0.0035856607413298214
15,Russia,Kalmykia Republic,2020-11-16,10528,118,7938,4963,19,2472,0.5019141648196656,0.0076274588518667205,0.9923725411481332,2491,0.00921787039775035
16,Russia,Kalmykia Republic,2020-12-06,12227,162,10121,4171,44,2183,0.5339247182929753,0.019757521329142345,0.9802424786708577,2227,-0.01213006247727555
17,Russia,Kalmykia Republic,2020-12-26,14285,194,11957,4002,32,1836,0.46676661669165415,0.017130620985010708,0.9828693790149893,1868,0.0026269003441315997
18,Russia,Kalmykia Republic,2021-01-15,16152,221,13447,4001,27,1490,0.3791552111972007,0.017798286090969017,0.982201713909031,1517,-0.0006676651059582817
19,Russia,Kalmykia Republic,2021-02-04,17711,262,16193,4043,41,2746,0.6893395993074449,0.014711158952278435,0.9852888410477215,2787,0.0030871271386905264
20,Russia,Kalmykia Republic,2021-02-24,18836,291,17796,2381,29,1603,0.6854262914741706,0.017769607843137254,0.9822303921568627,1632,-0.0030584488908588225
21,Russia,Kalmykia Republic,2021-03-16,19557,306,18713,1470,15,917,0.6340136054421769,0.016094420600858368,0.9839055793991416,932,0.001675187242278886
22,Russia,Kalmykia Republic,2021-04-05,20078,318,19211,1059,12,498,0.48158640226628896,0.023529411764705882,0.9764705882352941,510,-0.007434991163847493
23,Russia,Kalmykia Republic,2021-04-25,20364,341,19676,835,23,465,0.5844311377245509,0.0471311475409836,0.9528688524590164,488,-0.023601735776277666
24,Russia,Kalmykia Republic,2021-05-15,20615,361,19943,598,20,267,0.479933110367893,0.06968641114982578,0.9303135888501742,287,-0.02255526360884219
25,Russia,Kalmykia Republic,2021-06-04,20882,381,20230,578,20,287,0.5311418685121108,0.06514657980456026,0.9348534201954397,307,0.004539831345265477
26,Russia,Kalmykia Republic,2021-06-24,21333,403,20589,722,22,359,0.5277008310249307,0.05774278215223097,0.9422572178477691,381,0.007403797652329347
27,Russia,Kalmykia Republic,2021-07-04,21928,419,20824,936,16,235,0.26816239316239315,0.06374501992031872,0.9362549800796812,251,-0.006002237768087837
