Index,Region,Subregion,Stage,Confirmed,Deaths,Recovered,Stage_Confirmed,Stage_Deaths,Stage_Recovered,Stage_Treated%,Stage_Deaths%,Stage_Recovered%,Stage_Treated,Recovered_Change
7,Russia,Tyva Republic,2020-06-09,1835,2,337,1835,2,337,0.18474114441416895,0.0058997050147492625,0.9941002949852508,339,
8,Russia,Tyva Republic,2020-06-29,4361,3,1095,4022,1,758,0.1887120835405271,0.0013175230566534915,0.9986824769433466,759,0.004582181958095788
9,Russia,Tyva Republic,2020-07-19,5692,45,2840,4594,42,1745,0.3889856334349151,0.023503077783995522,0.9764969222160045,1787,-0.02218555472734207
10,Russia,Tyva Republic,2020-08-08,6308,60,4960,3423,15,2120,0.623721881390593,0.00702576112412178,0.9929742388758782,2135,0.01647731665987373
11,Russia,Tyva Republic,2020-08-28,6747,60,6107,1727,0,1147,0.664157498552403,0.0,1.0,1147,0.007025761124121788
12,Russia,Tyva Republic,2020-09-17,7255,67,6541,1088,7,434,0.4053308823529412,0.015873015873015872,0.9841269841269841,441,-0.015873015873015928
13,Russia,Tyva Republic,2020-10-07,7989,84,6903,1381,17,362,0.27443881245474294,0.044854881266490766,0.9551451187335093,379,-0.028981865393474804
14,Russia,Tyva Republic,2020-10-27,9085,112,7920,2098,28,1017,0.498093422306959,0.026794258373205742,0.9732057416267943,1045,0.018060622893285028
15,Russia,Tyva Republic,2020-11-16,10991,122,10013,2959,10,2093,0.7107130787428185,0.004755111745126011,0.995244888254874,2103,0.02203914662807971
16,Russia,Tyva Republic,2020-12-06,12970,138,11853,2835,16,1840,0.654673721340388,0.008620689655172414,0.9913793103448276,1856,-0.0038655779100463805
17,Russia,Tyva Republic,2020-12-26,14542,157,13252,2551,19,1399,0.555860446883575,0.013399153737658674,0.9866008462623413,1418,-0.004778464082486278
18,Russia,Tyva Republic,2021-01-15,15085,180,13896,1676,23,644,0.3979713603818616,0.034482758620689655,0.9655172413793104,667,-0.02108360488303096
19,Russia,Tyva Republic,2021-02-04,15439,190,14287,1363,10,391,0.2942039618488628,0.02493765586034913,0.9750623441396509,401,0.009545102760340485
20,Russia,Tyva Republic,2021-02-24,15630,193,14525,1153,3,238,0.20901994796183868,0.012448132780082987,0.9875518672199171,241,0.012489523080266185
21,Russia,Tyva Republic,2021-03-16,15737,194,14721,1019,1,196,0.19332679097154074,0.005076142131979695,0.9949238578680203,197,0.007371990648103233
22,Russia,Tyva Republic,2021-04-05,15769,200,14966,854,6,245,0.2939110070257611,0.02390438247011952,0.9760956175298805,251,-0.01882824033813979
23,Russia,Tyva Republic,2021-04-25,15802,202,15361,636,2,395,0.6242138364779874,0.005037783375314861,0.9949622166246851,397,0.018866599094804593
24,Russia,Tyva Republic,2021-05-15,15882,202,15610,319,0,249,0.780564263322884,0.0,1.0,249,0.005037783375314908
25,Russia,Tyva Republic,2021-05-21,15907,203,15675,95,1,65,0.6947368421052632,0.015151515151515152,0.9848484848484849,66,-0.015151515151515138
