Index,Region,Subregion,Stage,Confirmed,Deaths,Recovered,Stage_Confirmed,Stage_Deaths,Stage_Recovered,Stage_Treated%,Stage_Deaths%,Stage_Recovered%,Stage_Treated,Recovered_Change
12,Chile,Los Lagos,2020-05-20,666,12,0,666,12,0,0.018018018018018018,1.0,0.0,12,
13,Chile,Los Lagos,2020-05-30,860,13,0,848,1,0,0.0011792452830188679,1.0,0.0,1,0.0
14,Chile,Los Lagos,2020-06-09,1028,12,0,1015,-1,0,-0.0009852216748768472,1.0,-0.0,-1,-0.0
15,Chile,Los Lagos,2020-06-19,1298,14,0,1286,2,0,0.0015552099533437014,1.0,0.0,2,0.0
16,Chile,Los Lagos,2020-06-29,1642,21,1311,1628,7,1311,0.8095823095823096,0.005311077389984826,0.9946889226100152,1318,0.9946889226100152
17,Chile,Los Lagos,2020-07-09,2099,22,1653,767,1,342,0.4471968709256845,0.0029154518950437317,0.9970845481049563,343,0.0023956254949411004
18,Chile,Los Lagos,2020-07-19,2761,32,2181,1086,10,528,0.4953959484346225,0.01858736059479554,0.9814126394052045,538,-0.01567190869975177
19,Chile,Los Lagos,2020-07-29,3702,34,2846,1489,2,665,0.44795164539959703,0.0029985007496251873,0.9970014992503748,667,0.015588859845170333
20,Chile,Los Lagos,2020-08-08,4804,52,3751,1924,18,905,0.4797297297297297,0.01950162513542795,0.980498374864572,923,-0.016503124385802814
21,Chile,Los Lagos,2020-08-18,5653,57,4826,1850,5,1075,0.5837837837837838,0.004629629629629629,0.9953703703703703,1080,0.014871995505798319
22,Chile,Los Lagos,2020-08-28,6379,66,5662,1496,9,836,0.5648395721925134,0.010650887573964497,0.9893491124260355,845,-0.006021257944334835
23,Chile,Los Lagos,2020-09-07,7136,72,6330,1408,6,668,0.4786931818181818,0.008902077151335312,0.9910979228486647,674,0.001748810422629199
24,Chile,Los Lagos,2020-09-17,7816,84,7131,1414,12,801,0.574964639321075,0.014760147601476014,0.985239852398524,813,-0.005858070450140751
25,Chile,Los Lagos,2020-09-27,8961,94,7974,1746,10,843,0.488545246277205,0.011723329425556858,0.9882766705744431,853,0.003036818175919165
26,Chile,Los Lagos,2020-10-07,10444,100,9052,2376,6,1078,0.4562289562289562,0.005535055350553505,0.9944649446494465,1084,0.0061882740750033305
27,Chile,Los Lagos,2020-10-17,12165,113,10477,3013,13,1425,0.47726518420179226,0.009040333796940195,0.9909596662030598,1438,-0.003505278446386706
28,Chile,Los Lagos,2020-10-27,14147,123,12737,3557,10,2260,0.6381782400899635,0.004405286343612335,0.9955947136563876,2270,0.0046350474533278785
29,Chile,Los Lagos,2020-11-06,16094,137,14637,3234,14,1900,0.5918367346938775,0.0073145245559038665,0.9926854754440961,1914,-0.0029092382122914984
30,Chile,Los Lagos,2020-11-16,18293,162,16675,3519,25,2038,0.5862460926399545,0.012118274357731459,0.9878817256422685,2063,-0.004803749801827628
31,Chile,Los Lagos,2020-11-26,20013,186,18701,3176,24,2026,0.6454659949622166,0.011707317073170732,0.9882926829268293,2050,0.0004109572845607534
32,Chile,Los Lagos,2020-12-06,21465,218,20395,2578,32,1694,0.669511249030256,0.01853997682502897,0.981460023174971,1726,-0.0068326597518582055
33,Chile,Los Lagos,2020-12-16,22840,230,21792,2227,12,1397,0.6326897171082173,0.008516678495386799,0.9914833215046132,1409,0.010023298329642105
34,Chile,Los Lagos,2020-12-26,24866,254,23221,2844,24,1429,0.5109001406469761,0.016517549896765314,0.9834824501032347,1453,-0.008000871401378506
35,Chile,Los Lagos,2021-01-05,27321,269,25354,3846,15,2133,0.5585023400936038,0.006983240223463687,0.9930167597765364,2148,0.00953430967330171
36,Chile,Los Lagos,2021-01-15,32482,301,28478,6859,32,3124,0.4601253827088497,0.010139416983523447,0.9898605830164765,3156,-0.003156176760059859
37,Chile,Los Lagos,2021-01-25,38759,366,34452,9980,65,5974,0.6051102204408818,0.010763371419109125,0.9892366285808909,6039,-0.0006239544355856053
38,Chile,Los Lagos,2021-02-04,43796,440,40304,8978,74,5852,0.6600579193584317,0.012487343908201148,0.9875126560917988,5926,-0.0017239724890920627
39,Chile,Los Lagos,2021-02-14,47633,525,44880,6889,85,4576,0.6765858615183626,0.018236429950654366,0.9817635700493457,4661,-0.0057490860424531665
40,Chile,Los Lagos,2021-02-24,50224,580,48174,4819,55,3294,0.6949574600539531,0.01642281277993431,0.9835771872200657,3349,0.0018136171707200388
41,Chile,Los Lagos,2021-03-06,53406,661,50700,4652,81,2526,0.5604041272570938,0.031070195627157654,0.9689298043728424,2607,-0.014647382847223334
42,Chile,Los Lagos,2021-03-16,56539,718,53858,5178,57,3158,0.6208960988798764,0.017729393468118197,0.9822706065318818,3215,0.013340802159039433
43,Chile,Los Lagos,2021-03-26,59521,764,56803,4945,46,2945,0.6048533872598585,0.01537947174857907,0.9846205282514209,2991,0.002349921719539072
44,Chile,Los Lagos,2021-04-05,62431,821,59886,4864,57,3083,0.6455592105263158,0.018152866242038216,0.9818471337579617,3140,-0.002773394493459147
45,Chile,Los Lagos,2021-04-15,65150,860,62604,4443,39,2718,0.6205266711681297,0.014145810663764961,0.985854189336235,2757,0.0040070555782733
46,Chile,Los Lagos,2021-04-25,67761,897,65187,4297,37,2583,0.6097277170118688,0.014122137404580152,0.9858778625954199,2620,2.3673259184842088e-05
47,Chile,Los Lagos,2021-05-05,69793,943,67525,3709,46,2338,0.6427608519816662,0.01929530201342282,0.9807046979865772,2384,-0.005173164608842651
48,Chile,Los Lagos,2021-05-15,72227,979,69692,3759,36,2167,0.5860601223729716,0.016341352700862462,0.9836586472991375,2203,0.0029539493125603222
49,Chile,Los Lagos,2021-05-25,75194,1017,72006,4523,38,2314,0.5200088436878179,0.016156462585034014,0.983843537414966,2352,0.00018489011582845105
50,Chile,Los Lagos,2021-06-04,78811,1068,75571,5788,51,3565,0.6247408431237043,0.014103982300884955,0.9858960176991151,3616,0.002052480284149061
51,Chile,Los Lagos,2021-06-14,81602,1122,78828,4963,54,3257,0.6671368124118476,0.01630927212322561,0.9836907278767744,3311,-0.0022052898223406947
52,Chile,Los Lagos,2021-06-24,83354,1162,81123,3404,40,2295,0.685957696827262,0.017130620985010708,0.9828693790149893,2335,-0.0008213488617850873
53,Chile,Los Lagos,2021-07-04,85177,1222,82923,2892,60,1800,0.6431535269709544,0.03225806451612903,0.967741935483871,1860,-0.015127443531118279
54,Chile,Los Lagos,2021-07-11,86083,1261,83963,1938,39,1040,0.5567595459236326,0.03614457831325301,0.963855421686747,1079,-0.003886513797124014
