Index,Region,Subregion,Stage,Confirmed,Deaths,Recovered,Stage_Confirmed,Stage_Deaths,Stage_Recovered,Stage_Treated%,Stage_Deaths%,Stage_Recovered%,Stage_Treated,Recovered_Change
6,India,Arunachal Pradesh,2020-06-30,191,1,62,191,1,62,0.3298429319371728,0.015873015873015872,0.9841269841269841,63,
7,India,Arunachal Pradesh,2020-07-31,1591,3,918,1528,2,856,0.5615183246073299,0.002331002331002331,0.9976689976689976,858,0.013542013542013565
8,India,Arunachal Pradesh,2020-08-31,4112,7,2885,3191,4,1967,0.6176747101222188,0.0020294266869609334,0.9979705733130391,1971,0.00030157564404142967
9,India,Arunachal Pradesh,2020-09-30,9796,16,6890,6904,9,4005,0.5814020857473928,0.002242152466367713,0.9977578475336323,4014,-0.00021272577940678605
10,India,Arunachal Pradesh,2020-10-31,14852,37,12959,7946,21,6069,0.7664233576642335,0.0034482758620689655,0.996551724137931,6090,-0.001206123395701253
11,India,Arunachal Pradesh,2020-11-30,16282,54,15411,3286,17,2452,0.7513694461351187,0.00688537869582827,0.9931146213041717,2469,-0.003437102833759309
12,India,Arunachal Pradesh,2020-12-31,16711,56,16549,1246,2,1138,0.9149277688603531,0.0017543859649122807,0.9982456140350877,1140,0.005130992730915995
13,India,Arunachal Pradesh,2021-01-31,16828,56,16759,223,0,210,0.9417040358744395,0.0,1.0,210,0.0017543859649122862
14,India,Arunachal Pradesh,2021-02-28,16836,56,16780,21,0,21,1.0,0.0,1.0,21,0.0
15,India,Arunachal Pradesh,2021-03-31,16845,56,16785,9,0,5,0.5555555555555556,0.0,1.0,5,0.0
16,India,Arunachal Pradesh,2021-04-30,18419,59,17134,1578,3,349,0.22306717363751585,0.008522727272727272,0.9914772727272727,352,-0.008522727272727293
17,India,Arunachal Pradesh,2021-05-31,27272,115,23402,10079,56,6268,0.6274431987300327,0.008855154965211892,0.9911448450347881,6324,-0.0003324276924846492
18,India,Arunachal Pradesh,2021-06-07,29336,125,25618,5819,10,2216,0.3825399553187833,0.004492362982929021,0.995507637017071,2226,0.004362791982282954
