Index,Region,Subregion,Stage,Confirmed,Deaths,Recovered,Stage_Confirmed,Stage_Deaths,Stage_Recovered,Stage_Treated%,Stage_Deaths%,Stage_Recovered%,Stage_Treated,Recovered_Change
3,Canada,Manitoba,2020-03-31,103,1,0,103,1,0,0.009708737864077669,1.0,0.0,1,
4,Canada,Manitoba,2020-04-30,277,6,0,276,5,0,0.018115942028985508,1.0,0.0,5,0.0
5,Canada,Manitoba,2020-05-31,295,7,278,289,1,278,0.9653979238754326,0.0035842293906810036,0.996415770609319,279,0.996415770609319
6,Canada,Manitoba,2020-06-30,325,7,300,40,0,22,0.55,0.0,1.0,22,0.0035842293906810374
7,Canada,Manitoba,2020-07-31,415,8,337,108,1,37,0.35185185185185186,0.02631578947368421,0.9736842105263158,38,-0.02631578947368418
8,Canada,Manitoba,2020-08-31,1214,14,731,869,6,394,0.46029919447640966,0.015,0.985,400,0.011315789473684168
9,Canada,Manitoba,2020-09-30,1993,20,1374,1248,6,643,0.5200320512820513,0.009244992295839754,0.9907550077041603,649,0.005755007704160264
10,Canada,Manitoba,2020-10-31,5723,67,2646,4329,47,1272,0.30468930468930466,0.0356330553449583,0.9643669446550417,1319,-0.02638806304911856
11,Canada,Manitoba,2020-11-30,16825,312,7253,14112,245,4607,0.3438208616780045,0.050494641384995875,0.9495053586150041,4852,-0.014861586040037622
12,Canada,Manitoba,2020-12-31,24700,667,19528,17135,355,12275,0.7370878319229647,0.0281076801266825,0.9718923198733175,12630,0.02238696125831341
13,Canada,Manitoba,2021-01-31,29564,829,25232,9369,162,5704,0.6261073753869143,0.027616774633481077,0.9723832253665189,5866,0.0004909054932014101
14,Canada,Manitoba,2021-02-28,31859,895,29770,5798,66,4538,0.7940669196274578,0.014335360556038228,0.9856646394439618,4604,0.013281414077442877
15,Canada,Manitoba,2021-03-31,34122,935,32006,3457,40,2236,0.65837431298814,0.01757469244288225,0.9824253075571178,2276,-0.003239331886843999
16,Canada,Manitoba,2021-04-30,38729,974,35380,5788,39,3374,0.5896682791983414,0.011426897157925579,0.9885731028420744,3413,0.006147795284956681
17,Canada,Manitoba,2021-05-31,51090,1053,45533,14736,79,10153,0.6943539630836048,0.007720875684128225,0.9922791243158717,10232,0.003706021473797283
18,Canada,Manitoba,2021-06-30,56167,1141,53631,9581,88,8098,0.8543993320112723,0.010750061079892499,0.9892499389201075,8186,-0.0030291853957642445
19,Canada,Manitoba,2021-07-23,57359,1170,55652,2587,29,2021,0.7924236567452648,0.014146341463414635,0.9858536585365854,2050,-0.0033962803835221322
