Index,Region,Subregion,Stage,Confirmed,Deaths,Recovered,Stage_Confirmed,Stage_Deaths,Stage_Recovered,Stage_Treated%,Stage_Deaths%,Stage_Recovered%,Stage_Treated,Recovered_Change
5,Japan,Aomori,2020-05-31,27,1,25,27,1,25,0.9629629629629629,0.038461538461538464,0.9615384615384616,26,
6,Japan,Aomori,2020-06-30,30,1,26,4,0,1,0.25,0.0,1.0,1,0.038461538461538436
7,Japan,Aomori,2020-07-31,35,1,29,8,0,3,0.375,0.0,1.0,3,0.0
8,Japan,Aomori,2020-08-31,38,1,32,8,0,3,0.375,0.0,1.0,3,0.0
9,Japan,Aomori,2020-09-30,36,1,34,3,0,2,0.6666666666666666,0.0,1.0,2,0.0
10,Japan,Aomori,2020-10-31,227,4,120,192,3,86,0.4635416666666667,0.033707865168539325,0.9662921348314607,89,-0.0337078651685393
11,Japan,Aomori,2020-11-30,295,6,265,171,2,145,0.8596491228070176,0.013605442176870748,0.9863945578231292,147,0.020102422991668534
12,Japan,Aomori,2020-12-31,482,8,382,211,2,117,0.5639810426540285,0.01680672268907563,0.9831932773109243,119,-0.003201280512204918
13,Japan,Aomori,2021-01-31,717,13,643,327,5,261,0.8134556574923547,0.018796992481203006,0.981203007518797,266,-0.0019902697921273527
14,Japan,Aomori,2021-02-28,816,20,769,160,7,126,0.83125,0.05263157894736842,0.9473684210526315,133,-0.03383458646616544
15,Japan,Aomori,2021-03-31,1031,20,870,242,0,101,0.41735537190082644,0.0,1.0,101,0.052631578947368474
16,Japan,Aomori,2021-04-30,1576,22,1268,686,2,398,0.5830903790087464,0.005,0.995,400,-0.0050000000000000044
17,Japan,Aomori,2021-05-31,2352,29,2029,1062,7,761,0.7231638418079096,0.009114583333333334,0.9908854166666666,768,-0.004114583333333366
18,Japan,Aomori,2021-06-30,2500,30,2418,442,1,389,0.8823529411764706,0.002564102564102564,0.9974358974358974,390,0.006550480769230815
19,Japan,Aomori,2021-07-23,2608,30,2514,160,0,96,0.6,0.0,1.0,96,0.002564102564102555
