Index,Region,Subregion,Stage,Confirmed,Deaths,Recovered,Stage_Confirmed,Stage_Deaths,Stage_Recovered,Stage_Treated%,Stage_Deaths%,Stage_Recovered%,Stage_Treated,Recovered_Change
128,Japan,Shiga,2020-05-28,100,1,89,100,1,89,0.9,0.011111111111111112,0.9888888888888889,90,
129,Japan,Shiga,2020-05-29,100,1,91,10,0,2,0.2,0.0,1.0,2,0.011111111111111072
130,Japan,Shiga,2020-05-30,100,1,91,8,0,0,0.0,,,0,
131,Japan,Shiga,2020-05-31,100,1,91,8,0,0,0.0,,,0,
132,Japan,Shiga,2020-06-01,100,1,91,8,0,0,0.0,,,0,
133,Japan,Shiga,2020-06-02,100,1,91,8,0,0,0.0,,,0,
134,Japan,Shiga,2020-06-03,100,1,92,8,0,1,0.125,0.0,1.0,1,
135,Japan,Shiga,2020-06-04,100,1,94,7,0,2,0.2857142857142857,0.0,1.0,2,0.0
136,Japan,Shiga,2020-06-05,100,1,94,5,0,0,0.0,,,0,
137,Japan,Shiga,2020-06-06,100,1,94,5,0,0,0.0,,,0,
138,Japan,Shiga,2020-06-07,100,1,97,5,0,3,0.6,0.0,1.0,3,
139,Japan,Shiga,2020-06-08,100,1,97,2,0,0,0.0,,,0,
140,Japan,Shiga,2020-06-09,100,1,97,2,0,0,0.0,,,0,
141,Japan,Shiga,2020-06-10,100,1,97,2,0,0,0.0,,,0,
142,Japan,Shiga,2020-06-11,100,1,97,2,0,0,0.0,,,0,
143,Japan,Shiga,2020-06-12,100,1,97,2,0,0,0.0,,,0,
144,Japan,Shiga,2020-06-13,100,1,98,2,0,1,0.5,0.0,1.0,1,
145,Japan,Shiga,2020-06-14,100,1,98,1,0,0,0.0,,,0,
146,Japan,Shiga,2020-06-15,100,1,98,1,0,0,0.0,,,0,
147,Japan,Shiga,2020-06-16,100,1,98,1,0,0,0.0,,,0,
148,Japan,Shiga,2020-06-17,100,1,98,1,0,0,0.0,,,0,
149,Japan,Shiga,2020-06-18,100,1,98,1,0,0,0.0,,,0,
150,Japan,Shiga,2020-06-19,101,1,98,2,0,0,0.0,,,0,
151,Japan,Shiga,2020-06-20,101,1,98,2,0,0,0.0,,,0,
152,Japan,Shiga,2020-06-21,101,1,98,2,0,0,0.0,,,0,
153,Japan,Shiga,2020-06-22,101,1,98,2,0,0,0.0,,,0,
154,Japan,Shiga,2020-06-23,101,1,98,2,0,0,0.0,,,0,
155,Japan,Shiga,2020-06-24,101,1,98,2,0,0,0.0,,,0,
156,Japan,Shiga,2020-06-25,101,1,98,2,0,0,0.0,,,0,
157,Japan,Shiga,2020-06-26,101,1,98,2,0,0,0.0,,,0,
158,Japan,Shiga,2020-06-27,101,1,98,2,0,0,0.0,,,0,
159,Japan,Shiga,2020-06-28,101,1,99,2,0,1,0.5,0.0,1.0,1,
160,Japan,Shiga,2020-06-29,101,1,99,1,0,0,0.0,,,0,
161,Japan,Shiga,2020-06-30,101,1,99,1,0,0,0.0,,,0,
162,Japan,Shiga,2020-07-01,103,1,99,3,0,0,0.0,,,0,
163,Japan,Shiga,2020-07-02,103,1,99,3,0,0,0.0,,,0,
164,Japan,Shiga,2020-07-03,103,1,99,3,0,0,0.0,,,0,
165,Japan,Shiga,2020-07-04,103,1,99,3,0,0,0.0,,,0,
166,Japan,Shiga,2020-07-05,103,1,99,3,0,0,0.0,,,0,
167,Japan,Shiga,2020-07-06,103,1,99,3,0,0,0.0,,,0,
168,Japan,Shiga,2020-07-07,103,1,99,3,0,0,0.0,,,0,
169,Japan,Shiga,2020-07-08,104,1,99,4,0,0,0.0,,,0,
170,Japan,Shiga,2020-07-09,104,1,99,4,0,0,0.0,,,0,
171,Japan,Shiga,2020-07-10,104,1,99,4,0,0,0.0,,,0,
172,Japan,Shiga,2020-07-11,104,1,99,4,0,0,0.0,,,0,
173,Japan,Shiga,2020-07-12,106,1,100,6,0,1,0.16666666666666666,0.0,1.0,1,
174,Japan,Shiga,2020-07-13,106,1,100,5,0,0,0.0,,,0,
175,Japan,Shiga,2020-07-14,106,1,100,5,0,0,0.0,,,0,
176,Japan,Shiga,2020-07-15,107,1,100,6,0,0,0.0,,,0,
177,Japan,Shiga,2020-07-16,108,1,101,7,0,1,0.14285714285714285,0.0,1.0,1,
178,Japan,Shiga,2020-07-17,109,1,103,7,0,2,0.2857142857142857,0.0,1.0,2,0.0
179,Japan,Shiga,2020-07-18,109,1,103,5,0,0,0.0,,,0,
180,Japan,Shiga,2020-07-19,110,1,103,6,0,0,0.0,,,0,
181,Japan,Shiga,2020-07-20,114,1,103,10,0,0,0.0,,,0,
182,Japan,Shiga,2020-07-21,117,1,103,13,0,0,0.0,,,0,
183,Japan,Shiga,2020-07-22,128,1,103,24,0,0,0.0,,,0,
184,Japan,Shiga,2020-07-23,145,1,104,41,0,1,0.024390243902439025,0.0,1.0,1,
185,Japan,Shiga,2020-07-24,151,1,105,46,0,1,0.021739130434782608,0.0,1.0,1,0.0
186,Japan,Shiga,2020-07-25,152,1,105,46,0,0,0.0,,,0,
187,Japan,Shiga,2020-07-26,153,1,105,47,0,0,0.0,,,0,
188,Japan,Shiga,2020-07-27,157,1,106,51,0,1,0.0196078431372549,0.0,1.0,1,
189,Japan,Shiga,2020-07-28,157,1,106,50,0,0,0.0,,,0,
190,Japan,Shiga,2020-07-29,163,1,108,56,0,2,0.03571428571428571,0.0,1.0,2,
191,Japan,Shiga,2020-07-30,168,1,109,59,0,1,0.01694915254237288,0.0,1.0,1,0.0
192,Japan,Shiga,2020-07-31,171,1,112,61,0,3,0.04918032786885246,0.0,1.0,3,0.0
193,Japan,Shiga,2020-08-01,179,1,113,66,0,1,0.015151515151515152,0.0,1.0,1,0.0
194,Japan,Shiga,2020-08-02,184,1,125,70,0,12,0.17142857142857143,0.0,1.0,12,0.0
195,Japan,Shiga,2020-08-03,202,1,133,76,0,8,0.10526315789473684,0.0,1.0,8,0.0
196,Japan,Shiga,2020-08-04,207,1,137,73,0,4,0.0547945205479452,0.0,1.0,4,0.0
197,Japan,Shiga,2020-08-05,236,1,143,98,0,6,0.061224489795918366,0.0,1.0,6,0.0
198,Japan,Shiga,2020-08-06,242,1,145,98,0,2,0.02040816326530612,0.0,1.0,2,0.0
199,Japan,Shiga,2020-08-07,273,1,151,127,0,6,0.047244094488188976,0.0,1.0,6,0.0
200,Japan,Shiga,2020-08-08,283,1,153,131,0,2,0.015267175572519083,0.0,1.0,2,0.0
201,Japan,Shiga,2020-08-09,291,2,158,137,1,5,0.043795620437956206,0.16666666666666666,0.8333333333333334,6,-0.16666666666666663
202,Japan,Shiga,2020-08-10,298,2,161,138,0,3,0.021739130434782608,0.0,1.0,3,0.16666666666666663
203,Japan,Shiga,2020-08-11,302,2,169,139,0,8,0.05755395683453238,0.0,1.0,8,0.0
204,Japan,Shiga,2020-08-12,311,3,175,140,1,6,0.05,0.14285714285714285,0.8571428571428571,7,-0.1428571428571429
205,Japan,Shiga,2020-08-13,317,3,186,139,0,11,0.07913669064748201,0.0,1.0,11,0.1428571428571429
206,Japan,Shiga,2020-08-14,324,3,198,135,0,12,0.08888888888888889,0.0,1.0,12,0.0
207,Japan,Shiga,2020-08-15,331,3,209,130,0,11,0.08461538461538462,0.0,1.0,11,0.0
208,Japan,Shiga,2020-08-16,337,4,210,125,1,1,0.016,0.5,0.5,2,-0.5
209,Japan,Shiga,2020-08-17,346,4,225,132,0,15,0.11363636363636363,0.0,1.0,15,0.5
210,Japan,Shiga,2020-08-18,354,4,236,125,0,11,0.088,0.0,1.0,11,0.0
211,Japan,Shiga,2020-08-19,361,4,245,121,0,9,0.0743801652892562,0.0,1.0,9,0.0
212,Japan,Shiga,2020-08-20,366,4,248,117,0,3,0.02564102564102564,0.0,1.0,3,0.0
213,Japan,Shiga,2020-08-21,373,4,256,121,0,8,0.06611570247933884,0.0,1.0,8,0.0
214,Japan,Shiga,2020-08-22,384,4,268,124,0,12,0.0967741935483871,0.0,1.0,12,0.0
215,Japan,Shiga,2020-08-23,391,4,276,119,0,8,0.06722689075630252,0.0,1.0,8,0.0
216,Japan,Shiga,2020-08-24,401,4,281,121,0,5,0.04132231404958678,0.0,1.0,5,0.0
217,Japan,Shiga,2020-08-25,415,4,297,130,0,16,0.12307692307692308,0.0,1.0,16,0.0
218,Japan,Shiga,2020-08-26,423,4,313,122,0,16,0.13114754098360656,0.0,1.0,16,0.0
219,Japan,Shiga,2020-08-27,428,4,320,111,0,7,0.06306306306306306,0.0,1.0,7,0.0
220,Japan,Shiga,2020-08-28,436,4,328,112,0,8,0.07142857142857142,0.0,1.0,8,0.0
221,Japan,Shiga,2020-08-29,441,5,335,109,1,7,0.07339449541284404,0.125,0.875,8,-0.125
222,Japan,Shiga,2020-08-30,444,5,342,104,0,7,0.0673076923076923,0.0,1.0,7,0.125
223,Japan,Shiga,2020-08-31,450,5,348,103,0,6,0.05825242718446602,0.0,1.0,6,0.0
224,Japan,Shiga,2020-09-01,452,6,354,99,1,6,0.0707070707070707,0.14285714285714285,0.8571428571428571,7,-0.1428571428571429
225,Japan,Shiga,2020-09-02,454,6,357,94,0,3,0.031914893617021274,0.0,1.0,3,0.1428571428571429
226,Japan,Shiga,2020-09-03,458,7,370,95,1,13,0.14736842105263157,0.07142857142857142,0.9285714285714286,14,-0.0714285714285714
227,Japan,Shiga,2020-09-04,459,7,381,82,0,11,0.13414634146341464,0.0,1.0,11,0.0714285714285714
228,Japan,Shiga,2020-09-05,462,7,386,74,0,5,0.06756756756756757,0.0,1.0,5,0.0
229,Japan,Shiga,2020-09-06,462,7,396,69,0,10,0.14492753623188406,0.0,1.0,10,0.0
230,Japan,Shiga,2020-09-07,464,7,403,61,0,7,0.11475409836065574,0.0,1.0,7,0.0
231,Japan,Shiga,2020-09-08,465,7,407,55,0,4,0.07272727272727272,0.0,1.0,4,0.0
232,Japan,Shiga,2020-09-09,466,7,414,52,0,7,0.1346153846153846,0.0,1.0,7,0.0
233,Japan,Shiga,2020-09-10,467,7,418,46,0,4,0.08695652173913043,0.0,1.0,4,0.0
234,Japan,Shiga,2020-09-11,468,7,421,43,0,3,0.06976744186046512,0.0,1.0,3,0.0
235,Japan,Shiga,2020-09-12,471,7,425,43,0,4,0.09302325581395349,0.0,1.0,4,0.0
236,Japan,Shiga,2020-09-13,471,7,427,39,0,2,0.05128205128205128,0.0,1.0,2,0.0
237,Japan,Shiga,2020-09-14,471,7,427,37,0,0,0.0,,,0,
238,Japan,Shiga,2020-09-15,472,7,427,38,0,0,0.0,,,0,
239,Japan,Shiga,2020-09-16,474,7,432,40,0,5,0.125,0.0,1.0,5,
240,Japan,Shiga,2020-09-17,475,7,439,36,0,7,0.19444444444444445,0.0,1.0,7,0.0
241,Japan,Shiga,2020-09-18,476,7,441,30,0,2,0.06666666666666667,0.0,1.0,2,0.0
242,Japan,Shiga,2020-09-19,477,7,448,29,0,7,0.2413793103448276,0.0,1.0,7,0.0
243,Japan,Shiga,2020-09-20,478,7,449,23,0,1,0.043478260869565216,0.0,1.0,1,0.0
244,Japan,Shiga,2020-09-21,479,7,450,23,0,1,0.043478260869565216,0.0,1.0,1,0.0
245,Japan,Shiga,2020-09-22,479,8,451,22,1,1,0.09090909090909091,0.5,0.5,2,-0.5
246,Japan,Shiga,2020-09-23,481,8,451,22,0,0,0.0,,,0,
247,Japan,Shiga,2020-09-24,483,8,453,24,0,2,0.08333333333333333,0.0,1.0,2,
248,Japan,Shiga,2020-09-25,486,8,458,25,0,5,0.2,0.0,1.0,5,0.0
249,Japan,Shiga,2020-09-26,490,8,459,24,0,1,0.041666666666666664,0.0,1.0,1,0.0
250,Japan,Shiga,2020-09-27,495,8,459,28,0,0,0.0,,,0,
251,Japan,Shiga,2020-09-28,495,8,461,28,0,2,0.07142857142857142,0.0,1.0,2,
252,Japan,Shiga,2020-09-29,501,8,463,32,0,2,0.0625,0.0,1.0,2,0.0
253,Japan,Shiga,2020-09-30,502,8,465,31,0,2,0.06451612903225806,0.0,1.0,2,0.0
254,Japan,Shiga,2020-10-01,503,8,466,30,0,1,0.03333333333333333,0.0,1.0,1,0.0
255,Japan,Shiga,2020-10-02,503,8,468,29,0,2,0.06896551724137931,0.0,1.0,2,0.0
256,Japan,Shiga,2020-10-03,503,8,468,27,0,0,0.0,,,0,
257,Japan,Shiga,2020-10-04,505,8,475,29,0,7,0.2413793103448276,0.0,1.0,7,
258,Japan,Shiga,2020-10-05,506,8,475,23,0,0,0.0,,,0,
259,Japan,Shiga,2020-10-06,507,8,477,24,0,2,0.08333333333333333,0.0,1.0,2,
260,Japan,Shiga,2020-10-07,508,8,482,23,0,5,0.21739130434782608,0.0,1.0,5,0.0
261,Japan,Shiga,2020-10-08,510,8,485,20,0,3,0.15,0.0,1.0,3,0.0
262,Japan,Shiga,2020-10-09,511,8,487,18,0,2,0.1111111111111111,0.0,1.0,2,0.0
263,Japan,Shiga,2020-10-10,514,8,489,19,0,2,0.10526315789473684,0.0,1.0,2,0.0
264,Japan,Shiga,2020-10-11,514,8,489,17,0,0,0.0,,,0,
265,Japan,Shiga,2020-10-12,515,8,490,18,0,1,0.05555555555555555,0.0,1.0,1,
266,Japan,Shiga,2020-10-13,518,8,491,20,0,1,0.05,0.0,1.0,1,0.0
267,Japan,Shiga,2020-10-14,519,8,494,20,0,3,0.15,0.0,1.0,3,0.0
268,Japan,Shiga,2020-10-15,520,8,496,18,0,2,0.1111111111111111,0.0,1.0,2,0.0
269,Japan,Shiga,2020-10-16,520,8,496,16,0,0,0.0,,,0,
270,Japan,Shiga,2020-10-17,522,8,497,18,0,1,0.05555555555555555,0.0,1.0,1,
271,Japan,Shiga,2020-10-18,524,8,497,19,0,0,0.0,,,0,
272,Japan,Shiga,2020-10-19,527,8,503,22,0,6,0.2727272727272727,0.0,1.0,6,
273,Japan,Shiga,2020-10-20,530,9,506,19,1,3,0.21052631578947367,0.25,0.75,4,-0.25
274,Japan,Shiga,2020-10-21,531,9,506,16,0,0,0.0,,,0,
275,Japan,Shiga,2020-10-22,533,9,506,18,0,0,0.0,,,0,
276,Japan,Shiga,2020-10-23,535,9,507,20,0,1,0.05,0.0,1.0,1,
277,Japan,Shiga,2020-10-24,537,9,509,21,0,2,0.09523809523809523,0.0,1.0,2,0.0
278,Japan,Shiga,2020-10-25,538,9,510,20,0,1,0.05,0.0,1.0,1,0.0
279,Japan,Shiga,2020-10-26,539,9,510,20,0,0,0.0,,,0,
280,Japan,Shiga,2020-10-27,539,9,512,20,0,2,0.1,0.0,1.0,2,
281,Japan,Shiga,2020-10-28,542,9,515,21,0,3,0.14285714285714285,0.0,1.0,3,0.0
282,Japan,Shiga,2020-10-29,546,9,518,22,0,3,0.13636363636363635,0.0,1.0,3,0.0
283,Japan,Shiga,2020-10-30,547,9,520,20,0,2,0.1,0.0,1.0,2,0.0
284,Japan,Shiga,2020-10-31,552,9,521,23,0,1,0.043478260869565216,0.0,1.0,1,0.0
285,Japan,Shiga,2020-11-01,553,9,523,23,0,2,0.08695652173913043,0.0,1.0,2,0.0
286,Japan,Shiga,2020-11-02,557,9,525,25,0,2,0.08,0.0,1.0,2,0.0
287,Japan,Shiga,2020-11-03,560,9,526,26,0,1,0.038461538461538464,0.0,1.0,1,0.0
288,Japan,Shiga,2020-11-04,563,9,529,28,0,3,0.10714285714285714,0.0,1.0,3,0.0
289,Japan,Shiga,2020-11-05,584,9,530,46,0,1,0.021739130434782608,0.0,1.0,1,0.0
290,Japan,Shiga,2020-11-06,593,9,532,54,0,2,0.037037037037037035,0.0,1.0,2,0.0
291,Japan,Shiga,2020-11-07,599,9,535,58,0,3,0.05172413793103448,0.0,1.0,3,0.0
292,Japan,Shiga,2020-11-08,601,9,537,57,0,2,0.03508771929824561,0.0,1.0,2,0.0
293,Japan,Shiga,2020-11-09,620,9,538,74,0,1,0.013513513513513514,0.0,1.0,1,0.0
294,Japan,Shiga,2020-11-10,625,9,541,78,0,3,0.038461538461538464,0.0,1.0,3,0.0
295,Japan,Shiga,2020-11-11,636,9,543,86,0,2,0.023255813953488372,0.0,1.0,2,0.0
296,Japan,Shiga,2020-11-12,647,9,548,95,0,5,0.05263157894736842,0.0,1.0,5,0.0
297,Japan,Shiga,2020-11-13,647,9,557,90,0,9,0.1,0.0,1.0,9,0.0
298,Japan,Shiga,2020-11-14,655,9,558,89,0,1,0.011235955056179775,0.0,1.0,1,0.0
299,Japan,Shiga,2020-11-15,663,9,559,96,0,1,0.010416666666666666,0.0,1.0,1,0.0
300,Japan,Shiga,2020-11-16,672,9,572,104,0,13,0.125,0.0,1.0,13,0.0
301,Japan,Shiga,2020-11-17,683,9,578,102,0,6,0.058823529411764705,0.0,1.0,6,0.0
302,Japan,Shiga,2020-11-18,696,9,593,109,0,15,0.13761467889908258,0.0,1.0,15,0.0
303,Japan,Shiga,2020-11-19,708,9,611,106,0,18,0.16981132075471697,0.0,1.0,18,0.0
304,Japan,Shiga,2020-11-20,720,9,616,100,0,5,0.05,0.0,1.0,5,0.0
305,Japan,Shiga,2020-11-21,730,9,624,105,0,8,0.0761904761904762,0.0,1.0,8,0.0
306,Japan,Shiga,2020-11-22,735,9,629,102,0,5,0.049019607843137254,0.0,1.0,5,0.0
307,Japan,Shiga,2020-11-23,740,9,635,102,0,6,0.058823529411764705,0.0,1.0,6,0.0
308,Japan,Shiga,2020-11-24,747,9,639,103,0,4,0.038834951456310676,0.0,1.0,4,0.0
309,Japan,Shiga,2020-11-25,756,9,647,108,0,8,0.07407407407407407,0.0,1.0,8,0.0
310,Japan,Shiga,2020-11-26,760,9,656,104,0,9,0.08653846153846154,0.0,1.0,9,0.0
311,Japan,Shiga,2020-11-27,773,9,665,108,0,9,0.08333333333333333,0.0,1.0,9,0.0
312,Japan,Shiga,2020-11-28,777,9,680,103,0,15,0.14563106796116504,0.0,1.0,15,0.0
313,Japan,Shiga,2020-11-29,780,9,685,91,0,5,0.054945054945054944,0.0,1.0,5,0.0
314,Japan,Shiga,2020-11-30,783,9,689,89,0,4,0.0449438202247191,0.0,1.0,4,0.0
315,Japan,Shiga,2020-12-01,793,9,698,95,0,9,0.09473684210526316,0.0,1.0,9,0.0
316,Japan,Shiga,2020-12-02,797,10,705,90,1,7,0.08888888888888889,0.125,0.875,8,-0.125
317,Japan,Shiga,2020-12-03,805,11,719,90,1,14,0.16666666666666666,0.06666666666666667,0.9333333333333333,15,0.05833333333333335
318,Japan,Shiga,2020-12-04,813,11,722,83,0,3,0.03614457831325301,0.0,1.0,3,0.06666666666666665
319,Japan,Shiga,2020-12-05,814,11,727,81,0,5,0.06172839506172839,0.0,1.0,5,0.0
320,Japan,Shiga,2020-12-06,816,11,730,78,0,3,0.038461538461538464,0.0,1.0,3,0.0
321,Japan,Shiga,2020-12-07,826,11,737,85,0,7,0.08235294117647059,0.0,1.0,7,0.0
322,Japan,Shiga,2020-12-08,832,11,745,84,0,8,0.09523809523809523,0.0,1.0,8,0.0
323,Japan,Shiga,2020-12-09,842,11,759,86,0,14,0.16279069767441862,0.0,1.0,14,0.0
324,Japan,Shiga,2020-12-10,847,11,768,77,0,9,0.11688311688311688,0.0,1.0,9,0.0
325,Japan,Shiga,2020-12-11,852,11,770,73,0,2,0.0273972602739726,0.0,1.0,2,0.0
326,Japan,Shiga,2020-12-12,857,11,776,76,0,6,0.07894736842105263,0.0,1.0,6,0.0
327,Japan,Shiga,2020-12-13,863,11,781,76,0,5,0.06578947368421052,0.0,1.0,5,0.0
328,Japan,Shiga,2020-12-14,869,11,785,77,0,4,0.05194805194805195,0.0,1.0,4,0.0
