Index,Region,Subregion,Stage,Confirmed,Deaths,Recovered,Stage_Confirmed,Stage_Deaths,Stage_Recovered,Stage_Treated%,Stage_Deaths%,Stage_Recovered%,Stage_Treated,Recovered_Change
8,Pakistan,Sindh,2020-06-29,81985,1343,45616,81985,1343,45616,0.5727755077148259,0.028599416512276668,0.9714005834877233,46959,
9,Pakistan,Sindh,2020-07-19,113007,1993,92037,66048,650,46421,0.7126786579457365,0.013808926940154235,0.9861910730598458,47071,0.014790489572122478
10,Pakistan,Sindh,2020-08-08,123246,2259,114965,29216,266,22928,0.7938800657174151,0.011468483228421143,0.9885315167715789,23194,0.0023404437117331423
11,Pakistan,Sindh,2020-08-28,129081,2394,122734,11857,135,7769,0.6666104410896517,0.017079959514170042,0.9829200404858299,7904,-0.005611476285748984
12,Pakistan,Sindh,2020-09-17,133125,2455,127991,7997,61,5257,0.664999374765537,0.011470477623166603,0.9885295223768334,5318,0.0056094818910035205
13,Pakistan,Sindh,2020-10-07,139195,2535,132183,8749,80,4192,0.48828437535718366,0.018726591760299626,0.9812734082397003,4272,-0.007256114137133118
14,Pakistan,Sindh,2020-10-27,144449,2604,137041,9731,69,4858,0.5063200082211489,0.014004465191800285,0.9859955348081997,4927,0.004722126568499352
15,Pakistan,Sindh,2020-11-16,156528,2751,143252,16883,147,6211,0.37659183794349343,0.023120478137779177,0.9768795218622208,6358,-0.009116012945978857
16,Pakistan,Sindh,2020-12-06,184486,3019,159581,38483,268,16329,0.43128134500948473,0.016147496535518467,0.9838525034644815,16597,0.006972981602260675
17,Pakistan,Sindh,2020-12-26,210241,3469,187035,47641,450,27454,0.585713985852522,0.016126720183486237,0.9838732798165137,27904,2.0776352032236822e-05
18,Pakistan,Sindh,2021-01-15,233396,3769,212266,42892,300,25231,0.5952392054462371,0.011750421056754534,0.9882495789432455,25531,0.004376299126731764
19,Pakistan,Sindh,2021-02-04,249498,4059,226414,33463,290,14148,0.43146161432029406,0.020085884471533453,0.9799141155284665,14438,-0.008335463414778976
20,Pakistan,Sindh,2021-02-24,257089,4315,240676,26616,256,14262,0.5454613766155696,0.01763328282132525,0.9823667171786747,14518,0.0024526016502082193
21,Pakistan,Sindh,2021-03-16,261823,4468,253041,16832,153,12365,0.7437024714828897,0.01222239974436811,0.9877776002556319,12518,0.00541088307695714
22,Pakistan,Sindh,2021-04-05,266926,4510,256897,9417,42,3856,0.4139322501858341,0.0107747562852745,0.9892252437147255,3898,0.0014476434590936504
23,Pakistan,Sindh,2021-04-25,278545,4599,262296,17138,89,5399,0.320224063484654,0.016217201166180757,0.9837827988338192,5488,-0.005442444880906283
24,Pakistan,Sindh,2021-05-15,298078,4794,275589,31183,195,13293,0.4325433729916942,0.01445729537366548,0.9855427046263345,13488,0.0017599057925152817
25,Pakistan,Sindh,2021-06-04,322350,5105,293510,41967,311,17921,0.4344365811232635,0.01705792014041246,0.9829420798595876,18232,-0.0026006247667469395
26,Pakistan,Sindh,2021-06-24,334453,5392,309496,35838,287,15986,0.45407109771750653,0.01763657592330855,0.9823634240766914,16273,-0.0005786557828961758
27,Pakistan,Sindh,2021-07-02,339268,5497,313868,24380,105,4372,0.1836341263330599,0.02345320527138709,0.9765467947286129,4477,-0.0058166293480784725
