Index,Region,Subregion,Stage,Confirmed,Deaths,Recovered,Stage_Confirmed,Stage_Deaths,Stage_Recovered,Stage_Treated%,Stage_Deaths%,Stage_Recovered%,Stage_Treated,Recovered_Change
12,Cabo Verde,,2020-03-21,3,0,0,3,0,0,0.0,,,0,
13,Cabo Verde,,2020-03-26,4,1,0,4,1,0,0.25,1.0,0.0,1,
14,Cabo Verde,,2020-03-31,6,1,0,5,0,0,0.0,,,0,
15,Cabo Verde,,2020-04-05,7,1,0,6,0,0,0.0,,,0,
16,Cabo Verde,,2020-04-10,7,1,1,6,0,1,0.16666666666666666,0.0,1.0,1,
17,Cabo Verde,,2020-04-15,56,1,1,54,0,0,0.0,,,0,
18,Cabo Verde,,2020-04-20,67,1,1,65,0,0,0.0,,,0,
19,Cabo Verde,,2020-04-25,90,1,1,88,0,0,0.0,,,0,
20,Cabo Verde,,2020-04-30,121,1,4,119,0,3,0.025210084033613446,0.0,1.0,3,
21,Cabo Verde,,2020-05-05,186,2,37,181,1,33,0.1878453038674033,0.029411764705882353,0.9705882352941176,34,-0.02941176470588236
22,Cabo Verde,,2020-05-10,246,2,56,207,0,19,0.09178743961352658,0.0,1.0,19,0.02941176470588236
23,Cabo Verde,,2020-05-15,326,2,67,268,0,11,0.041044776119402986,0.0,1.0,11,0.0
24,Cabo Verde,,2020-05-20,349,3,85,280,1,18,0.06785714285714285,0.05263157894736842,0.9473684210526315,19,-0.052631578947368474
25,Cabo Verde,,2020-05-25,390,3,155,302,0,70,0.23178807947019867,0.0,1.0,70,0.052631578947368474
26,Cabo Verde,,2020-05-30,421,4,167,263,1,12,0.049429657794676805,0.07692307692307693,0.9230769230769231,13,-0.07692307692307687
27,Cabo Verde,,2020-06-04,502,5,239,331,1,72,0.22054380664652568,0.0136986301369863,0.9863013698630136,73,0.06322444678609052
28,Cabo Verde,,2020-06-09,585,5,270,341,0,31,0.09090909090909091,0.0,1.0,31,0.013698630136986356
29,Cabo Verde,,2020-06-14,750,6,301,475,1,31,0.06736842105263158,0.03125,0.96875,32,-0.03125
30,Cabo Verde,,2020-06-19,848,8,377,541,2,76,0.14417744916820702,0.02564102564102564,0.9743589743589743,78,0.005608974358974339
31,Cabo Verde,,2020-06-24,999,8,479,614,0,102,0.16612377850162866,0.0,1.0,102,0.02564102564102566
32,Cabo Verde,,2020-06-29,1165,12,608,678,4,129,0.19616519174041297,0.03007518796992481,0.9699248120300752,133,-0.03007518796992481
33,Cabo Verde,,2020-07-04,1421,16,654,801,4,46,0.062421972534332085,0.08,0.92,50,-0.04992481203007515
34,Cabo Verde,,2020-07-09,1552,18,730,882,2,76,0.08843537414965986,0.02564102564102564,0.9743589743589743,78,0.0543589743589743
35,Cabo Verde,,2020-07-14,1722,19,772,974,1,42,0.044147843942505136,0.023255813953488372,0.9767441860465116,43,0.0023852116875372475
36,Cabo Verde,,2020-07-19,2045,21,973,1254,2,201,0.16188197767145135,0.009852216748768473,0.9901477832512315,203,0.013403597204719953
37,Cabo Verde,,2020-07-24,2220,22,1216,1226,1,243,0.19902120717781402,0.004098360655737705,0.9959016393442623,244,0.005753856093030807
38,Cabo Verde,,2020-07-29,2373,23,1694,1135,1,478,0.4220264317180617,0.0020876826722338203,0.9979123173277662,479,0.00201067798350385
39,Cabo Verde,,2020-08-03,2583,25,1911,866,2,217,0.2528868360277136,0.0091324200913242,0.9908675799086758,219,-0.007044737419090397
40,Cabo Verde,,2020-08-08,2835,32,2073,899,7,162,0.18798665183537264,0.04142011834319527,0.9585798816568047,169,-0.032287698251871055
41,Cabo Verde,,2020-08-13,3073,33,2232,968,1,159,0.1652892561983471,0.00625,0.99375,160,0.03517011834319528
42,Cabo Verde,,2020-08-18,3253,36,2390,988,3,158,0.16295546558704455,0.018633540372670808,0.9813664596273292,161,-0.012383540372670865
43,Cabo Verde,,2020-08-23,3509,37,2540,1083,1,150,0.1394275161588181,0.006622516556291391,0.9933774834437086,151,0.012011023816379418
44,Cabo Verde,,2020-08-28,3745,38,2807,1168,1,267,0.22945205479452055,0.0037313432835820895,0.996268656716418,268,0.0028911732727093797
45,Cabo Verde,,2020-09-02,4048,41,3460,1203,3,653,0.545303408146301,0.004573170731707317,0.9954268292682927,656,-0.0008418274481252208
46,Cabo Verde,,2020-09-07,4358,42,3790,857,1,330,0.3862310385064177,0.0030211480362537764,0.9969788519637462,331,0.0015520226954535143
47,Cabo Verde,,2020-09-12,4711,44,4104,879,2,314,0.3594994311717861,0.006329113924050633,0.9936708860759493,316,-0.0033079658877969154
48,Cabo Verde,,2020-09-17,5063,49,4465,915,5,361,0.4,0.01366120218579235,0.9863387978142076,366,-0.007332088261741698
49,Cabo Verde,,2020-09-22,5337,52,4742,823,3,277,0.3402187120291616,0.010714285714285714,0.9892857142857143,280,0.0029469164715066887
50,Cabo Verde,,2020-09-27,5771,57,5031,977,5,289,0.300921187308086,0.017006802721088437,0.9829931972789115,294,-0.006292517006802778
51,Cabo Verde,,2020-10-02,6205,62,5399,1117,5,368,0.3339301700984781,0.013404825737265416,0.9865951742627346,373,0.0036019769838230298
52,Cabo Verde,,2020-10-07,6624,71,5684,1163,9,285,0.2527944969905417,0.030612244897959183,0.9693877551020408,294,-0.017207419160693793
53,Cabo Verde,,2020-10-12,7155,75,6075,1400,4,391,0.28214285714285714,0.010126582278481013,0.9898734177215189,395,0.02048566261947815
54,Cabo Verde,,2020-10-17,7638,85,6473,1488,10,398,0.27419354838709675,0.024509803921568627,0.9754901960784313,408,-0.014383221643087585
55,Cabo Verde,,2020-10-22,8122,91,6940,1564,6,467,0.3024296675191816,0.012684989429175475,0.9873150105708245,473,0.011824814492393143
56,Cabo Verde,,2020-10-27,8472,94,7599,1441,3,659,0.4594031922276197,0.004531722054380665,0.9954682779456193,662,0.008153267374794826
57,Cabo Verde,,2020-11-01,8848,95,8012,1155,1,413,0.35844155844155845,0.0024154589371980675,0.9975845410628019,414,0.002116263117182604
58,Cabo Verde,,2020-11-06,9224,100,8363,1117,5,351,0.3187108325872874,0.014044943820224719,0.9859550561797753,356,-0.01162948488302662
59,Cabo Verde,,2020-11-11,9560,102,8829,1097,2,466,0.4266180492251595,0.004273504273504274,0.9957264957264957,468,0.00977143954672044
60,Cabo Verde,,2020-11-16,9840,103,9386,909,1,557,0.6138613861386139,0.0017921146953405018,0.9982078853046595,558,0.002481389578163795
61,Cabo Verde,,2020-11-21,10234,104,9649,745,1,263,0.35436241610738256,0.003787878787878788,0.9962121212121212,264,-0.0019957640925383213
62,Cabo Verde,,2020-11-26,10570,105,9956,817,1,307,0.3769889840881273,0.003246753246753247,0.9967532467532467,308,0.0005411255411255089
63,Cabo Verde,,2020-12-01,10816,106,10366,755,1,410,0.5443708609271524,0.0024330900243309003,0.9975669099756691,411,0.0008136632224223783
64,Cabo Verde,,2020-12-06,11063,109,10596,591,3,230,0.3942470389170897,0.012875536480686695,0.9871244635193133,233,-0.010442446456355836
65,Cabo Verde,,2020-12-11,11262,110,10894,557,1,298,0.5368043087971275,0.0033444816053511705,0.9966555183946488,299,0.009531054875335565
66,Cabo Verde,,2020-12-16,11458,110,11106,454,0,212,0.4669603524229075,0.0,1.0,212,0.0033444816053511683
67,Cabo Verde,,2020-12-21,11600,111,11270,384,1,164,0.4296875,0.006060606060606061,0.9939393939393939,165,-0.0060606060606061
68,Cabo Verde,,2020-12-26,11698,112,11426,317,1,156,0.4952681388012618,0.006369426751592357,0.9936305732484076,157,-0.00030882069098625564
69,Cabo Verde,,2020-12-31,11840,113,11559,302,1,133,0.44370860927152317,0.007462686567164179,0.9925373134328358,134,-0.0010932598155718454
70,Cabo Verde,,2021-01-05,11983,113,11608,311,0,49,0.15755627009646303,0.0,1.0,49,0.007462686567164201
71,Cabo Verde,,2021-01-10,12392,114,11733,671,1,125,0.18777943368107303,0.007936507936507936,0.9920634920634921,126,-0.007936507936507908
72,Cabo Verde,,2021-01-15,12776,118,12054,929,4,321,0.34983853606027987,0.012307692307692308,0.9876923076923076,325,-0.0043711843711844445
73,Cabo Verde,,2021-01-20,13224,121,12400,1052,3,346,0.33174904942965777,0.008595988538681949,0.9914040114613181,349,0.0037117037690104215
74,Cabo Verde,,2021-01-25,13557,127,12751,1036,6,351,0.34459459459459457,0.01680672268907563,0.9831932773109243,357,-0.00821073415039375
75,Cabo Verde,,2021-01-30,13981,133,13103,1103,6,352,0.32456935630099726,0.01675977653631285,0.9832402234636871,358,4.694615276279457e-05
76,Cabo Verde,,2021-02-04,14290,135,13513,1054,2,410,0.3908918406072106,0.0048543689320388345,0.9951456310679612,412,0.011905407604274054
77,Cabo Verde,,2021-02-09,14479,137,13901,831,2,388,0.4693140794223827,0.005128205128205128,0.9948717948717949,390,-0.0002738361961662772
78,Cabo Verde,,2021-02-14,14741,139,14198,703,2,297,0.42532005689900426,0.006688963210702341,0.9933110367892977,299,-0.0015607580824972267
79,Cabo Verde,,2021-02-19,14948,142,14470,611,3,272,0.4500818330605565,0.01090909090909091,0.9890909090909091,275,-0.004220127698388532
80,Cabo Verde,,2021-02-24,15161,145,14638,549,3,168,0.3114754098360656,0.017543859649122806,0.9824561403508771,171,-0.006634768740031993
81,Cabo Verde,,2021-03-01,15432,147,14875,649,2,237,0.3682588597842835,0.008368200836820083,0.9916317991631799,239,0.009175658812302756
82,Cabo Verde,,2021-03-06,15724,152,15022,702,5,147,0.21652421652421652,0.03289473684210526,0.9671052631578947,152,-0.024526536005285204
83,Cabo Verde,,2021-03-11,15932,155,15275,758,3,253,0.33773087071240104,0.01171875,0.98828125,256,0.02117598684210531
84,Cabo Verde,,2021-03-16,16154,157,15549,724,2,274,0.3812154696132597,0.007246376811594203,0.9927536231884058,276,0.004472373188405765
85,Cabo Verde,,2021-03-21,16491,159,15752,785,2,203,0.2611464968152866,0.00975609756097561,0.9902439024390244,205,-0.0025097207493813833
86,Cabo Verde,,2021-03-26,16911,165,16011,1000,6,259,0.265,0.022641509433962263,0.9773584905660377,265,-0.01288541187298664
87,Cabo Verde,,2021-03-31,17470,168,16277,1294,3,266,0.20788253477588872,0.011152416356877323,0.9888475836431226,269,0.0114890930770849
88,Cabo Verde,,2021-04-05,17939,173,16587,1494,5,310,0.21084337349397592,0.015873015873015872,0.9841269841269841,315,-0.004720599516138568
89,Cabo Verde,,2021-04-10,18629,177,17077,1869,4,490,0.26431246655965757,0.008097165991902834,0.9919028340080972,494,0.007775849881113128
90,Cabo Verde,,2021-04-15,19780,188,17802,2526,11,725,0.2913697545526524,0.014945652173913044,0.9850543478260869,736,-0.006848486182010283
91,Cabo Verde,,2021-04-20,20781,194,18350,2791,6,548,0.19849516302400574,0.010830324909747292,0.9891696750902527,554,0.004115327264165747
92,Cabo Verde,,2021-04-25,22349,203,19204,3805,9,854,0.22680683311432326,0.010428736964078795,0.9895712630359212,863,0.00040158794566858
93,Cabo Verde,,2021-04-30,23882,217,20565,4475,14,1361,0.30726256983240224,0.010181818181818183,0.9898181818181818,1375,0.0002469187822605745
94,Cabo Verde,,2021-05-05,25159,229,21763,4377,12,1198,0.2764450536897418,0.009917355371900827,0.9900826446280991,1210,0.00026446280991732074
95,Cabo Verde,,2021-05-10,26578,235,23402,4586,6,1639,0.3587003924989097,0.00364741641337386,0.9963525835866262,1645,0.0062699389585270104
96,Cabo Verde,,2021-05-15,27951,246,24683,4314,11,1281,0.2994900324524803,0.008513931888544891,0.9914860681114551,1292,-0.004866515475171029
97,Cabo Verde,,2021-05-20,28898,253,26116,3969,7,1433,0.36281179138321995,0.004861111111111111,0.9951388888888889,1440,0.003652820777433785
98,Cabo Verde,,2021-05-25,29549,259,27398,3180,6,1282,0.4050314465408805,0.004658385093167702,0.9953416149068323,1288,0.00020272601794335543
99,Cabo Verde,,2021-05-30,30359,264,28428,2702,5,1030,0.38304959289415247,0.004830917874396135,0.9951690821256038,1035,-0.0001725327812284183
