Index,Region,Subregion,Stage,Confirmed,Deaths,Recovered,Stage_Confirmed,Stage_Deaths,Stage_Recovered,Stage_Treated%,Stage_Deaths%,Stage_Recovered%,Stage_Treated,Recovered_Change
9,Colombia,,2020-03-06,1,0,0,1,0,0,0.0,,,0,
10,Colombia,,2020-03-11,9,0,0,9,0,0,0.0,,,0,
11,Colombia,,2020-03-16,54,0,0,54,0,0,0.0,,,0,
12,Colombia,,2020-03-21,196,0,1,196,0,1,0.00510204081632653,0.0,1.0,1,
13,Colombia,,2020-03-26,491,6,8,490,6,7,0.026530612244897958,0.46153846153846156,0.5384615384615384,13,-0.46153846153846156
14,Colombia,,2020-03-31,906,16,31,892,10,23,0.03699551569506727,0.30303030303030304,0.696969696969697,33,0.15850815850815858
15,Colombia,,2020-04-05,1485,35,88,1438,19,57,0.05285118219749652,0.25,0.75,76,0.05303030303030298
16,Colombia,,2020-04-10,2473,80,197,2350,45,109,0.06553191489361702,0.2922077922077922,0.7077922077922078,154,-0.04220779220779225
17,Colombia,,2020-04-15,3105,131,452,2828,51,255,0.1082036775106082,0.16666666666666666,0.8333333333333334,306,0.12554112554112562
18,Colombia,,2020-04-20,3977,189,804,3394,58,352,0.12080141426045964,0.14146341463414633,0.8585365853658536,410,0.025203252032520274
19,Colombia,,2020-04-25,5142,233,1067,4149,44,263,0.07399373342974211,0.14332247557003258,0.8566775244299675,307,-0.0018590609358861698
20,Colombia,,2020-04-30,6507,293,1439,5207,60,372,0.08296523910120991,0.1388888888888889,0.8611111111111112,432,0.004433586681143686
21,Colombia,,2020-05-05,8613,378,2013,6881,85,574,0.0957709635227438,0.12898330804248861,0.8710166919575114,659,0.009905580846400253
22,Colombia,,2020-05-10,11063,463,2705,8672,85,692,0.08959870848708487,0.1093951093951094,0.8906048906048906,777,0.01958819864737915
23,Colombia,,2020-05-15,14216,546,3460,11048,83,755,0.07585083272990586,0.09904534606205251,0.9009546539379475,838,0.010349763333056927
24,Colombia,,2020-05-20,17687,630,4256,13681,84,796,0.06432278342226445,0.09545454545454546,0.9045454545454545,880,0.0035908006075070498
25,Colombia,,2020-05-25,21981,750,5265,17095,120,1009,0.06604270254460369,0.10628875110717449,0.8937112488928255,1129,-0.010834205652629048
26,Colombia,,2020-05-30,26734,891,6935,20719,141,1670,0.08740769342149718,0.07785753727222529,0.9221424627277747,1811,0.028431213834949176
27,Colombia,,2020-06-04,33466,1099,12319,25640,208,5384,0.21809672386895476,0.03719599427753934,0.9628040057224606,5592,0.04066154299468594
28,Colombia,,2020-06-09,40847,1373,16459,27429,274,4140,0.16092456888694448,0.06207521522428636,0.9379247847757136,4414,-0.024879220946746994
29,Colombia,,2020-06-14,48896,1670,19460,31064,297,3001,0.10616791140870462,0.0900545785324439,0.9099454214675561,3298,-0.027979363308157534
30,Colombia,,2020-06-19,60387,2046,22726,39257,376,3266,0.09277326336704282,0.10323997803404723,0.8967600219659527,3642,-0.013185399501603356
31,Colombia,,2020-06-24,73760,2524,30517,48988,478,7791,0.1687964399444762,0.05780626436086588,0.9421937356391341,8269,0.045433713673181386
32,Colombia,,2020-06-29,91995,3256,38345,58954,732,7828,0.14519795094480442,0.08551401869158878,0.9144859813084112,8560,-0.027707754330722922
33,Colombia,,2020-07-04,109793,4001,45409,68192,745,7064,0.1145148991083998,0.09540274042771162,0.9045972595722884,7809,-0.009888721736122763
34,Colombia,,2020-07-09,128638,4791,53634,79228,790,8225,0.1137855303680517,0.08763172490293955,0.9123682750970604,9015,0.007771015524771996
35,Colombia,,2020-07-14,154277,5787,65809,95852,996,12175,0.13740975670825856,0.07562068180092628,0.9243793181990737,13171,0.012011043102013286
36,Colombia,,2020-07-19,197278,6736,91793,125682,949,25984,0.21429480753011568,0.03523558459881929,0.9647644154011807,26933,0.040385097202107034
37,Colombia,,2020-07-24,233541,7975,113864,135012,1239,22071,0.1726513198826771,0.05315315315315315,0.9468468468468468,23310,-0.017917568554333907
38,Colombia,,2020-07-29,276055,9454,142777,154216,1479,28913,0.19707423354256368,0.04866412213740458,0.9513358778625954,30392,0.004489031015748601
39,Colombia,,2020-08-03,327850,11017,173727,175619,1563,30950,0.1851337269885377,0.048073078460923326,0.9519269215390767,32513,0.0005910436764812177
40,Colombia,,2020-08-08,376870,12540,204591,192126,1523,30864,0.16857166651051914,0.04702504091147683,0.9529749590885231,32387,0.00104803754944649
41,Colombia,,2020-08-13,433805,14145,250494,216674,1605,45903,0.21926027119082123,0.033783783783783786,0.9662162162162162,47508,0.013241257127693085
42,Colombia,,2020-08-18,489122,15619,312323,224483,1474,61829,0.2819946276555463,0.023284836421654583,0.9767151635783454,63303,0.010498947362129196
43,Colombia,,2020-08-23,541139,17316,374024,213197,1697,61701,0.29736816184092646,0.02676740591185842,0.9732325940881416,63398,-0.0034825694902038684
44,Colombia,,2020-08-28,590492,18766,429608,199152,1450,55584,0.2863842693018398,0.025423431637268998,0.974576568362731,57034,0.0013439742745894323
45,Colombia,,2020-09-02,633321,20345,479567,184947,1579,49959,0.2786636171443711,0.030637587799293726,0.9693624122007063,51538,-0.005214156162024697
46,Colombia,,2020-09-07,666521,21412,518229,166609,1067,38662,0.23845650595105908,0.02685695587606031,0.9731430441239397,39729,0.003780631923233413
47,Colombia,,2020-09-12,708964,22734,592820,169323,1322,74591,0.44833247698186307,0.01741467205880416,0.9825853279411958,75913,0.009442283817256092
48,Colombia,,2020-09-17,743945,23665,615457,128391,931,22637,0.18356426852349464,0.03950271554650373,0.9604972844534962,23568,-0.02208804348769955
49,Colombia,,2020-09-22,777537,24397,640900,138415,732,25443,0.1891052270346422,0.02796561604584527,0.9720343839541548,26175,0.01153709950065851
50,Colombia,,2020-09-27,813056,25488,711472,147759,1091,70572,0.4849992217056152,0.015224034718055342,0.9847759652819447,71663,0.012741581327789908
51,Colombia,,2020-10-02,841532,26397,753953,104572,909,42481,0.4149294266151551,0.020949527540908043,0.9790504724590919,43390,-0.005725492822852729
52,Colombia,,2020-10-07,877684,27180,773973,97334,783,20020,0.21372798816446462,0.03763880209585156,0.9623611979041484,20803,-0.016689274554943512
53,Colombia,,2020-10-12,919084,27985,798396,117931,805,24423,0.21392169997710525,0.03190899001109878,0.9680910099889012,25228,0.005729812084752761
54,Colombia,,2020-10-17,952371,28803,847467,125990,818,49071,0.395975871100881,0.0163964000080178,0.9836035999919822,49889,0.015512590003081028
55,Colombia,,2020-10-22,990373,29637,893810,114103,834,46343,0.4134597688053776,0.017678105856667445,0.9823218941433326,47177,-0.001281705848649617
56,Colombia,,2020-10-27,1033218,30565,932882,109771,928,39072,0.364394967705496,0.0232,0.9768,40000,-0.005521894143332595
57,Colombia,,2020-11-01,1082767,31796,977371,119320,1231,44489,0.38317130405631916,0.026924759405074366,0.9730752405949257,45720,-0.0037247594050743293
58,Colombia,,2020-11-06,1127733,32405,1020263,118566,609,42892,0.36689270111161715,0.01399967816831797,0.9860003218316821,43501,0.012925081236756397
59,Colombia,,2020-11-11,1165326,33312,1070423,112658,907,50160,0.45329226508547993,0.017760980672449918,0.9822390193275501,51067,-0.0037613025041319803
60,Colombia,,2020-11-16,1205217,34223,1111867,101482,911,41444,0.41736465580102877,0.021508676661551176,0.9784913233384488,42355,-0.003747695989101296
61,Colombia,,2020-11-21,1240493,35104,1144923,94403,881,33056,0.3594906941516689,0.025959866812034063,0.9740401331879659,33937,-0.004451190150482898
62,Colombia,,2020-11-26,1280487,36019,1181753,100460,915,36830,0.37572168027075453,0.02424162140680885,0.9757583785931911,37745,0.0017182454052252494
63,Colombia,,2020-12-01,1324792,36934,1217647,107020,915,35894,0.3439450569986918,0.024858051020130945,0.975141948979869,36809,-0.0006164296133220892
64,Colombia,,2020-12-06,1371103,37808,1257410,116522,874,39763,0.3487495923516589,0.021507493171247876,0.9784925068287521,40637,0.003350557848883051
65,Colombia,,2020-12-11,1408909,38669,1304299,113691,861,46889,0.4199980649303815,0.018031413612565446,0.9819685863874346,47750,0.0034760795586824544
66,Colombia,,2020-12-16,1456599,39560,1336166,113631,891,31867,0.2882840070051306,0.02719946272666219,0.9728005372733378,32758,-0.009168049114096744
67,Colombia,,2020-12-21,1518067,40680,1382340,142341,1120,46174,0.3322584497790517,0.023681650949380472,0.9763183490506195,47294,0.003517811777281721
68,Colombia,,2020-12-26,1584903,41943,1444041,161883,1263,61701,0.3889475732473453,0.020059081379836096,0.9799409186201639,62964,0.0036225695695443205
69,Colombia,,2020-12-31,1642775,43213,1508419,156791,1270,64378,0.41869750176987197,0.019345600779917135,0.9806543992200829,65648,0.0007134805999190474
70,Colombia,,2021-01-05,1702966,44428,1559010,151334,1215,50591,0.3423288884189937,0.023452881905570783,0.9765471180944292,51806,-0.004107281125653728
71,Colombia,,2021-01-10,1786900,46114,1621019,183462,1686,62009,0.3471836129552714,0.026469895596200645,0.9735301044037994,63695,-0.0030170136906297884
72,Colombia,,2021-01-15,1870179,47868,1698457,203046,1754,77438,0.390019995469007,0.022148701889079705,0.9778512981109203,79192,0.004321193707120918
73,Colombia,,2021-01-20,1956979,49792,1786170,210654,1924,87713,0.42551767353100345,0.021464350658768144,0.9785356493412318,89637,0.0006843512303115196
74,Colombia,,2021-01-25,2027746,51747,1849194,191784,1955,63024,0.33881345680557295,0.03008664337709106,0.9699133566229089,64979,-0.008622292718322933
75,Colombia,,2021-01-30,2086806,53650,1924401,185865,1903,75207,0.4148710085276948,0.024679029957203995,0.975320970042796,77110,0.005407613419887158
76,Colombia,,2021-02-04,2135412,55131,2001135,157361,1481,76734,0.49704183374533717,0.018934986895096848,0.9810650131049031,78215,0.005744043062107074
77,Colombia,,2021-02-09,2166904,56507,2048292,110638,1376,47157,0.4386648348668631,0.0283518430758453,0.9716481569241547,48533,-0.00941685618074839
78,Colombia,,2021-02-14,2195039,57605,2083551,90240,1098,35259,0.4028922872340426,0.03020051159336579,0.9697994884066342,36357,-0.0018486685175205242
79,Colombia,,2021-02-19,2217001,58511,2110562,75845,906,27011,0.36807963609994065,0.03245334384067056,0.9675466561593294,27917,-0.00225283224730477
80,Colombia,,2021-02-24,2237542,59260,2134054,68469,749,23492,0.3540434357154333,0.030898065261334103,0.9691019347386659,24241,0.001555278579336461
81,Colombia,,2021-03-01,2255260,59866,2151633,61946,606,17579,0.2935621347625351,0.03332416827055265,0.9666758317294474,18185,-0.0024261030092185276
82,Colombia,,2021-03-06,2273245,60412,2172418,61746,546,20785,0.34546367376024356,0.025596549622614973,0.9744034503773851,21331,0.007727618647937695
83,Colombia,,2021-03-11,2290539,60858,2191171,57709,446,18753,0.3326864093988806,0.023230376582113653,0.9767696234178863,19199,0.0023661730405012404
84,Colombia,,2021-03-16,2309600,61368,2209224,57571,510,18053,0.32243664344895867,0.02747400743414319,0.9725259925658568,18563,-0.004243630852029501
85,Colombia,,2021-03-21,2337230,62028,2230192,66638,660,20968,0.3245595606110628,0.030515997780654707,0.9694840022193453,21628,-0.003041990346511536
86,Colombia,,2021-03-26,2367337,62645,2255948,75117,617,25756,0.35109229601821157,0.02339513896788382,0.9766048610321162,26373,0.007120858812770914
87,Colombia,,2021-03-31,2406377,63422,2285515,87784,777,29567,0.3456666362890732,0.025606380174004746,0.9743936198259953,30344,-0.0022112412061209286
88,Colombia,,2021-04-05,2456409,64293,2325833,107472,871,40318,0.3832533124906953,0.021146422588555196,0.9788535774114449,41189,0.004459957585449592
89,Colombia,,2021-04-10,2518715,65608,2375176,128589,1315,49343,0.39395282644705226,0.02595838761893482,0.9740416123810652,50658,-0.004811965030379617
90,Colombia,,2021-04-15,2602719,67199,2432061,161935,1591,56885,0.3611078519158922,0.0272077433476982,0.9727922566523018,58476,-0.0012493557287633905
91,Colombia,,2021-04-20,2684101,69177,2505738,184841,1978,73677,0.40929772074377435,0.026145000330447424,0.9738549996695526,75655,0.0010627430172507335
92,Colombia,,2021-04-25,2774464,71351,2588204,199549,2174,82466,0.42415647284626834,0.025685255198487713,0.9743147448015123,84640,0.0004597451319596768
93,Colombia,,2021-04-30,2859724,73720,2669308,200169,2369,81104,0.4170126243324391,0.028380434391959076,0.971619565608041,83473,-0.0026951791934712865
94,Colombia,,2021-05-05,2934611,76015,2754940,191583,2295,85632,0.458949906828894,0.026101197584359755,0.9738988024156402,87927,0.0022792368075992275
95,Colombia,,2021-05-10,3015301,78342,2835554,184346,2327,80614,0.4499202586440715,0.028056088062598714,0.9719439119374013,82941,-0.0019548904782389354
96,Colombia,,2021-05-15,3103333,80780,2902646,189437,2438,67092,0.36703495093355576,0.03506400115058248,0.9649359988494175,69530,-0.007007913087983764
97,Colombia,,2021-05-17,3131410,81809,2931280,147984,1029,28634,0.20044734565899017,0.034689680747058624,0.9653103192529414,29663,0.00037432040352392004
