Index,Region,Subregion,Stage,Confirmed,Deaths,Recovered,Stage_Confirmed,Stage_Deaths,Stage_Recovered,Stage_Treated%,Stage_Deaths%,Stage_Recovered%,Stage_Treated,Recovered_Change
8,Denmark,,2020-03-01,4,0,0,4,0,0,0.0,,,0,
9,Denmark,,2020-03-06,23,0,1,23,0,1,0.043478260869565216,0.0,1.0,1,
10,Denmark,,2020-03-11,444,0,1,443,0,0,0.0,,,0,
11,Denmark,,2020-03-16,932,3,1,931,3,0,0.00322234156820623,1.0,0.0,3,
12,Denmark,,2020-03-21,1420,13,1,1416,10,0,0.007062146892655367,1.0,0.0,10,0.0
13,Denmark,,2020-03-26,1877,41,49,1863,28,48,0.04079441760601181,0.3684210526315789,0.631578947368421,76,0.631578947368421
14,Denmark,,2020-03-31,2860,90,76,2770,49,27,0.027436823104693142,0.6447368421052632,0.35526315789473684,76,-0.2763157894736842
15,Denmark,,2020-04-05,4369,179,1327,4203,89,1251,0.31881989055436594,0.0664179104477612,0.9335820895522388,1340,0.5783189316575019
16,Denmark,,2020-04-10,5819,247,1773,4313,68,446,0.11917458845351264,0.13229571984435798,0.867704280155642,514,-0.06587780939659671
17,Denmark,,2020-04-15,6681,309,2748,4661,62,975,0.22248444539798326,0.05978784956605593,0.940212150433944,1037,0.07250787027830197
18,Denmark,,2020-04-20,7515,364,4312,4458,55,1564,0.36316733961417674,0.033971587399629403,0.9660284126003706,1619,0.02581626216642663
19,Denmark,,2020-04-25,8445,418,5669,3769,54,1357,0.3743698593791457,0.03827072997873848,0.9617292700212615,1411,-0.0042991425791091276
20,Denmark,,2020-04-30,9158,452,6546,3071,34,877,0.29664604363399544,0.03732162458836443,0.9626783754116356,911,0.000949105390374072
21,Denmark,,2020-05-05,9821,503,7296,2823,51,750,0.28374070138150903,0.06367041198501873,0.9363295880149812,801,-0.02634878739665436
22,Denmark,,2020-05-10,10429,529,8217,2630,26,921,0.36007604562737644,0.027455121436114043,0.9725448785638859,947,0.03621529054890471
23,Denmark,,2020-05-15,10791,537,8959,2045,8,742,0.36674816625916873,0.010666666666666666,0.9893333333333333,750,0.016788454769447347
24,Denmark,,2020-05-20,11117,554,9536,1621,17,577,0.36644046884639114,0.02861952861952862,0.9713804713804713,594,-0.017952861952861943
25,Denmark,,2020-05-25,11387,563,9964,1297,9,428,0.3369313801079414,0.020594965675057208,0.9794050343249427,437,0.008024562944471403
26,Denmark,,2020-05-30,11633,571,10327,1106,8,363,0.33544303797468356,0.0215633423180593,0.9784366576819407,371,-0.000968376643002089
27,Denmark,,2020-06-04,11811,582,10620,913,11,293,0.3329682365826944,0.03618421052631579,0.9638157894736842,304,-0.014620868208256477
28,Denmark,,2020-06-09,12001,593,10849,799,11,229,0.30037546933667086,0.04583333333333333,0.9541666666666667,240,-0.009649122807017463
29,Denmark,,2020-06-14,12193,597,11068,751,4,219,0.2969374167776298,0.017937219730941704,0.9820627802690582,223,0.027896113602391526
30,Denmark,,2020-06-19,12391,600,11282,726,3,214,0.2988980716253444,0.013824884792626729,0.9861751152073732,217,0.0041123349383149765
31,Denmark,,2020-06-24,12615,603,11422,733,3,140,0.19508867667121418,0.02097902097902098,0.9790209790209791,143,-0.0071541361863941555
32,Denmark,,2020-06-29,12751,605,11612,726,2,190,0.2644628099173554,0.010416666666666666,0.9895833333333334,192,0.010562354312354305
33,Denmark,,2020-07-04,12832,606,11817,615,1,205,0.33495934959349594,0.0048543689320388345,0.9951456310679612,206,0.005562297734627797
34,Denmark,,2020-07-09,12916,609,12045,493,3,228,0.4685598377281947,0.012987012987012988,0.987012987012987,231,-0.008132644054974159
35,Denmark,,2020-07-14,13061,610,12160,407,1,115,0.28501228501228504,0.008620689655172414,0.9913793103448276,116,0.004366323331840616
36,Denmark,,2020-07-19,13173,611,12209,403,1,49,0.12406947890818859,0.02,0.98,50,-0.011379310344827642
37,Denmark,,2020-07-24,13438,613,12340,618,2,131,0.215210355987055,0.015037593984962405,0.9849624060150376,133,0.004962406015037613
38,Denmark,,2020-07-29,13634,614,12485,681,1,145,0.2143906020558003,0.00684931506849315,0.9931506849315068,146,0.008188278916469227
39,Denmark,,2020-08-03,13996,616,12682,897,2,197,0.221850613154961,0.010050251256281407,0.9899497487437185,199,-0.0032009361877882725
40,Denmark,,2020-08-08,14442,617,12840,1144,1,158,0.13898601398601398,0.006289308176100629,0.9937106918238994,159,0.003760943080180823
41,Denmark,,2020-08-13,15214,621,13131,1757,4,291,0.16789982925441094,0.013559322033898305,0.9864406779661017,295,-0.007270013857797686
42,Denmark,,2020-08-18,15855,621,13529,2103,0,398,0.18925344745601522,0.0,1.0,398,0.013559322033898313
43,Denmark,,2020-08-23,16317,622,14180,2167,1,651,0.3008767881864329,0.0015337423312883436,0.9984662576687117,652,-0.0015337423312883347
44,Denmark,,2020-08-28,16700,624,14877,1898,2,697,0.36828240252897787,0.002861230329041488,0.9971387696709585,699,-0.001327487997753174
45,Denmark,,2020-09-02,17195,626,15413,1694,2,536,0.31759149940968123,0.0037174721189591076,0.9962825278810409,538,-0.0008562417899176111
46,Denmark,,2020-09-07,18113,628,15833,2074,2,420,0.2034715525554484,0.004739336492890996,0.995260663507109,422,-0.0010218643739319244
47,Denmark,,2020-09-12,19557,630,16247,3096,2,414,0.1343669250645995,0.004807692307692308,0.9951923076923077,416,-6.835581480124642e-05
48,Denmark,,2020-09-17,21393,635,16918,4516,5,671,0.14968999114260406,0.0073964497041420114,0.992603550295858,676,-0.0025887573964497035
49,Denmark,,2020-09-22,23799,641,18035,6246,6,1117,0.17979506884406019,0.005342831700801425,0.9946571682991986,1123,0.002053618003340585
50,Denmark,,2020-09-27,26637,649,19650,7961,8,1615,0.20386886069589247,0.004929143561306223,0.9950708564386938,1623,0.0004136881394951608
51,Denmark,,2020-10-02,28932,652,21824,8633,3,2174,0.2521718985289007,0.0013780431786862655,0.9986219568213137,2177,0.003551100382619965
52,Denmark,,2020-10-07,30710,663,24240,8234,11,2416,0.29475346125819774,0.004532344458178822,0.9954676555418212,2427,-0.0031543012794925662
53,Denmark,,2020-10-12,32811,671,26741,7908,8,2501,0.3172736469398078,0.0031885213232363493,0.9968114786767637,2509,0.0013438231349425234
54,Denmark,,2020-10-17,34941,679,28917,7529,8,2176,0.2900783636605127,0.003663003663003663,0.9963369963369964,2184,-0.0004744823397673237
55,Denmark,,2020-10-22,37763,694,30877,8167,15,1960,0.2418268642096241,0.007594936708860759,0.9924050632911392,1975,-0.00393193304585715
56,Denmark,,2020-10-27,42157,709,32697,10586,15,1820,0.17334215000944644,0.008174386920980926,0.9918256130790191,1835,-0.0005794502121201361
57,Denmark,,2020-11-01,47299,723,34959,13893,14,2262,0.1638235082415605,0.006151142355008787,0.9938488576449912,2276,0.0020232445659721376
58,Denmark,,2020-11-06,53180,738,38627,17498,15,3668,0.210481197851183,0.0040727667662231876,0.9959272332337769,3683,0.0020783755887856525
59,Denmark,,2020-11-11,57952,753,43483,18587,15,4856,0.2620648840587507,0.003079449804968179,0.9969205501950318,4871,0.0009933169612549309
60,Denmark,,2020-11-16,63331,764,48696,19095,11,5213,0.273579471065724,0.002105666156202144,0.9978943338437979,5224,0.0009737836487661022
61,Denmark,,2020-11-21,69635,781,54436,20175,17,5740,0.2853531598513011,0.0029529268716345317,0.9970470731283655,5757,-0.0008472607154323963
62,Denmark,,2020-11-26,75395,811,59250,20178,30,4814,0.24006343542472,0.006193228736581338,0.9938067712634187,4844,-0.0032403018649468374
63,Denmark,,2020-12-01,81949,846,64757,21888,35,5507,0.25319809941520466,0.0063154095994225916,0.9936845904005774,5542,-0.00012218086284121465
64,Denmark,,2020-12-06,90603,885,70876,25000,39,6119,0.24632,0.006333225073075674,0.9936667749269243,6158,-1.7815473653093328e-05
65,Denmark,,2020-12-11,103564,927,76927,31803,42,6051,0.19158569946231488,0.006893156080748399,0.9931068439192516,6093,-0.0005599310076727093
66,Denmark,,2020-12-16,119779,975,83801,41925,48,6874,0.16510435301132975,0.006934412019647501,0.9930655879803525,6922,-4.125593889914292e-05
67,Denmark,,2020-12-21,137632,1053,93214,52856,78,9413,0.17956334191009535,0.008218312085133284,0.9917816879148668,9491,-0.0012839000654857324
68,Denmark,,2020-12-26,151167,1153,108659,56900,100,15445,0.27319859402460456,0.0064329366355741395,0.9935670633644259,15545,0.0017853754495591456
69,Denmark,,2020-12-31,163479,1298,127276,53667,145,18617,0.3496003130415339,0.007728387165547383,0.9922716128344526,18762,-0.0012954505299732633
70,Denmark,,2021-01-05,172779,1420,142057,44205,122,14781,0.3371338083927158,0.00818627122055962,0.9918137287794404,14903,-0.0004578840550122365
71,Denmark,,2021-01-10,181486,1570,153565,38009,150,11508,0.30671683022442053,0.012866700977869275,0.9871332990221308,11658,-0.004680429757309645
72,Denmark,,2021-01-15,187320,1720,165166,32185,150,11601,0.3651079695510331,0.012764871074802144,0.9872351289251978,11751,0.0001018299030670633
73,Denmark,,2021-01-20,191505,1872,174374,24619,152,9208,0.3801941589828994,0.01623931623931624,0.9837606837606837,9360,-0.0034744451645141172
74,Denmark,,2021-01-25,195296,2010,181081,19050,138,6707,0.3593175853018373,0.020160701241782323,0.9798392987582176,6845,-0.003921385002466082
75,Denmark,,2021-01-30,198095,2106,186612,15004,96,5531,0.3750333244468142,0.017060600675315445,0.9829393993246845,5627,0.0031001005664669234
76,Denmark,,2021-02-04,200335,2184,190549,11617,78,3937,0.34561418610656797,0.019427148194271483,0.9805728518057285,4015,-0.0023665475189560414
77,Denmark,,2021-02-09,202417,2244,193917,9684,60,3368,0.35398595621643947,0.01750291715285881,0.9824970828471412,3428,0.001924231041412705
78,Denmark,,2021-02-14,204362,2292,196384,8201,48,2467,0.306669918302646,0.019085487077534793,0.9809145129224652,2515,-0.0015825699246759806
79,Denmark,,2021-02-19,206617,2327,198619,7941,35,2235,0.28585820425639086,0.015418502202643172,0.9845814977973568,2270,0.003666984874891588
80,Denmark,,2021-02-24,209079,2345,200715,8133,18,2096,0.25992868560186894,0.008514664143803218,0.9914853358561968,2114,0.006903838058839984
81,Denmark,,2021-03-01,211692,2365,202517,8632,20,1802,0.21107506950880445,0.010976948408342482,0.9890230515916575,1822,-0.002462284264539316
82,Denmark,,2021-03-06,214326,2377,204936,9444,12,2419,0.25741211351122406,0.0049362402303578775,0.9950637597696421,2431,0.006040708177984633
83,Denmark,,2021-03-11,218660,2384,208020,11347,7,3084,0.27240680356041247,0.002264639275315432,0.9977353607246846,3091,0.0026716009550424857
84,Denmark,,2021-03-16,221842,2395,210728,11438,11,2708,0.23771638398321385,0.004045605001838912,0.9959543949981611,2719,-0.0017809657265235312
85,Denmark,,2021-03-21,225505,2400,213701,12382,5,2973,0.2405104183492166,0.0016789791806581598,0.9983210208193418,2978,0.0023666258211807456
86,Denmark,,2021-03-26,226633,2411,215596,10532,11,1895,0.18097227497151538,0.005771248688352571,0.9942287513116475,1906,-0.004092269507694368
87,Denmark,,2021-03-31,230603,2419,218985,12596,8,3389,0.26968879009209273,0.0023550191345304682,0.9976449808654695,3397,0.0034162295538220366
88,Denmark,,2021-04-05,233797,2430,222152,12393,11,3167,0.25643508432179457,0.003461296412838263,0.9965387035871618,3178,-0.001106277278307699
89,Denmark,,2021-04-10,237101,2439,225968,12519,9,3816,0.3055355859094177,0.002352941176470588,0.9976470588235294,3825,0.001108355236367653
90,Denmark,,2021-04-11,237792,2441,226630,9385,2,662,0.07075119872136387,0.0030120481927710845,0.9969879518072289,664,-0.0006591070163005641
