Index,Region,Subregion,Stage,Confirmed,Deaths,Recovered,Stage_Confirmed,Stage_Deaths,Stage_Recovered,Stage_Treated%,Stage_Deaths%,Stage_Recovered%,Stage_Treated,Recovered_Change
12,Fiji,,2020-03-21,1,0,0,1,0,0,0.0,,,0,
13,Fiji,,2020-03-26,5,0,0,5,0,0,0.0,,,0,
14,Fiji,,2020-03-31,5,0,0,5,0,0,0.0,,,0,
15,Fiji,,2020-04-05,12,0,0,12,0,0,0.0,,,0,
16,Fiji,,2020-04-10,16,0,0,16,0,0,0.0,,,0,
17,Fiji,,2020-04-15,16,0,0,16,0,0,0.0,,,0,
18,Fiji,,2020-04-20,18,0,3,18,0,3,0.16666666666666666,0.0,1.0,3,
19,Fiji,,2020-04-25,18,0,10,15,0,7,0.4666666666666667,0.0,1.0,7,0.0
20,Fiji,,2020-04-30,18,0,12,8,0,2,0.25,0.0,1.0,2,0.0
21,Fiji,,2020-05-05,18,0,14,6,0,2,0.3333333333333333,0.0,1.0,2,0.0
22,Fiji,,2020-05-10,18,0,14,4,0,0,0.0,,,0,
23,Fiji,,2020-05-15,18,0,15,4,0,1,0.25,0.0,1.0,1,
24,Fiji,,2020-05-20,18,0,15,3,0,0,0.0,,,0,
25,Fiji,,2020-05-25,18,0,15,3,0,0,0.0,,,0,
26,Fiji,,2020-05-30,18,0,15,3,0,0,0.0,,,0,
27,Fiji,,2020-06-04,18,0,18,3,0,3,1.0,0.0,1.0,3,
28,Fiji,,2020-06-09,18,0,18,0,0,0,,,,0,
29,Fiji,,2020-06-14,18,0,18,0,0,0,,,,0,
30,Fiji,,2020-06-19,18,0,18,0,0,0,,,,0,
31,Fiji,,2020-06-24,18,0,18,0,0,0,,,,0,
32,Fiji,,2020-06-29,18,0,18,0,0,0,,,,0,
33,Fiji,,2020-07-04,18,0,18,0,0,0,,,,0,
34,Fiji,,2020-07-09,26,0,18,8,0,0,0.0,,,0,
35,Fiji,,2020-07-14,26,0,18,8,0,0,0.0,,,0,
36,Fiji,,2020-07-19,27,0,18,9,0,0,0.0,,,0,
37,Fiji,,2020-07-24,27,0,18,9,0,0,0.0,,,0,
38,Fiji,,2020-07-29,27,0,18,9,0,0,0.0,,,0,
39,Fiji,,2020-08-03,27,1,18,9,1,0,0.1111111111111111,1.0,0.0,1,
40,Fiji,,2020-08-08,27,1,18,8,0,0,0.0,,,0,
41,Fiji,,2020-08-13,28,1,20,9,0,2,0.2222222222222222,0.0,1.0,2,
42,Fiji,,2020-08-18,28,1,20,7,0,0,0.0,,,0,
43,Fiji,,2020-08-23,28,1,23,7,0,3,0.42857142857142855,0.0,1.0,3,
44,Fiji,,2020-08-28,28,2,23,4,1,0,0.25,1.0,0.0,1,-1.0
45,Fiji,,2020-09-02,29,2,23,4,0,0,0.0,,,0,
46,Fiji,,2020-09-07,31,2,24,6,0,1,0.16666666666666666,0.0,1.0,1,
47,Fiji,,2020-09-12,32,2,24,6,0,0,0.0,,,0,
48,Fiji,,2020-09-17,32,2,26,6,0,2,0.3333333333333333,0.0,1.0,2,
49,Fiji,,2020-09-22,32,2,28,4,0,2,0.5,0.0,1.0,2,0.0
50,Fiji,,2020-09-27,32,2,28,2,0,0,0.0,,,0,
51,Fiji,,2020-10-02,32,2,28,2,0,0,0.0,,,0,
52,Fiji,,2020-10-07,32,2,28,2,0,0,0.0,,,0,
53,Fiji,,2020-10-12,32,2,28,2,0,0,0.0,,,0,
54,Fiji,,2020-10-17,32,2,30,2,0,2,1.0,0.0,1.0,2,
55,Fiji,,2020-10-22,33,2,30,1,0,0,0.0,,,0,
56,Fiji,,2020-10-27,33,2,30,1,0,0,0.0,,,0,
57,Fiji,,2020-11-01,34,2,31,2,0,1,0.5,0.0,1.0,1,
58,Fiji,,2020-11-06,34,2,31,1,0,0,0.0,,,0,
59,Fiji,,2020-11-11,35,2,32,2,0,1,0.5,0.0,1.0,1,
60,Fiji,,2020-11-16,35,2,32,1,0,0,0.0,,,0,
61,Fiji,,2020-11-21,35,2,33,1,0,1,1.0,0.0,1.0,1,
62,Fiji,,2020-11-26,38,2,33,3,0,0,0.0,,,0,
63,Fiji,,2020-12-01,42,2,33,7,0,0,0.0,,,0,
64,Fiji,,2020-12-06,44,2,33,9,0,0,0.0,,,0,
65,Fiji,,2020-12-11,44,2,35,9,0,2,0.2222222222222222,0.0,1.0,2,
66,Fiji,,2020-12-16,46,2,38,9,0,3,0.3333333333333333,0.0,1.0,3,0.0
67,Fiji,,2020-12-21,46,2,42,6,0,4,0.6666666666666666,0.0,1.0,4,0.0
68,Fiji,,2020-12-26,46,2,44,2,0,2,1.0,0.0,1.0,2,0.0
69,Fiji,,2020-12-31,49,2,44,3,0,0,0.0,,,0,
70,Fiji,,2021-01-05,53,2,44,7,0,0,0.0,,,0,
71,Fiji,,2021-01-10,53,2,47,7,0,3,0.42857142857142855,0.0,1.0,3,
72,Fiji,,2021-01-15,53,2,47,4,0,0,0.0,,,0,
73,Fiji,,2021-01-20,55,2,53,6,0,6,1.0,0.0,1.0,6,
74,Fiji,,2021-01-25,55,2,53,0,0,0,,,,0,
75,Fiji,,2021-01-30,55,2,53,0,0,0,,,,0,
76,Fiji,,2021-02-04,56,2,53,1,0,0,0.0,,,0,
77,Fiji,,2021-02-09,56,2,53,1,0,0,0.0,,,0,
78,Fiji,,2021-02-14,56,2,54,1,0,1,1.0,0.0,1.0,1,
79,Fiji,,2021-02-19,56,2,54,0,0,0,,,,0,
80,Fiji,,2021-02-24,57,2,54,1,0,0,0.0,,,0,
81,Fiji,,2021-03-01,59,2,54,3,0,0,0.0,,,0,
82,Fiji,,2021-03-06,63,2,55,7,0,1,0.14285714285714285,0.0,1.0,1,
83,Fiji,,2021-03-11,66,2,57,9,0,2,0.2222222222222222,0.0,1.0,2,0.0
84,Fiji,,2021-03-16,66,2,60,7,0,3,0.42857142857142855,0.0,1.0,3,0.0
85,Fiji,,2021-03-21,67,2,64,5,0,4,0.8,0.0,1.0,4,0.0
86,Fiji,,2021-03-26,67,2,64,1,0,0,0.0,,,0,
87,Fiji,,2021-03-31,67,2,64,1,0,0,0.0,,,0,
88,Fiji,,2021-04-05,67,2,64,1,0,0,0.0,,,0,
89,Fiji,,2021-04-10,68,2,64,2,0,0,0.0,,,0,
90,Fiji,,2021-04-15,68,2,64,2,0,0,0.0,,,0,
91,Fiji,,2021-04-20,77,2,65,11,0,1,0.09090909090909091,0.0,1.0,1,
92,Fiji,,2021-04-25,91,2,65,24,0,0,0.0,,,0,
93,Fiji,,2021-04-30,117,2,65,50,0,0,0.0,,,0,
94,Fiji,,2021-05-05,125,2,84,58,0,19,0.3275862068965517,0.0,1.0,19,
95,Fiji,,2021-05-10,140,3,101,54,1,17,0.3333333333333333,0.05555555555555555,0.9444444444444444,18,-0.05555555555555558
96,Fiji,,2021-05-15,166,4,109,62,1,8,0.14516129032258066,0.1111111111111111,0.8888888888888888,9,-0.05555555555555558
97,Fiji,,2021-05-20,190,4,129,77,0,20,0.2597402597402597,0.0,1.0,20,0.11111111111111116
98,Fiji,,2021-05-25,259,4,147,126,0,18,0.14285714285714285,0.0,1.0,18,0.0
99,Fiji,,2021-05-30,401,4,164,250,0,17,0.068,0.0,1.0,17,0.0
100,Fiji,,2021-06-04,571,4,189,403,0,25,0.062034739454094295,0.0,1.0,25,0.0
101,Fiji,,2021-06-09,880,4,249,687,0,60,0.08733624454148471,0.0,1.0,60,0.0
102,Fiji,,2021-06-14,1206,4,335,953,0,86,0.09024134312696747,0.0,1.0,86,0.0
103,Fiji,,2021-06-19,1798,6,473,1459,2,138,0.09595613433858807,0.014285714285714285,0.9857142857142858,140,-0.014285714285714235
104,Fiji,,2021-06-24,2848,13,653,2369,7,180,0.07893626002532714,0.0374331550802139,0.9625668449197861,187,-0.023147440794499707
105,Fiji,,2021-06-29,4144,21,808,3478,8,155,0.04686601495112133,0.049079754601226995,0.950920245398773,163,-0.011646599521013101
106,Fiji,,2021-07-04,6161,30,1209,5332,9,401,0.07689422355588897,0.02195121951219512,0.9780487804878049,410,0.027128535089031902
107,Fiji,,2021-07-09,9521,51,1518,8282,21,309,0.03984544795943009,0.06363636363636363,0.9363636363636364,330,-0.04168514412416846
108,Fiji,,2021-07-14,12032,59,2221,10463,8,703,0.06795374175666635,0.011251758087201125,0.9887482419127989,711,0.052384605549162466
109,Fiji,,2021-07-19,18298,113,3890,16018,54,1669,0.10756648770133599,0.03134068485200232,0.9686593151479976,1723,-0.02008892676480123
110,Fiji,,2021-07-24,22513,177,5686,18510,64,1796,0.10048622366288493,0.034408602150537634,0.9655913978494624,1860,-0.003067917298535283
111,Fiji,,2021-07-29,27497,227,6951,21634,50,1265,0.0607839511879449,0.03802281368821293,0.9619771863117871,1315,-0.0036142115376752715
112,Fiji,,2021-08-03,32733,261,9644,25555,34,2693,0.10671101545685775,0.012467913458012467,0.9875320865419875,2727,0.02555490023020046
