Index,Region,Subregion,Stage,Confirmed,Deaths,Recovered,Stage_Confirmed,Stage_Deaths,Stage_Recovered,Stage_Treated%,Stage_Deaths%,Stage_Recovered%,Stage_Treated,Recovered_Change
13,Guinea-Bissau,,2020-03-26,2,0,0,2,0,0,0.0,,,0,
14,Guinea-Bissau,,2020-03-31,8,0,0,8,0,0,0.0,,,0,
15,Guinea-Bissau,,2020-04-05,18,0,0,18,0,0,0.0,,,0,
16,Guinea-Bissau,,2020-04-10,36,0,0,36,0,0,0.0,,,0,
17,Guinea-Bissau,,2020-04-15,43,0,0,43,0,0,0.0,,,0,
18,Guinea-Bissau,,2020-04-20,50,0,3,50,0,3,0.06,0.0,1.0,3,
19,Guinea-Bissau,,2020-04-25,52,0,3,49,0,0,0.0,,,0,
20,Guinea-Bissau,,2020-04-30,205,1,19,202,1,16,0.08415841584158416,0.058823529411764705,0.9411764705882353,17,
21,Guinea-Bissau,,2020-05-05,413,1,19,393,0,0,0.0,,,0,
22,Guinea-Bissau,,2020-05-10,726,3,26,706,2,7,0.012747875354107648,0.2222222222222222,0.7777777777777778,9,
23,Guinea-Bissau,,2020-05-15,913,3,26,884,0,0,0.0,,,0,
24,Guinea-Bissau,,2020-05-20,1089,6,42,1060,3,16,0.017924528301886792,0.15789473684210525,0.8421052631578947,19,
25,Guinea-Bissau,,2020-05-25,1178,7,42,1130,1,0,0.0008849557522123894,1.0,0.0,1,-0.8421052631578947
26,Guinea-Bissau,,2020-05-30,1256,8,42,1207,1,0,0.0008285004142502071,1.0,0.0,1,0.0
27,Guinea-Bissau,,2020-06-04,1339,8,53,1289,0,11,0.008533747090768037,0.0,1.0,11,1.0
28,Guinea-Bissau,,2020-06-09,1389,12,153,1328,4,100,0.0783132530120482,0.038461538461538464,0.9615384615384616,104,-0.038461538461538436
29,Guinea-Bissau,,2020-06-14,1460,15,153,1295,3,0,0.0023166023166023165,1.0,0.0,3,-0.9615384615384616
30,Guinea-Bissau,,2020-06-19,1541,17,153,1373,2,0,0.0014566642388929353,1.0,0.0,2,0.0
31,Guinea-Bissau,,2020-06-24,1556,19,191,1386,2,38,0.02886002886002886,0.05,0.95,40,0.95
32,Guinea-Bissau,,2020-06-29,1654,24,317,1444,5,126,0.0907202216066482,0.03816793893129771,0.9618320610687023,131,0.011832061068702382
33,Guinea-Bissau,,2020-07-04,1765,25,676,1424,1,359,0.25280898876404495,0.002777777777777778,0.9972222222222222,360,0.035390161153519895
34,Guinea-Bissau,,2020-07-09,1790,25,760,1089,0,84,0.07713498622589532,0.0,1.0,84,0.002777777777777768
35,Guinea-Bissau,,2020-07-14,1842,26,773,1057,1,13,0.013245033112582781,0.07142857142857142,0.9285714285714286,14,-0.0714285714285714
36,Guinea-Bissau,,2020-07-19,1949,26,803,1150,0,30,0.02608695652173913,0.0,1.0,30,0.0714285714285714
37,Guinea-Bissau,,2020-07-24,1954,26,803,1125,0,0,0.0,,,0,
38,Guinea-Bissau,,2020-07-29,1954,26,803,1125,0,0,0.0,,,0,
39,Guinea-Bissau,,2020-08-03,1981,27,803,1152,1,0,0.0008680555555555555,1.0,0.0,1,
40,Guinea-Bissau,,2020-08-08,2052,29,944,1222,2,141,0.11702127659574468,0.013986013986013986,0.986013986013986,143,0.986013986013986
41,Guinea-Bissau,,2020-08-13,2088,29,1015,1115,0,71,0.06367713004484304,0.0,1.0,71,0.013986013986013957
42,Guinea-Bissau,,2020-08-18,2117,33,1015,1073,4,0,0.003727865796831314,1.0,0.0,4,-1.0
43,Guinea-Bissau,,2020-08-23,2149,33,1015,1101,0,0,0.0,,,0,
44,Guinea-Bissau,,2020-08-28,2205,34,1127,1157,1,112,0.09766637856525497,0.008849557522123894,0.9911504424778761,113,
45,Guinea-Bissau,,2020-09-02,2205,34,1127,1044,0,0,0.0,,,0,
46,Guinea-Bissau,,2020-09-07,2245,38,1127,1084,4,0,0.0036900369003690036,1.0,0.0,4,
47,Guinea-Bissau,,2020-09-12,2275,39,1127,1110,1,0,0.0009009009009009009,1.0,0.0,1,0.0
48,Guinea-Bissau,,2020-09-17,2275,39,1127,1109,0,0,0.0,,,0,
49,Guinea-Bissau,,2020-09-22,2324,39,1549,1158,0,422,0.3644214162348877,0.0,1.0,422,
50,Guinea-Bissau,,2020-09-27,2324,39,1549,736,0,0,0.0,,,0,
51,Guinea-Bissau,,2020-10-02,2362,39,1549,774,0,0,0.0,,,0,
52,Guinea-Bissau,,2020-10-07,2385,40,1728,797,1,179,0.2258469259723965,0.005555555555555556,0.9944444444444445,180,
53,Guinea-Bissau,,2020-10-12,2389,41,1782,621,1,54,0.08856682769726248,0.01818181818181818,0.9818181818181818,55,-0.012626262626262652
54,Guinea-Bissau,,2020-10-17,2389,41,1782,566,0,0,0.0,,,0,
55,Guinea-Bissau,,2020-10-22,2403,41,1818,580,0,36,0.06206896551724138,0.0,1.0,36,
56,Guinea-Bissau,,2020-10-27,2403,41,1818,544,0,0,0.0,,,0,
57,Guinea-Bissau,,2020-11-01,2413,41,1818,554,0,0,0.0,,,0,
58,Guinea-Bissau,,2020-11-06,2414,42,1862,555,1,44,0.08108108108108109,0.022222222222222223,0.9777777777777777,45,
59,Guinea-Bissau,,2020-11-11,2419,43,2255,515,1,393,0.7650485436893204,0.0025380710659898475,0.9974619289340102,394,0.019684151156232454
60,Guinea-Bissau,,2020-11-16,2419,43,2255,121,0,0,0.0,,,0,
61,Guinea-Bissau,,2020-11-21,2421,43,2286,123,0,31,0.25203252032520324,0.0,1.0,31,
62,Guinea-Bissau,,2020-11-26,2422,43,2309,93,0,23,0.24731182795698925,0.0,1.0,23,0.0
63,Guinea-Bissau,,2020-12-01,2441,44,2327,89,1,18,0.21348314606741572,0.05263157894736842,0.9473684210526315,19,-0.052631578947368474
64,Guinea-Bissau,,2020-12-06,2441,44,2327,70,0,0,0.0,,,0,
65,Guinea-Bissau,,2020-12-11,2444,44,2337,73,0,10,0.136986301369863,0.0,1.0,10,
66,Guinea-Bissau,,2020-12-16,2447,44,2378,66,0,41,0.6212121212121212,0.0,1.0,41,0.0
67,Guinea-Bissau,,2020-12-21,2447,44,2378,25,0,0,0.0,,,0,
68,Guinea-Bissau,,2020-12-26,2447,45,2386,25,1,8,0.36,0.1111111111111111,0.8888888888888888,9,
69,Guinea-Bissau,,2020-12-31,2452,45,2397,21,0,11,0.5238095238095238,0.0,1.0,11,0.11111111111111116
70,Guinea-Bissau,,2021-01-05,2455,45,2398,13,0,1,0.07692307692307693,0.0,1.0,1,0.0
71,Guinea-Bissau,,2021-01-10,2478,45,2400,35,0,2,0.05714285714285714,0.0,1.0,2,0.0
72,Guinea-Bissau,,2021-01-15,2478,45,2400,33,0,0,0.0,,,0,
73,Guinea-Bissau,,2021-01-20,2510,45,2405,65,0,5,0.07692307692307693,0.0,1.0,5,
74,Guinea-Bissau,,2021-01-25,2532,45,2421,82,0,16,0.1951219512195122,0.0,1.0,16,0.0
75,Guinea-Bissau,,2021-01-30,2532,45,2421,66,0,0,0.0,,,0,
76,Guinea-Bissau,,2021-02-04,2662,46,2427,196,1,6,0.03571428571428571,0.14285714285714285,0.8571428571428571,7,
77,Guinea-Bissau,,2021-02-09,2810,46,2432,337,0,5,0.01483679525222552,0.0,1.0,5,0.1428571428571429
78,Guinea-Bissau,,2021-02-14,2924,46,2464,446,0,32,0.07174887892376682,0.0,1.0,32,0.0
79,Guinea-Bissau,,2021-02-19,3064,46,2492,554,0,28,0.05054151624548736,0.0,1.0,28,0.0
80,Guinea-Bissau,,2021-02-24,3171,48,2578,633,2,86,0.13902053712480253,0.022727272727272728,0.9772727272727273,88,-0.022727272727272707
81,Guinea-Bissau,,2021-03-01,3262,48,2613,636,0,35,0.055031446540880505,0.0,1.0,35,0.022727272727272707
82,Guinea-Bissau,,2021-03-06,3312,49,2668,651,1,55,0.08602150537634409,0.017857142857142856,0.9821428571428571,56,-0.017857142857142905
83,Guinea-Bissau,,2021-03-11,3380,51,2708,663,2,40,0.06334841628959276,0.047619047619047616,0.9523809523809523,42,-0.029761904761904767
84,Guinea-Bissau,,2021-03-16,3469,52,2776,710,1,68,0.09718309859154929,0.014492753623188406,0.9855072463768116,69,0.03312629399585931
85,Guinea-Bissau,,2021-03-20,3558,55,2837,730,3,61,0.08767123287671233,0.046875,0.953125,64,-0.03238224637681164
