Index,Region,Subregion,Stage,Confirmed,Deaths,Recovered,Stage_Confirmed,Stage_Deaths,Stage_Recovered,Stage_Treated%,Stage_Deaths%,Stage_Recovered%,Stage_Treated,Recovered_Change
8,Ireland,,2020-03-01,1,0,0,1,0,0,0.0,,,0,
9,Ireland,,2020-03-06,18,0,0,18,0,0,0.0,,,0,
10,Ireland,,2020-03-11,43,1,0,43,1,0,0.023255813953488372,1.0,0.0,1,
11,Ireland,,2020-03-16,169,2,0,168,1,0,0.005952380952380952,1.0,0.0,1,0.0
12,Ireland,,2020-03-21,785,3,5,783,1,5,0.007662835249042145,0.16666666666666666,0.8333333333333334,6,0.8333333333333334
13,Ireland,,2020-03-26,1819,19,5,1811,16,0,0.00883489784649365,1.0,0.0,16,-0.8333333333333334
14,Ireland,,2020-03-31,3235,71,5,3211,52,0,0.016194331983805668,1.0,0.0,52,0.0
15,Ireland,,2020-04-05,4994,158,25,4918,87,20,0.02175681171207808,0.8130841121495327,0.18691588785046728,107,0.18691588785046728
16,Ireland,,2020-04-10,8089,287,25,7906,129,0,0.016316721477358968,1.0,0.0,129,-0.18691588785046728
17,Ireland,,2020-04-15,12547,444,77,12235,157,52,0.01708214139762975,0.7511961722488039,0.24880382775119617,209,0.24880382775119617
18,Ireland,,2020-04-20,15652,687,77,15131,243,0,0.01605974489458727,1.0,0.0,243,-0.24880382775119617
19,Ireland,,2020-04-25,18561,1063,9233,17797,376,9156,0.5355958869472383,0.03944607637431809,0.9605539236256819,9532,0.9605539236256819
20,Ireland,,2020-04-30,20612,1232,13386,10316,169,4153,0.4189608375339279,0.03910226746876446,0.9608977325312356,4322,0.0003438089055536331
21,Ireland,,2020-05-05,21983,1339,13386,7365,107,0,0.01452817379497624,1.0,0.0,107,-0.9608977325312356
22,Ireland,,2020-05-10,22996,1458,17110,8271,119,3724,0.4646354733405876,0.030965391621129327,0.9690346083788707,3843,0.9690346083788707
23,Ireland,,2020-05-15,23956,1518,19470,5388,60,2360,0.4491462509279881,0.024793388429752067,0.9752066115702479,2420,0.006172003191377229
24,Ireland,,2020-05-20,24315,1571,21060,3327,53,1590,0.49383829275623686,0.03225806451612903,0.967741935483871,1643,-0.007464676086376909
25,Ireland,,2020-05-25,24698,1606,21060,2067,35,0,0.016932752781809387,1.0,0.0,35,-0.967741935483871
26,Ireland,,2020-05-30,24929,1651,22089,2263,45,1029,0.4745912505523641,0.04189944134078212,0.9581005586592178,1074,0.9581005586592178
27,Ireland,,2020-06-04,25142,1664,22698,1402,13,609,0.44365192582025675,0.02090032154340836,0.9790996784565916,622,0.02099911979737379
28,Ireland,,2020-06-09,25215,1691,22698,853,27,0,0.031652989449003514,1.0,0.0,27,-0.9790996784565916
29,Ireland,,2020-06-14,25303,1706,22698,914,15,0,0.016411378555798686,1.0,0.0,15,0.0
30,Ireland,,2020-06-19,25368,1714,22698,964,8,0,0.008298755186721992,1.0,0.0,8,0.0
31,Ireland,,2020-06-24,25396,1726,23364,984,12,666,0.6890243902439024,0.017699115044247787,0.9823008849557522,678,0.9823008849557522
32,Ireland,,2020-06-29,25462,1735,23364,372,9,0,0.024193548387096774,1.0,0.0,9,-0.9823008849557522
33,Ireland,,2020-07-04,25509,1741,23364,410,6,0,0.014634146341463415,1.0,0.0,6,0.0
34,Ireland,,2020-07-09,25565,1743,23364,460,2,0,0.004347826086956522,1.0,0.0,2,0.0
35,Ireland,,2020-07-14,25670,1746,23364,563,3,0,0.0053285968028419185,1.0,0.0,3,0.0
36,Ireland,,2020-07-19,25760,1753,23364,650,7,0,0.010769230769230769,1.0,0.0,7,0.0
37,Ireland,,2020-07-24,25845,1763,23364,728,10,0,0.013736263736263736,1.0,0.0,10,0.0
38,Ireland,,2020-07-29,25942,1764,23364,815,1,0,0.001226993865030675,1.0,0.0,1,0.0
39,Ireland,,2020-08-03,26208,1763,23364,1080,-1,0,-0.000925925925925926,1.0,-0.0,-1,-0.0
40,Ireland,,2020-08-08,26644,1772,23364,1517,9,0,0.005932762030323006,1.0,0.0,9,0.0
41,Ireland,,2020-08-13,26929,1774,23364,1793,2,0,0.0011154489682097045,1.0,0.0,2,0.0
42,Ireland,,2020-08-18,27499,1775,23364,2361,1,0,0.00042354934349851756,1.0,0.0,1,0.0
43,Ireland,,2020-08-23,27969,1777,23364,2830,2,0,0.0007067137809187279,1.0,0.0,2,0.0
44,Ireland,,2020-08-28,28578,1777,23364,3437,0,0,0.0,,,0,
45,Ireland,,2020-09-02,29114,1777,23364,3973,0,0,0.0,,,0,
46,Ireland,,2020-09-07,29774,1777,23364,4633,0,0,0.0,,,0,
47,Ireland,,2020-09-12,30730,1783,23364,5589,6,0,0.0010735373054213634,1.0,0.0,6,
48,Ireland,,2020-09-17,32023,1789,23364,6876,6,0,0.0008726003490401396,1.0,0.0,6,0.0
49,Ireland,,2020-09-22,33444,1792,23364,8291,3,0,0.00036183813773971776,1.0,0.0,3,0.0
50,Ireland,,2020-09-27,34990,1802,23364,9834,10,0,0.001016880211511084,1.0,0.0,10,0.0
51,Ireland,,2020-10-02,37063,1801,23364,11897,-1,0,-8.405480373203328e-05,1.0,-0.0,-1,-0.0
52,Ireland,,2020-10-07,39584,1816,23364,14419,15,0,0.0010402940564532908,1.0,0.0,15,0.0
53,Ireland,,2020-10-12,43351,1827,23364,18171,11,0,0.0006053601893126411,1.0,0.0,11,0.0
54,Ireland,,2020-10-17,48678,1849,23364,23487,22,0,0.0009366883808064035,1.0,0.0,22,0.0
55,Ireland,,2020-10-22,54476,1871,23364,29263,22,0,0.0007518026176400232,1.0,0.0,22,0.0
56,Ireland,,2020-10-27,58767,1890,23364,33532,19,0,0.0005666229273529762,1.0,0.0,19,0.0
57,Ireland,,2020-11-01,62002,1915,23364,36748,25,0,0.0006803091324697943,1.0,0.0,25,0.0
58,Ireland,,2020-11-06,64538,1940,23364,39259,25,0,0.0006367966580911384,1.0,0.0,25,0.0
59,Ireland,,2020-11-11,66247,1965,23364,40943,25,0,0.0006106049874215373,1.0,0.0,25,0.0
60,Ireland,,2020-11-16,68356,1984,23364,43027,19,0,0.0004415831919492412,1.0,0.0,19,0.0
61,Ireland,,2020-11-21,70143,2022,23364,44795,38,0,0.0008483089630539123,1.0,0.0,38,0.0
62,Ireland,,2020-11-26,71494,2036,23364,46108,14,0,0.00030363494404441745,1.0,0.0,14,0.0
63,Ireland,,2020-12-01,72798,2069,23364,47398,33,0,0.0006962319085193468,1.0,0.0,33,0.0
64,Ireland,,2020-12-06,74246,2099,23364,48813,30,0,0.0006145903755147194,1.0,0.0,30,0.0
65,Ireland,,2020-12-11,75507,2120,23364,50044,21,0,0.00041963072496203343,1.0,0.0,21,0.0
66,Ireland,,2020-12-16,77197,2140,23364,51713,20,0,0.0003867499468218823,1.0,0.0,20,0.0
67,Ireland,,2020-12-21,80267,2158,23364,54763,18,0,0.0003286890783923452,1.0,0.0,18,0.0
68,Ireland,,2020-12-26,85394,2200,23364,59872,42,0,0.0007014965259219669,1.0,0.0,42,0.0
69,Ireland,,2020-12-31,91779,2237,23364,66215,37,0,0.0005587857736162501,1.0,0.0,37,0.0
70,Ireland,,2021-01-05,113322,2282,23364,87721,45,0,0.0005129900479930689,1.0,0.0,45,0.0
71,Ireland,,2021-01-10,147613,2344,23364,121967,62,0,0.0005083342215517312,1.0,0.0,62,0.0
72,Ireland,,2021-01-15,166548,2536,23364,140840,192,0,0.0013632490769667708,1.0,0.0,192,0.0
73,Ireland,,2021-01-20,179324,2768,23364,153424,232,0,0.0015121493377828763,1.0,0.0,232,0.0
74,Ireland,,2021-01-25,188923,2977,23364,162791,209,0,0.0012838547585554483,1.0,0.0,209,0.0
75,Ireland,,2021-01-30,195303,3292,23364,168962,315,0,0.0018643245226737373,1.0,0.0,315,0.0
76,Ireland,,2021-02-04,200744,3586,23364,174088,294,0,0.0016888010661274759,1.0,0.0,294,0.0
77,Ireland,,2021-02-09,204940,3752,23364,177990,166,0,0.0009326366649811788,1.0,0.0,166,0.0
78,Ireland,,2021-02-14,209582,3948,23364,182466,196,0,0.0010741727225894138,1.0,0.0,196,0.0
79,Ireland,,2021-02-19,213400,4109,23364,186088,161,0,0.0008651820643996389,1.0,0.0,161,0.0
80,Ireland,,2021-02-24,216840,4237,23364,189367,128,0,0.0006759361451572872,1.0,0.0,128,0.0
81,Ireland,,2021-03-01,220273,4319,23364,192672,82,0,0.00042559375519016777,1.0,0.0,82,0.0
82,Ireland,,2021-03-06,222699,4419,23364,195016,100,0,0.0005127784386922099,1.0,0.0,100,0.0
83,Ireland,,2021-03-11,225179,4509,23364,197396,90,0,0.0004559362905023405,1.0,0.0,90,0.0
84,Ireland,,2021-03-16,227663,4552,23364,199790,43,0,0.000215225987286651,1.0,0.0,43,0.0
85,Ireland,,2021-03-21,230599,4587,23364,202683,35,0,0.0001726834514981523,1.0,0.0,35,0.0
86,Ireland,,2021-03-26,233327,4651,23364,205376,64,0,0.0003116235587410408,1.0,0.0,64,0.0
87,Ireland,,2021-03-31,235854,4687,23364,207839,36,0,0.00017321099504905238,1.0,0.0,36,0.0
88,Ireland,,2021-04-05,238466,4718,23364,210415,31,0,0.00014732789962692774,1.0,0.0,31,0.0
89,Ireland,,2021-04-10,240643,4783,23364,212561,65,0,0.000305794571911122,1.0,0.0,65,0.0
90,Ireland,,2021-04-15,242402,4820,23364,214255,37,0,0.00017269141910340483,1.0,0.0,37,0.0
91,Ireland,,2021-04-20,244297,4847,23364,216113,27,0,0.0001249346406740918,1.0,0.0,27,0.0
92,Ireland,,2021-04-25,246633,4873,23364,218422,26,0,0.00011903562827920264,1.0,0.0,26,0.0
93,Ireland,,2021-04-30,248870,4903,23364,220633,30,0,0.00013597240666627386,1.0,0.0,30,0.0
94,Ireland,,2021-05-05,251087,4915,23364,222820,12,0,5.385512970110403e-05,1.0,0.0,12,0.0
95,Ireland,,2021-05-10,253189,4921,23364,224910,6,0,2.667733760170735e-05,1.0,0.0,6,0.0
96,Ireland,,2021-05-15,255331,4941,23364,227046,20,0,8.808787646556205e-05,1.0,0.0,20,0.0
97,Ireland,,2021-05-20,257446,4941,23364,229141,0,0,0.0,,,0,
98,Ireland,,2021-05-25,259512,4941,23364,231207,0,0,0.0,,,0,
99,Ireland,,2021-05-30,261673,4941,23364,233368,0,0,0.0,,,0,
100,Ireland,,2021-06-04,263769,4941,23364,235464,0,0,0.0,,,0,
101,Ireland,,2021-06-09,265341,4941,23364,237036,0,0,0.0,,,0,
102,Ireland,,2021-06-14,267006,4941,23364,238701,0,0,0.0,,,0,
103,Ireland,,2021-06-19,268644,4979,23364,240339,38,0,0.0001581100029541606,1.0,0.0,38,
104,Ireland,,2021-06-24,270097,4989,23364,241754,10,0,4.1364362120171745e-05,1.0,0.0,10,0.0
105,Ireland,,2021-06-29,271931,4989,23364,243578,0,0,0.0,,,0,
106,Ireland,,2021-06-30,271908,4998,23364,243555,9,0,3.695263903430437e-05,1.0,0.0,9,
