Index,Region,Subregion,Stage,Confirmed,Deaths,Recovered,Stage_Confirmed,Stage_Deaths,Stage_Recovered,Stage_Treated%,Stage_Deaths%,Stage_Recovered%,Stage_Treated,Recovered_Change
9,Morocco,,2020-03-06,2,0,0,2,0,0,0.0,,,0,
10,Morocco,,2020-03-11,5,1,0,5,1,0,0.2,1.0,0.0,1,
11,Morocco,,2020-03-16,29,1,1,28,0,1,0.03571428571428571,0.0,1.0,1,1.0
12,Morocco,,2020-03-21,96,3,3,94,2,2,0.0425531914893617,0.5,0.5,4,-0.5
13,Morocco,,2020-03-26,275,11,8,269,8,5,0.048327137546468404,0.6153846153846154,0.38461538461538464,13,-0.11538461538461536
14,Morocco,,2020-03-31,617,36,24,598,25,16,0.06856187290969899,0.6097560975609756,0.3902439024390244,41,0.005628517823639767
15,Morocco,,2020-04-05,1021,70,76,961,34,52,0.08949011446409989,0.3953488372093023,0.6046511627906976,86,0.21440726035167323
16,Morocco,,2020-04-10,1448,107,122,1302,37,46,0.06374807987711213,0.4457831325301205,0.5542168674698795,83,-0.05043429532081811
17,Morocco,,2020-04-15,2024,127,229,1795,20,107,0.07075208913649025,0.15748031496062992,0.84251968503937,127,0.2883028175694905
18,Morocco,,2020-04-20,3046,143,350,2690,16,121,0.050929368029739776,0.11678832116788321,0.8832116788321168,137,0.040691993792746795
19,Morocco,,2020-04-25,3897,159,537,3404,16,187,0.05963572267920094,0.07881773399014778,0.9211822660098522,203,0.03797058717773538
20,Morocco,,2020-04-30,4423,170,984,3727,11,447,0.12288704051515964,0.024017467248908297,0.9759825327510917,458,0.0548002667412395
21,Morocco,,2020-05-05,5219,181,1838,4065,11,854,0.21279212792127922,0.012716763005780347,0.9872832369942196,865,0.011300704243127901
22,Morocco,,2020-05-10,6063,188,2554,4044,7,716,0.17878338278931752,0.009681881051175657,0.9903181189488244,723,0.0030348819546047734
23,Morocco,,2020-05-15,6652,190,3400,3910,2,846,0.21687979539641944,0.0023584905660377358,0.9976415094339622,848,0.0073233904851378595
24,Morocco,,2020-05-20,7133,194,4098,3543,4,698,0.19813717188823032,0.005698005698005698,0.9943019943019943,702,-0.0033395151319679517
25,Morocco,,2020-05-25,7532,200,4774,3240,6,676,0.21049382716049383,0.008797653958944282,0.9912023460410557,682,-0.003099648260938559
26,Morocco,,2020-05-30,7780,204,5401,2806,4,627,0.22487526728439058,0.006339144215530904,0.993660855784469,631,0.0024585097434133285
27,Morocco,,2020-06-04,8003,208,7195,2398,4,1794,0.749791492910759,0.002224694104560623,0.9977753058954394,1798,0.004114450110970336
28,Morocco,,2020-06-09,8437,210,7493,1034,2,298,0.2901353965183752,0.006666666666666667,0.9933333333333333,300,-0.0044419725621061
29,Morocco,,2020-06-14,8793,212,7765,1090,2,272,0.25137614678899084,0.0072992700729927005,0.9927007299270073,274,-0.0006326034063259822
30,Morocco,,2020-06-19,9613,213,8117,1636,1,352,0.21577017114914426,0.0028328611898017,0.9971671388101983,353,0.004466408883190942
31,Morocco,,2020-06-24,10907,216,8468,2577,3,351,0.13736903376018628,0.00847457627118644,0.9915254237288136,354,-0.005641715081384668
32,Morocco,,2020-06-29,12290,225,8833,3606,9,365,0.10371602884082086,0.02406417112299465,0.9759358288770054,374,-0.01558959485180822
33,Morocco,,2020-07-04,13822,232,9329,4764,7,496,0.10558354324097396,0.013916500994035786,0.9860834990059643,503,0.010147670128958897
34,Morocco,,2020-07-09,15079,242,11447,5518,10,2118,0.3856469735411381,0.004699248120300752,0.9953007518796992,2128,0.009217252873734982
35,Morocco,,2020-07-14,16097,257,13442,4408,15,1995,0.455989110707804,0.007462686567164179,0.9925373134328358,2010,-0.002763438446863442
36,Morocco,,2020-07-19,17236,273,14921,3537,16,1479,0.4226745829799265,0.010702341137123745,0.9892976588628762,1495,-0.0032396545699595602
37,Morocco,,2020-07-24,18834,299,16100,3640,26,1179,0.33104395604395603,0.021576763485477178,0.9784232365145228,1205,-0.010874422348353452
38,Morocco,,2020-07-29,22213,334,17125,5814,35,1025,0.1823185414516684,0.0330188679245283,0.9669811320754716,1060,-0.011442104439051137
39,Morocco,,2020-08-03,26196,401,18968,8737,67,1843,0.21861050703902943,0.03507853403141361,0.9649214659685864,1910,-0.0020596661068852384
40,Morocco,,2020-08-08,32007,480,22190,12638,79,3222,0.261196391834151,0.023932141775219632,0.9760678582247804,3301,0.01114639225619396
41,Morocco,,2020-08-13,37935,584,26687,15265,104,4497,0.30140845070422534,0.022603781786568137,0.9773962182134318,4601,0.0013283599886514397
42,Morocco,,2020-08-18,44803,714,31002,17532,130,4315,0.2535363906000456,0.02924634420697413,0.9707536557930259,4445,-0.006642562420405951
43,Morocco,,2020-08-23,52349,888,36343,20633,174,5341,0.26729026317064897,0.03155031731640979,0.9684496826835902,5515,-0.002303973109435642
44,Morocco,,2020-08-28,58489,1052,43049,21258,164,6706,0.3231724527236805,0.023871906841339156,0.9761280931586609,6870,0.007678410475070674
45,Morocco,,2020-09-02,65453,1216,50357,21352,164,7308,0.34994379917572127,0.021948608137044967,0.978051391862955,7472,0.0019232987042940852
46,Morocco,,2020-09-07,73780,1394,56096,22207,178,5739,0.26644751654883597,0.03008281223593037,0.9699171877640697,5917,-0.008134204098885323
47,Morocco,,2020-09-12,84435,1553,65867,26945,159,9771,0.36852848394878457,0.016012084592145016,0.983987915407855,9930,0.014070727643785363
48,Morocco,,2020-09-17,94504,1714,74930,27084,161,9063,0.3405700782749963,0.01745446660884649,0.9825455333911535,9224,-0.0014423820167015489
49,Morocco,,2020-09-22,105346,1889,85883,28702,175,10953,0.3877081736464358,0.01572609633357297,0.9842739036664271,11128,0.0017283702752736163
50,Morocco,,2020-09-27,117685,2069,95591,29913,180,9708,0.3305586199979942,0.01820388349514563,0.9817961165048543,9888,-0.0024777871615727642
51,Morocco,,2020-10-02,128565,2263,106044,30905,194,10453,0.34450736126840314,0.018221095144172066,0.981778904855828,10647,-1.721164902634964e-05
52,Morocco,,2020-10-07,140024,2439,118142,31717,176,12098,0.3869848976889365,0.014339253707022975,0.9856607462929771,12274,0.0038818414371490917
53,Morocco,,2020-10-12,153761,2636,129498,33180,197,11356,0.3481916817359855,0.017051848004847225,0.9829481519951527,11553,-0.0027125942978243334
54,Morocco,,2020-10-17,170911,2878,141381,38777,242,11883,0.3126853547205818,0.01995876288659794,0.9800412371134021,12125,-0.002906914881750655
55,Morocco,,2020-10-22,186731,3132,154481,42472,254,13100,0.3144189112827274,0.01902051819679497,0.980979481803205,13354,0.0009382446898029695
56,Morocco,,2020-10-27,203733,3445,168706,46120,313,14225,0.31522116218560275,0.021529784014307333,0.9784702159856926,14538,-0.0025092658175124294
57,Morocco,,2020-11-01,222544,3762,184313,50393,317,15607,0.31599626932312025,0.01990705852800804,0.980092941471992,15924,0.0016227254862993812
58,Morocco,,2020-11-06,246349,4127,200954,58274,365,16641,0.29182825960119435,0.02146301305421616,0.9785369869457838,17006,-0.0015559545262081587
59,Morocco,,2020-11-11,270626,4506,221743,65545,379,20789,0.32295369593409107,0.017904383975812548,0.9820956160241875,21168,0.0035586290784036523
60,Morocco,,2020-11-16,296189,4850,243359,69940,344,21616,0.3139834143551616,0.015664845173041893,0.9843351548269581,21960,0.002239538802770613
61,Morocco,,2020-11-21,320962,5256,266711,72753,406,23352,0.3265569804681594,0.01708898055391868,0.9829110194460813,23758,-0.0014241353808768231
62,Morocco,,2020-11-26,340684,5619,289808,68717,363,23097,0.3414002357495234,0.015473145780051151,0.9845268542199489,23460,0.0016158347738676193
63,Morocco,,2020-12-01,359844,5915,310193,64417,296,20385,0.32104879146809073,0.014312654126976451,0.9856873458730235,20681,0.0011604916530746356
64,Morocco,,2020-12-06,379657,6245,331301,63549,330,21108,0.33734598498796203,0.015393226980128743,0.9846067730198712,21438,-0.0010805728531523284
65,Morocco,,2020-12-11,394564,6542,349821,57018,297,18520,0.3300185906205058,0.01578359993622788,0.9842164000637721,18817,-0.0003903729560991165
66,Morocco,,2020-12-16,406970,6749,366835,50607,207,17014,0.34028889284091135,0.012020207885720922,0.9879797921142791,17221,0.0037633920505070195
67,Morocco,,2020-12-21,418002,7000,380134,44418,251,13299,0.30505650862263045,0.018523985239852398,0.9814760147601476,13550,-0.006503777354131546
68,Morocco,,2020-12-26,430562,7204,396095,43428,204,15961,0.3722252924380584,0.012619857717290442,0.9873801422827095,16165,0.005904127522561975
69,Morocco,,2020-12-31,439193,7388,407504,35894,184,11409,0.32297877082520754,0.015871646683343395,0.9841283533166566,11593,-0.0032517889660529375
70,Morocco,,2021-01-05,445439,7581,416708,30547,193,9204,0.3076243166268373,0.020538469724380122,0.9794615302756199,9397,-0.004666823041036716
71,Morocco,,2021-01-10,452532,7743,424896,28243,162,8188,0.29564847926919946,0.019401197604790418,0.9805988023952096,8350,0.001137272119589694
72,Morocco,,2021-01-15,457625,7888,432576,24986,145,7680,0.3131753782117986,0.01853035143769968,0.9814696485623003,7825,0.0008708461670907663
73,Morocco,,2021-01-20,462542,8043,437955,22078,155,5379,0.25065676238789747,0.028008673653776652,0.9719913263462233,5534,-0.009478322216077029
74,Morocco,,2021-01-25,466626,8172,443472,20628,129,5517,0.27370564281559046,0.022848034006376194,0.9771519659936238,5646,0.0051606396474004335
75,Morocco,,2021-01-30,470691,8259,448628,19047,87,5156,0.2752664461595002,0.016593553309174138,0.9834064466908259,5243,0.006254480697202136
76,Morocco,,2021-02-04,473667,8351,452522,16780,92,3894,0.23754469606674614,0.02308078273958856,0.9769192172604114,3986,-0.006487229430414465
77,Morocco,,2021-02-09,476125,8424,456032,15252,73,3510,0.2349200104904275,0.020373988277979347,0.9796260117220207,3583,0.002706794461609263
78,Morocco,,2021-02-14,478474,8477,458852,14018,53,2820,0.20495077757169353,0.018447615732683605,0.9815523842673164,2873,0.001926372545295707
79,Morocco,,2021-02-19,480504,8540,463271,13175,63,4419,0.34018975332068313,0.014056224899598393,0.9859437751004017,4482,0.0043913908330852625
80,Morocco,,2021-02-24,482128,8592,466815,10317,52,3544,0.3485509353494233,0.014460511679644048,0.985539488320356,3596,-0.00040428678004567065
81,Morocco,,2021-03-01,483766,8637,469345,8359,45,2530,0.30805120229692545,0.017475728155339806,0.9825242718446602,2575,-0.0030152164756958033
82,Morocco,,2021-03-06,485974,8676,471919,7992,39,2574,0.3269519519519519,0.014925373134328358,0.9850746268656716,2613,0.002550355021011419
83,Morocco,,2021-03-11,487750,8712,474257,7155,36,2338,0.3317959468902865,0.015164279696714406,0.9848357203032856,2374,-0.00023890656238600982
84,Morocco,,2021-03-16,489622,8737,476727,6653,25,2470,0.37501878851645876,0.01002004008016032,0.9899799599198397,2495,0.0051442396165540805
85,Morocco,,2021-03-21,491709,8767,479252,6245,30,2525,0.40912730184147317,0.011741682974559686,0.9882583170254403,2555,-0.0017216428943993556
86,Morocco,,2021-03-26,493867,8793,481597,5848,26,2345,0.405437756497948,0.010965837199493884,0.9890341628005062,2371,0.0007758457750658421
87,Morocco,,2021-03-31,496097,8818,483363,5707,25,1766,0.31382512703697213,0.013958682300390842,0.9860413176996091,1791,-0.0029928451008970347
88,Morocco,,2021-04-05,498329,8857,485162,6148,39,1799,0.2989590110605075,0.021218715995647442,0.9787812840043526,1838,-0.007260033695256518
89,Morocco,,2021-04-10,501688,8891,488015,7669,34,2853,0.37645064545573087,0.011776931070315206,0.9882230689296848,2887,0.009441784925332208
90,Morocco,,2021-04-15,504260,8927,490366,7354,36,2351,0.32458525972259994,0.01508169250104734,0.9849183074989527,2387,-0.003304761430732106
91,Morocco,,2021-04-20,506669,8959,492725,7376,32,2359,0.3241594360086768,0.013383521539104977,0.9866164784608951,2391,0.001698170961942358
92,Morocco,,2021-04-25,509363,8992,495262,7679,33,2537,0.3346789946607631,0.012840466926070038,0.98715953307393,2570,0.0005430546130349434
93,Morocco,,2021-04-30,511249,9023,497621,6995,31,2359,0.3416726233023588,0.01297071129707113,0.9870292887029288,2390,-0.0001302443710011758
94,Morocco,,2021-05-05,512656,9043,499491,6012,20,1870,0.3143712574850299,0.010582010582010581,0.9894179894179894,1890,0.0023887007150605877
95,Morocco,,2021-05-10,513922,9077,501146,5388,34,1655,0.3134743875278396,0.020130254588513915,0.9798697454114861,1689,-0.009548244006503337
96,Morocco,,2021-05-15,514817,9098,502884,4594,21,1738,0.3828907270352634,0.011938601478112564,0.9880613985218875,1759,0.008191653110401376
97,Morocco,,2021-05-20,516091,9109,504439,4109,11,1555,0.3811146264297883,0.0070242656449553,0.9929757343550447,1566,0.004914335833157257
98,Morocco,,2021-05-25,517423,9129,505668,3875,20,1229,0.3223225806451613,0.016012810248198558,0.9839871897518014,1249,-0.008988544603243276
99,Morocco,,2021-05-30,519108,9143,506962,4311,14,1294,0.3034098816979819,0.010703363914373088,0.9892966360856269,1308,0.005309446333825463
100,Morocco,,2021-06-04,520769,9169,508570,4664,26,1608,0.3503430531732418,0.01591187270501836,0.9840881272949816,1634,-0.005208508790645272
101,Morocco,,2021-06-09,522389,9190,509958,4650,21,1388,0.30301075268817207,0.014904187366926898,0.9850958126330731,1409,0.0010076853380914796
102,Morocco,,2021-06-14,523999,9213,511440,4851,23,1482,0.31024531024531027,0.015282392026578074,0.9847176079734219,1505,-0.00037820465965121564
103,Morocco,,2021-06-19,526363,9237,513382,5710,24,1942,0.34430823117338005,0.012207527975584944,0.987792472024415,1966,0.003074864050993109
104,Morocco,,2021-06-24,528180,9265,515030,5561,28,1648,0.30138464304981116,0.016706443914081145,0.9832935560859188,1676,-0.004498915938496162
105,Morocco,,2021-06-26,529224,9273,515863,4929,8,833,0.17062284439034286,0.009512485136741973,0.990487514863258,841,0.007193958777339193
