Index,Region,Subregion,Stage,Confirmed,Deaths,Recovered,Stage_Confirmed,Stage_Deaths,Stage_Recovered,Stage_Treated%,Stage_Deaths%,Stage_Recovered%,Stage_Treated,Recovered_Change
9,Peru,,2020-03-06,1,1,0,1,1,0,1.0,1.0,0.0,1,
10,Peru,,2020-03-11,11,2,0,10,1,0,0.1,1.0,0.0,1,0.0
11,Peru,,2020-03-16,86,5,0,84,3,0,0.03571428571428571,1.0,0.0,3,0.0
12,Peru,,2020-03-21,318,30,1,313,25,1,0.08306709265175719,0.9615384615384616,0.038461538461538464,26,0.038461538461538464
13,Peru,,2020-03-26,580,63,14,549,33,13,0.08378870673952642,0.717391304347826,0.2826086956521739,46,0.24414715719063543
14,Peru,,2020-03-31,1065,138,394,988,75,380,0.4605263157894737,0.16483516483516483,0.8351648351648352,455,0.5525561395126612
15,Peru,,2020-04-05,2281,317,989,1749,179,595,0.4425385934819897,0.23126614987080105,0.7687338501291989,774,-0.06643098503563627
16,Peru,,2020-04-10,5897,650,1569,4591,333,580,0.19886734916140275,0.3647316538882804,0.6352683461117196,913,-0.13346550401747936
17,Peru,,2020-04-15,11475,1200,3108,9256,550,1539,0.2256914433880726,0.26328386787936814,0.7367161321206319,2089,0.10144778600891236
18,Peru,,2020-04-20,16325,1990,6968,12017,790,3860,0.3869518182574686,0.16989247311827957,0.8301075268817204,4650,0.09339139476108849
19,Peru,,2020-04-25,25331,3198,7797,16373,1208,829,0.12441214194100043,0.5930289641629848,0.4069710358370152,2037,-0.4231364910447052
20,Peru,,2020-04-30,36976,4782,10405,25981,1584,2608,0.16134867787998922,0.37786259541984735,0.6221374045801527,4192,0.21516636874313744
21,Peru,,2020-05-05,51189,6871,15413,36002,2089,5008,0.19712793733681463,0.2943497252360152,0.7056502747639848,7097,0.08351287018383213
22,Peru,,2020-05-10,67307,9258,21349,45023,2387,5936,0.18486107100815138,0.2867956265769554,0.7132043734230445,8323,0.00755409865905976
23,Peru,,2020-05-15,84495,11824,27147,53888,2566,5798,0.15521080760095013,0.30679100908656143,0.6932089909134386,8364,-0.019995382509605975
24,Peru,,2020-05-20,104020,14512,41968,65049,2688,14821,0.26916632077357067,0.15352104631903593,0.846478953680964,17509,0.15326996276752547
25,Peru,,2020-05-25,123979,17216,50949,67499,2704,8981,0.1731136757581594,0.23140778776208815,0.7685922122379119,11685,-0.07788674144305219
26,Peru,,2020-05-30,155671,20111,66447,87506,2895,15498,0.21019130116791993,0.15739683575273203,0.842603164247268,18393,0.07401095200935615
27,Peru,,2020-06-04,183198,23025,76228,96640,2914,9781,0.13136382450331127,0.22953918865695155,0.7704608113430484,12695,-0.07214235290421955
28,Peru,,2020-06-09,203736,26015,92929,104483,2990,16701,0.18846128078251964,0.1518460210248337,0.8481539789751663,19691,0.07769316763211787
29,Peru,,2020-06-14,229736,29010,115579,110792,2995,22650,0.23146978121163983,0.11678689803080522,0.8832131019691948,25645,0.03505912299402847
30,Peru,,2020-06-19,247925,31962,131190,103336,2952,15611,0.17963729968258885,0.15902601950115822,0.8409739804988418,18563,-0.042239121470353025
31,Peru,,2020-06-24,264689,34779,151589,101537,2817,20399,0.22864571535499376,0.12133873190902826,0.8786612680909718,23216,0.037687287592130025
32,Peru,,2020-06-29,282365,37405,171159,95997,2626,19570,0.23121555881954645,0.11830960533429447,0.8816903946657055,22196,0.0030291265747337537
33,Peru,,2020-07-04,299080,40108,189621,90516,2703,18462,0.23382606390030491,0.12771084337349398,0.8722891566265061,21165,-0.009401238039199455
34,Peru,,2020-07-09,316448,42858,207802,86719,2750,18181,0.24136579065718008,0.13138407147293488,0.8686159285270652,20931,-0.0036732280994409283
35,Peru,,2020-07-14,333867,45709,223261,83207,2851,15459,0.22005360125950943,0.15570726379027855,0.8442927362097215,18310,-0.0243231923173437
36,Peru,,2020-07-19,353590,49429,241955,84620,3720,18694,0.26487827936658,0.16596769875970377,0.8340323012402963,22414,-0.010260434969425192
37,Peru,,2020-07-24,375961,51716,259423,84577,2287,17468,0.2335741395414829,0.11576815995950392,0.884231840040496,19755,0.05019953880019978
38,Peru,,2020-07-29,400683,54794,280044,89544,3078,20621,0.2646631823461092,0.12987889784379086,0.8701211021562091,23699,-0.014110737884286961
39,Peru,,2020-08-03,433100,57860,298091,98262,3066,18047,0.21486434226862877,0.1452185857054895,0.8547814142945105,21113,-0.015339687861698592
40,Peru,,2020-08-08,463875,61066,319171,107924,3206,21080,0.22502872391683038,0.1320102116445689,0.8679897883554311,24286,0.013208374060920569
41,Peru,,2020-08-13,498555,64139,341938,118318,3073,22767,0.21839449618823847,0.11892414860681115,0.8810758513931889,25840,0.013086063037757834
42,Peru,,2020-08-18,541493,67198,374019,135416,3059,32081,0.2594966621374136,0.08705179282868526,0.9129482071713148,35140,0.03187235577812586
43,Peru,,2020-08-23,585236,69826,399357,144019,2628,25338,0.19418271200327736,0.09397125080454838,0.9060287491954516,27966,-0.00691945797586313
44,Peru,,2020-08-28,621997,72319,429662,152814,2493,30305,0.21462693208737418,0.07601073236172938,0.9239892676382706,32798,0.017960518442818985
45,Peru,,2020-09-02,657129,74416,480177,155148,2097,50515,0.3391084641761415,0.03985782711168555,0.9601421728883145,52612,0.03615290525004389
46,Peru,,2020-09-07,689977,76255,522251,135384,1839,42074,0.3243588607220942,0.041878259285405235,0.9581217407145948,43913,-0.0020204321737197217
47,Peru,,2020-09-12,716670,77825,559321,118164,1570,37070,0.3270031481669544,0.040631469979296064,0.9593685300207039,38640,0.0012467893061091084
48,Peru,,2020-09-17,744400,79221,594513,107254,1396,35192,0.3411341301956104,0.03815458620312671,0.9618454137968733,36588,0.002476883776169392
49,Peru,,2020-09-22,768895,80478,607837,95161,1257,13324,0.153224535261294,0.08620807900692683,0.9137919209930732,14581,-0.04805349280380011
50,Peru,,2020-09-27,800142,81595,657836,111827,1117,49999,0.45709891171184064,0.02185225761014164,0.9781477423898584,51116,0.0643558213967852
51,Peru,,2020-10-02,818297,82477,690528,78866,882,32692,0.4257094311870768,0.026270328230178115,0.9737296717698218,33574,-0.004418070620036518
52,Peru,,2020-10-07,832929,83334,723606,59924,857,33078,0.5663006474868166,0.025254162369235302,0.9747458376307647,33935,0.0010161658609428859
53,Peru,,2020-10-12,851171,84114,743969,44231,780,20363,0.4780131581922181,0.036891642624036325,0.9631083573759637,21143,-0.011637480254801047
54,Peru,,2020-10-17,862417,84829,774356,34334,715,30387,0.9058659055163978,0.022988875313484664,0.9770111246865153,31102,0.013902767310551623
55,Peru,,2020-10-22,879876,85483,796719,20691,654,22363,1.1124160262916243,0.028413781118303862,0.9715862188816962,23017,-0.005424905804819136
56,Peru,,2020-10-27,890574,86032,810995,8372,549,14276,1.770783564261825,0.03703204047217538,0.9629679595278247,14825,-0.008618259353871505
57,Peru,,2020-11-01,902503,86588,825197,5476,556,14202,2.6950328707085465,0.03767448163707819,0.9623255183629218,14758,-0.0006424411649028627
58,Peru,,2020-11-06,914722,87128,838265,2937,540,13068,4.633299284984679,0.03968253968253968,0.9603174603174603,13608,-0.002008058045461447
59,Peru,,2020-11-11,925431,87646,850670,38,518,12405,340.07894736842104,0.04008357192602337,0.9599164280739766,12923,-0.00040103224348375655
60,Peru,,2020-11-16,937011,88125,865348,-1305,479,14678,-11.61455938697318,0.03160255987332586,0.9683974401266742,15157,0.008481012052697579
61,Peru,,2020-11-21,948081,88598,873970,-5392,473,8622,-1.6867581602373887,0.0520065970313359,0.9479934029686641,9095,-0.02040403715801009
62,Peru,,2020-11-26,952439,89085,887019,-10129,487,13049,-1.3363609438246618,0.035978132387706856,0.9640218676122931,13536,0.01602846464362906
63,Peru,,2020-12-01,963605,89561,893061,-12499,476,6042,-0.521481718537483,0.07302853636084689,0.9269714636391531,6518,-0.03705040397314008
64,Peru,,2020-12-06,972688,90050,907654,-9934,489,14593,-1.51822025367425,0.03242275560270521,0.9675772443972948,15082,0.040605780758141696
65,Peru,,2020-12-11,979111,90555,914600,-18593,505,6946,-0.40074221481202604,0.06777613743121728,0.9322238625687828,7451,-0.035353381828512
66,Peru,,2020-12-16,986130,91123,924120,-19025,568,9520,-0.5302496714848883,0.056304520222045996,0.943695479777954,10088,0.011471617209171225
67,Peru,,2020-12-21,997517,91736,932295,-17726,613,8175,-0.49576892699988717,0.06975421028675466,0.9302457897132453,8788,-0.013449690064708641
68,Peru,,2020-12-26,1005546,92352,941668,-18485,616,9373,-0.5403840952123343,0.06166783461807989,0.9383321653819201,9989,0.008086375668674761
69,Peru,,2020-12-31,1015137,93070,951318,-18883,718,9650,-0.5490652968278346,0.06925154320987655,0.9307484567901234,10368,-0.0075837085917966895
70,Peru,,2021-01-05,1019475,93958,960703,-24913,888,9385,-0.4123549953839361,0.08644018300399105,0.913559816996009,10273,-0.017188639794114446
71,Peru,,2021-01-10,1026180,94976,968335,-28481,1018,7632,-0.30371124609388717,0.1176878612716763,0.8823121387283237,8650,-0.031247678267685264
72,Peru,,2021-01-15,1056023,96320,978072,-7288,1344,9737,-1.520444566410538,0.12128869235628553,0.8787113076437144,11081,-0.0036008310846092906
73,Peru,,2021-01-20,1073214,98137,989367,-1178,1817,11295,-11.130730050933787,0.13857535082367298,0.861424649176327,13112,-0.017286658467387417
74,Peru,,2021-01-25,1093938,100377,1012450,6434,2240,23083,3.935809760646565,0.08845713383090471,0.9115428661690953,25323,0.050118216992768305
75,Peru,,2021-01-30,1133022,103081,1039619,20195,2704,27169,1.4792275315672196,0.09051651993438892,0.9094834800656111,29873,-0.0020593861034842176
76,Peru,,2021-02-04,1158337,106008,1069129,15637,2927,29510,2.074374880092089,0.09023645836544687,0.9097635416345531,32437,0.00028006156894200274
77,Peru,,2021-02-09,1196778,109341,1111496,21641,3333,42367,2.111732359872464,0.07293216630196936,0.9270678336980306,45700,0.0173042920634775
78,Peru,,2021-02-14,1235298,112623,1137412,14461,3282,25916,2.019085817025102,0.11240495924378383,0.8875950407562162,29198,-0.03947279294181438
79,Peru,,2021-02-19,1261804,116299,1163153,11769,3676,25741,2.49953267057524,0.1249617568072883,0.8750382431927117,29417,-0.012556797563504474
80,Peru,,2021-02-24,1293497,119575,1196515,14045,3276,33362,2.6086151655393377,0.08941536110049675,0.9105846388995033,36638,0.03554639570679152
81,Peru,,2021-03-01,1329805,123365,1232528,13715,3790,36013,2.9021509296390815,0.09521895334522523,0.9047810466547748,39803,-0.005803592244728484
82,Peru,,2021-03-06,1358294,126419,1262722,2401,3054,30194,13.847563515202,0.09185514918190568,0.9081448508180944,33248,0.003363804163319606
83,Peru,,2021-03-11,1387457,129608,1294623,-1684,3189,31901,-20.83729216152019,0.09088059276147051,0.9091194072385295,35090,0.0009745564204350909
84,Peru,,2021-03-16,1418974,133178,1329788,-5257,3570,35165,-7.368270876926004,0.09216470891958177,0.9078352910804183,38735,-0.0012841161581111926
85,Peru,,2021-03-21,1466326,136276,1381318,3360,3098,51530,16.258333333333333,0.05671084425569305,0.9432891557443069,54628,0.03545386466388867
86,Peru,,2021-03-26,1512384,139783,1423259,-5210,3507,41941,-8.723224568138196,0.07716511177609575,0.9228348882239042,45448,-0.02045426752040269
87,Peru,,2021-03-31,1548807,143416,1468457,-14235,3633,45198,-3.4303477344573237,0.07439945935983289,0.9256005406401671,48831,0.0027656524162628093
88,Peru,,2021-04-05,1590209,146941,1509493,-21664,3525,41036,-2.0569146971935006,0.07910504701420525,0.9208949529857947,44561,-0.004705587654372345
89,Peru,,2021-04-10,1639767,150851,1557779,-16667,3910,48286,-3.131697366052679,0.07490995478580734,0.9250900452141927,52196,0.004195092228397979
90,Peru,,2021-04-15,1667737,154885,1592937,-40893,4034,35158,-0.9584036387645808,0.1029291692182078,0.8970708307817922,39192,-0.02801921443240052
91,Peru,,2021-04-20,1719088,158889,1645100,-28734,4004,52163,-1.9547226282452843,0.07128741075720618,0.9287125892427938,56167,0.03164175846100159
92,Peru,,2021-04-25,1761575,163206,1688091,-42414,4317,42991,-1.1153864290092894,0.09125306502071531,0.9087469349792847,47308,-0.019965654263509047
93,Peru,,2021-04-30,1799445,166701,1736183,-51852,3495,48092,-0.9948893003162849,0.06774962684397232,0.9322503731560277,51587,0.02350343817674294
94,Peru,,2021-05-05,1818689,170200,1766872,-84195,3499,30689,-0.4060573668270087,0.10234585234585235,0.8976541476541476,34188,-0.03459622550188002
95,Peru,,2021-05-10,1850290,173446,1798844,-86782,3246,31972,-0.4058214837178217,0.09216877732977455,0.9078312226702254,35218,0.010177075016077786
96,Peru,,2021-05-15,1879049,176632,1824406,-93241,3186,25562,-0.308319301594792,0.11082510087658272,0.8891748991234173,28748,-0.01865632354680813
97,Peru,,2021-05-20,1903615,178984,1847981,-97423,2352,23575,-0.2661281216961087,0.09071624175569869,0.9092837582443013,25927,0.020108859120884004
98,Peru,,2021-05-25,1932255,181661,1881421,-94710,2677,33440,-0.38134304719670575,0.07412022039482792,0.9258797796051721,36117,0.016596021360870794
99,Peru,,2021-05-30,1947555,183391,1897522,-115527,1730,16101,-0.15434487176157954,0.09702204026695081,0.9029779597330492,17831,-0.02290181987212292
100,Peru,,2021-06-04,1976166,185813,1929264,-104747,2422,31742,-0.3261573123812615,0.07089333801662569,0.9291066619833743,34164,0.026128702250325153
101,Peru,,2021-06-09,1987933,187157,1944122,-127144,1344,14858,-0.1274303152331215,0.0829527218861869,0.9170472781138131,16202,-0.01205938386956118
102,Peru,,2021-06-14,2003625,188708,1962124,-127654,1551,18002,-0.15317185517100915,0.07932286605635963,0.9206771339436404,19553,0.003629855829827222
103,Peru,,2021-06-19,2023179,189933,1979376,-127653,1225,17252,-0.14474395431364714,0.06629864155436489,0.9337013584456351,18477,0.013024224501994697
104,Peru,,2021-06-24,2036449,191073,1994330,-132860,1140,14954,-0.12113502935420743,0.07083385112464273,0.9291661488753573,16094,-0.004535209570277754
105,Peru,,2021-06-29,2048115,191899,2007201,-137288,826,12871,-0.09976837014160014,0.060305176315981604,0.9396948236840184,13697,0.010528674808661043
106,Peru,,2021-07-04,2065113,193230,2026122,-133987,1331,18921,-0.1511489920663945,0.06572190400948054,0.9342780959905195,20252,-0.0054167276934988795
107,Peru,,2021-07-09,2074186,193909,2035017,-145166,679,8895,-0.06595208244354739,0.07092124503864633,0.9290787549613536,9574,-0.00519934102916586
108,Peru,,2021-07-14,2085883,194752,2047805,-143043,843,12788,-0.09529302377606734,0.06184432543467097,0.938155674565329,13631,0.009076919603975386
109,Peru,,2021-07-19,2094445,195243,2060255,-148112,491,12450,-0.08737306902884304,0.03794142647399737,0.9620585735260027,12941,0.023902898960673657
110,Peru,,2021-07-24,2102904,195795,2068499,-152594,552,8244,-0.057643157660196336,0.06275579809004093,0.937244201909959,8796,-0.024814371616043607
111,Peru,,2021-07-29,2108595,196214,2075361,-155699,419,6862,-0.04676330612271113,0.057547040241725037,0.9424529597582749,7281,0.00520875784831587
112,Peru,,2021-08-03,2116652,196598,2083747,-154923,384,8386,-0.05660876693583264,0.04378563283922463,0.9562143671607753,8770,0.013761407402500425
113,Peru,,2021-08-05,2121061,196760,0,-159284,162,-2083747,13.080943472037367,-7.775060772658663e-05,1.0000777506077265,-2083585,0.043863383446951176
