Index,Region,Subregion,Stage,Confirmed,Deaths,Recovered,Stage_Confirmed,Stage_Deaths,Stage_Recovered,Stage_Treated%,Stage_Deaths%,Stage_Recovered%,Stage_Treated,Recovered_Change
9,Poland,,2020-03-06,5,0,0,5,0,0,0.0,,,0,
10,Poland,,2020-03-11,31,0,0,31,0,0,0.0,,,0,
11,Poland,,2020-03-16,177,4,13,177,4,13,0.096045197740113,0.23529411764705882,0.7647058823529411,17,
12,Poland,,2020-03-21,536,5,1,519,1,-12,-0.02119460500963391,-0.09090909090909091,1.0909090909090908,-11,0.3262032085561497
13,Poland,,2020-03-26,1221,16,7,1215,11,6,0.013991769547325103,0.6470588235294118,0.35294117647058826,17,-0.7379679144385025
14,Poland,,2020-03-31,2311,33,7,2288,17,0,0.00743006993006993,1.0,0.0,17,-0.35294117647058826
15,Poland,,2020-04-05,4102,94,134,4062,61,127,0.046282619399310686,0.324468085106383,0.675531914893617,188,0.675531914893617
16,Poland,,2020-04-10,5955,181,318,5727,87,184,0.047319713637157326,0.3210332103321033,0.6789667896678967,271,0.003434874774279728
17,Poland,,2020-04-15,7582,286,668,7083,105,350,0.06423831709727516,0.23076923076923078,0.7692307692307693,455,0.09026397956287258
18,Poland,,2020-04-20,9593,380,1133,8639,94,465,0.06470656325963653,0.16815742397137745,0.8318425760286225,559,0.06261180679785328
19,Poland,,2020-04-25,11273,524,2126,9760,144,993,0.11649590163934426,0.1266490765171504,0.8733509234828496,1137,0.041508347454227046
20,Poland,,2020-04-30,12877,644,3236,10227,120,1110,0.12026987386330303,0.0975609756097561,0.9024390243902439,1230,0.029088100907394332
21,Poland,,2020-05-05,14431,716,4280,10551,72,1044,0.10577196474267841,0.06451612903225806,0.9354838709677419,1116,0.033044846577497955
22,Poland,,2020-05-10,15996,800,5698,11000,84,1418,0.13654545454545455,0.0559254327563249,0.9440745672436751,1502,0.00859069627593323
23,Poland,,2020-05-15,18016,907,6918,11518,107,1220,0.11521097412745268,0.08063300678221552,0.9193669932177845,1327,-0.024707574025890633
24,Poland,,2020-05-20,19739,962,8183,11914,55,1265,0.1107940238375021,0.041666666666666664,0.9583333333333334,1320,0.03896634011554889
25,Poland,,2020-05-25,21631,1007,9276,12486,45,1093,0.09114207912862406,0.03954305799648506,0.960456942003515,1138,0.002123608670181576
26,Poland,,2020-05-30,23571,1061,11016,13288,54,1740,0.13500903070439493,0.030100334448160536,0.9698996655518395,1794,0.009442723548324539
27,Poland,,2020-06-04,25048,1117,12227,12971,56,1211,0.09767943874797626,0.04419889502762431,0.9558011049723757,1267,-0.014098560579463792
28,Poland,,2020-06-09,27560,1183,13196,14216,66,969,0.07280528981429375,0.06376811594202898,0.936231884057971,1035,-0.019569220914404717
29,Poland,,2020-06-14,29392,1247,14226,15013,64,1030,0.0728701791780457,0.05850091407678245,0.9414990859232175,1094,0.00526720186524654
30,Poland,,2020-06-19,31316,1334,15698,15843,87,1472,0.09840308022470491,0.055805003207184095,0.9441949967928159,1559,0.002695910869598417
31,Poland,,2020-06-24,32821,1396,18134,15789,62,2436,0.15821141300905694,0.024819855884707767,0.9751801441152922,2498,0.03098514732247626
32,Poland,,2020-06-29,34154,1444,20897,14624,48,2763,0.19221827133479213,0.017075773745997867,0.9829242262540021,2811,0.007744082138709918
33,Poland,,2020-07-04,35719,1512,23127,13378,68,2230,0.17177455523994617,0.02959094865100087,0.9704090513489991,2298,-0.01251517490500298
34,Poland,,2020-07-09,36951,1551,25477,12312,39,2350,0.19403833658219624,0.016324822101297615,0.9836751778987024,2389,0.013266126549703272
35,Poland,,2020-07-14,38457,1588,27756,11429,37,2279,0.20264240090996588,0.015975820379965457,0.9840241796200345,2316,0.0003490017213321206
36,Poland,,2020-07-19,40104,1624,30292,10760,36,2536,0.23903345724907063,0.013996889580093312,0.9860031104199067,2572,0.001978930799872214
37,Poland,,2020-07-24,42038,1655,31997,10122,31,1705,0.1715076071922545,0.017857142857142856,0.9821428571428571,1736,-0.003860253277049641
38,Poland,,2020-07-29,44416,1694,33190,10764,39,1193,0.11445559271646229,0.03165584415584415,0.9683441558441559,1232,-0.0137987012987012
39,Poland,,2020-08-03,47469,1732,34881,12585,38,1691,0.13738577671831545,0.02197802197802198,0.978021978021978,1729,0.009677822177822093
40,Poland,,2020-08-08,51167,1800,36403,14554,68,1522,0.10924831661398929,0.042767295597484274,0.9572327044025157,1590,-0.020789273619462256
41,Poland,,2020-08-13,54487,1844,37961,16284,44,1558,0.09837877671333825,0.02746566791510612,0.9725343320848939,1602,0.015301627682378194
42,Poland,,2020-08-18,57876,1896,39643,18071,52,1682,0.09595484477892756,0.029988465974625143,0.9700115340253749,1734,-0.002522798059519049
43,Poland,,2020-08-23,61762,1955,42183,20223,59,2540,0.12851703505909112,0.022701038861100423,0.9772989611388996,2599,0.007287427113524703
44,Poland,,2020-08-28,65480,2018,44785,21342,63,2602,0.12487114609689813,0.023639774859287054,0.976360225140713,2665,-0.0009387359981866128
45,Poland,,2020-09-02,68517,2078,47865,21714,60,3080,0.14460716588376163,0.01910828025477707,0.9808917197452229,3140,0.004531494604509967
46,Poland,,2020-09-07,71126,2124,55113,21183,46,7248,0.3443327196336685,0.006306553331505347,0.9936934466684947,7294,0.01280172692327175
47,Poland,,2020-09-12,73650,2182,59725,16413,58,4612,0.2845305550478279,0.012419700214132762,0.9875802997858673,4670,-0.006113146882627429
48,Poland,,2020-09-17,76571,2253,62725,14664,71,3000,0.20942444080741954,0.02311950504721589,0.9768804949527841,3071,-0.010699804833083193
49,Poland,,2020-09-22,80699,2316,64972,15721,63,2247,0.14693721773424082,0.02727272727272727,0.9727272727272728,2310,-0.004153222225511288
50,Poland,,2020-09-27,87330,2432,67904,20042,116,2932,0.15208063067558128,0.03805774278215223,0.9619422572178478,3048,-0.010785015509425011
51,Poland,,2020-10-02,95773,2570,71353,25437,138,3449,0.1410150568070134,0.03847226094229161,0.9615277390577084,3587,-0.0004145181601393766
52,Poland,,2020-10-07,107319,2792,75346,33396,222,3993,0.12621272008623788,0.052669039145907474,0.9473309608540925,4215,-0.014196778203615867
53,Poland,,2020-10-12,130210,3039,81201,52072,247,5855,0.1171838992164695,0.04047853162897411,0.9595214683710259,6102,0.012190507516933402
54,Poland,,2020-10-17,167230,3524,90162,82990,485,8961,0.11382094228220267,0.051344484437857295,0.9486555155621427,9446,-0.01086595280888325
55,Poland,,2020-10-22,214686,4019,102204,121000,495,12042,0.10361157024793388,0.03948312993539124,0.9605168700646087,12537,0.01186135450246606
56,Poland,,2020-10-27,280229,4615,119237,174006,596,17033,0.10131259841614657,0.03380793011515117,0.9661920698848488,17629,0.005675199820240118
57,Poland,,2020-11-01,379902,5783,146595,256050,1168,27358,0.11140792813903534,0.04094510271331417,0.9590548972866858,28526,-0.007137172598163044
58,Poland,,2020-11-06,493765,7287,188675,341387,1504,42080,0.12766742728926408,0.03450807635829662,0.9654919236417033,43584,0.006437026355017528
59,Poland,,2020-11-11,618813,8805,242875,422851,1518,54200,0.1317674547299167,0.02724433755698338,0.9727556624430166,55718,0.0072637388013132576
60,Poland,,2020-11-16,733788,10491,306022,482108,1686,63147,0.13447816671783086,0.026005275091388644,0.9739947249086114,64833,0.001239062465594798
61,Poland,,2020-11-21,843475,13288,407075,526962,2797,101053,0.1970730337291873,0.02693307655272027,0.9730669234472797,103850,-0.0009278014613316454
62,Poland,,2020-11-26,941112,15568,494869,520749,2280,87794,0.1729700873165383,0.025312520816217775,0.9746874791837822,90074,0.0016205557365024381
63,Poland,,2020-12-01,999924,17599,597589,489487,2031,102720,0.21400159759094725,0.019388836383423546,0.9806111636165764,104751,0.0059236844327942295
64,Poland,,2020-12-06,1063449,20089,706720,448261,2490,109131,0.2490089479120423,0.02230763028462386,0.9776923697153761,111621,-0.0029187939012003117
65,Poland,,2020-12-11,1115201,22174,815356,388392,2085,108636,0.28507538775257985,0.018831116048446093,0.9811688839515539,110721,0.0034765142361777857
66,Poland,,2020-12-16,1159901,23914,892650,322371,1740,77294,0.24516473255969054,0.02201584128349824,0.9779841587165018,79034,-0.0031847252350520883
67,Poland,,2020-12-21,1207333,25474,946017,290769,1560,53367,0.1889025308750245,0.028401332677917963,0.971598667322082,54927,-0.0063854913944197955
68,Poland,,2020-12-26,1253957,27061,992381,282466,1587,46364,0.1697584842069488,0.03309628579174574,0.9669037142082543,47951,-0.004694953113827727
69,Poland,,2020-12-31,1294878,28554,1036138,275436,1493,43757,0.16428498816421963,0.032994475138121544,0.9670055248618784,45250,0.00010181065362413477
70,Poland,,2021-01-05,1330543,29502,1078892,265851,948,42754,0.16438531357790642,0.02169237105853279,0.9783076289414672,43702,0.01130210407958876
71,Poland,,2021-01-10,1385522,31189,1123318,277128,1687,44426,0.16639603360180133,0.03658404354520417,0.9634159564547958,46113,-0.014891672486671337
72,Poland,,2021-01-15,1422320,32844,1164650,267813,1655,41332,0.16051125225437152,0.038500011631423456,0.9614999883685765,42987,-0.0019159680862192996
73,Poland,,2021-01-20,1450747,34141,1207359,253253,1297,42709,0.17376299589738325,0.029473253647229924,0.97052674635277,44006,0.0090267579841935
74,Poland,,2021-01-25,1478119,35401,1237736,236619,1260,30377,0.13370439398357697,0.039826785093403295,0.9601732149065967,31637,-0.010353531446173347
75,Poland,,2021-01-30,1508674,37082,1264574,235537,1681,26838,0.12108076438096775,0.05894316069988429,0.9410568393001157,28519,-0.01911637560648094
76,Poland,,2021-02-04,1533511,38344,1288163,231855,1262,23589,0.10718336891591727,0.05078266468150175,0.9492173353184983,24851,0.008160496018382535
77,Poland,,2021-02-09,1556685,39360,1317474,230178,1016,29311,0.13175455517034643,0.03350150031325222,0.9664984996867478,30327,0.017281164368249557
78,Poland,,2021-02-14,1588955,40807,1342031,232121,1447,24557,0.11202777861546348,0.05564528534071681,0.9443547146592832,26004,-0.022143785027464613
79,Poland,,2021-02-19,1623218,41823,1365216,240380,1016,23185,0.10067809301938598,0.04198173629188876,0.9580182637081113,24201,0.01366354904882805
80,Poland,,2021-02-24,1661109,42808,1391981,254070,985,26765,0.10922186798913686,0.035495495495495494,0.9645045045045045,27750,0.006486240796393261
81,Poland,,2021-03-01,1711772,43793,1430861,276983,985,38880,0.14392580050039172,0.024708390819014173,0.9752916091809858,39865,0.010787104676481252
82,Poland,,2021-03-06,1781345,45159,1471608,306691,1366,40747,0.13731410442432285,0.03243653978581436,0.9675634602141856,42113,-0.007728148966800186
83,Poland,,2021-03-11,1849424,46373,1516540,332657,1214,44932,0.1387194617879678,0.026307805660295582,0.9736921943397044,46146,0.006128734125518842
84,Poland,,2021-03-16,1931921,47578,1587164,369008,1205,70624,0.19465431643758402,0.01677595400186554,0.9832240459981345,71829,0.009531851658430068
85,Poland,,2021-03-21,2058550,49300,1656827,423808,1722,69663,0.1684371224705527,0.024122714856062197,0.9758772851439378,71385,-0.007346760854196721
86,Poland,,2021-03-26,2189966,51305,1747223,483839,2005,90396,0.19097468372743825,0.02169889936256101,0.978301100637439,92401,0.0024238154935012357
87,Poland,,2021-03-31,2321717,53045,1861925,523189,1740,114702,0.22256201869687628,0.014943061781831298,0.9850569382181688,116442,0.006755837580729729
88,Poland,,2021-04-05,2448463,55005,2009308,533493,1960,147383,0.2799343196630509,0.013124150445618476,0.9868758495543816,149343,0.001818911336212814
89,Poland,,2021-04-10,2552898,58176,2143065,488585,3171,133757,0.28025420346510843,0.023158156111240943,0.976841843888759,136928,-0.010034005665622514
90,Poland,,2021-04-15,2642242,60612,2238638,441001,2436,95573,0.22224212643508745,0.024854860267934577,0.9751451397320654,98009,-0.0016967041566936514
91,Poland,,2021-04-20,2704571,62734,2354652,405321,2122,116014,0.29146281589160195,0.017962348479718292,0.9820376515202817,118136,0.00689251178821626
92,Poland,,2021-04-25,2758856,65415,2439412,341470,2681,84760,0.2560722757489677,0.030660674054505323,0.9693393259454947,87441,-0.012698325574787006
93,Poland,,2021-04-30,2792142,67502,2496810,287315,2087,57398,0.207037572002854,0.03508447507775069,0.9649155249222493,59485,-0.004423801023245355
94,Poland,,2021-05-05,2811951,68482,2540684,247639,980,43874,0.18112655922532395,0.021848664556115397,0.9781513354438846,44854,0.01323581052163525
95,Poland,,2021-05-10,2835083,70034,2576034,225917,1552,35350,0.16334317470575477,0.0420573410655249,0.957942658934475,36902,-0.020208676509409496
96,Poland,,2021-05-15,2851911,71609,2595635,205843,1575,19601,0.10287452087270395,0.07437665281450699,0.925623347185493,21176,-0.03231931174898206
97,Poland,,2021-05-20,2861351,72500,2614020,194107,891,18385,0.09930605284714102,0.04622328283876323,0.9537767171612368,19276,0.028153369975743803
98,Poland,,2021-05-25,2867187,73096,2629626,180667,596,15606,0.08967880133062485,0.036785582026910256,0.9632144179730897,16202,0.009437700811852912
99,Poland,,2021-05-30,2871950,73738,2638222,169228,642,8596,0.05458907509395608,0.06949556180991556,0.9305044381900844,9238,-0.03270997978300527
100,Poland,,2021-06-04,2874411,74101,2643313,162451,363,5091,0.033573200534314965,0.06655665566556655,0.9334433443344334,5454,0.002938906144348996
101,Poland,,2021-06-09,2876289,74363,2646647,158875,262,3334,0.022634146341463414,0.0728587319243604,0.9271412680756396,3596,-0.006302076258793865
102,Poland,,2021-06-14,2877608,74574,2648859,156598,211,2212,0.015472739115442087,0.0870821295914156,0.9129178704085844,2423,-0.01422339766705516
103,Poland,,2021-06-19,2878634,74823,2650194,155201,249,1335,0.010206119805929085,0.1571969696969697,0.8428030303030303,1584,-0.07011484010555413
104,Poland,,2021-06-24,2879336,74917,2651045,154319,94,851,0.006123678872983884,0.09947089947089947,0.9005291005291005,945,0.057726070226070236
105,Poland,,2021-06-29,2879811,75005,2651759,153849,88,714,0.005212903561284116,0.10972568578553615,0.8902743142144638,802,-0.010254786314636721
106,Poland,,2021-07-04,2880270,75084,2652165,153506,79,406,0.0031594856227118158,0.16288659793814433,0.8371134020618557,485,-0.0531609121526081
107,Poland,,2021-07-09,2880670,75152,2652409,153421,68,244,0.0020336199086174642,0.21794871794871795,0.782051282051282,312,-0.055062120010573645
108,Poland,,2021-07-14,2881046,75179,2652581,153485,27,172,0.0012965436361859464,0.135678391959799,0.864321608040201,199,0.08227032598891892
109,Poland,,2021-07-19,2881491,75215,2653034,153731,36,453,0.0031808808893456753,0.0736196319018405,0.9263803680981595,489,0.06205876005795852
110,Poland,,2021-07-24,2882066,75241,2653221,153817,26,187,0.0013847624124771645,0.12206572769953052,0.8779342723004695,213,-0.04844609579768999
