Index,Region,Subregion,Stage,Confirmed,Deaths,Recovered,Stage_Confirmed,Stage_Deaths,Stage_Recovered,Stage_Treated%,Stage_Deaths%,Stage_Recovered%,Stage_Treated,Recovered_Change
8,San Marino,,2020-03-01,1,0,0,1,0,0,0.0,,,0,
9,San Marino,,2020-03-06,21,1,0,21,1,0,0.047619047619047616,1.0,0.0,1,
10,San Marino,,2020-03-11,62,2,0,61,1,0,0.01639344262295082,1.0,0.0,1,0.0
11,San Marino,,2020-03-16,109,7,4,107,5,4,0.08411214953271028,0.5555555555555556,0.4444444444444444,9,0.4444444444444444
12,San Marino,,2020-03-21,144,20,4,133,13,0,0.09774436090225563,1.0,0.0,13,-0.4444444444444444
13,San Marino,,2020-03-26,208,21,4,184,1,0,0.005434782608695652,1.0,0.0,1,0.0
14,San Marino,,2020-03-31,236,26,13,211,5,9,0.06635071090047394,0.35714285714285715,0.6428571428571429,14,0.6428571428571429
15,San Marino,,2020-04-05,266,32,35,227,6,22,0.12334801762114538,0.21428571428571427,0.7857142857142857,28,0.1428571428571428
16,San Marino,,2020-04-10,344,34,50,277,2,15,0.061371841155234655,0.11764705882352941,0.8823529411764706,17,0.09663865546218486
17,San Marino,,2020-04-15,372,36,53,288,2,3,0.017361111111111112,0.4,0.6,5,-0.2823529411764706
18,San Marino,,2020-04-20,462,39,61,373,3,8,0.029490616621983913,0.2727272727272727,0.7272727272727273,11,0.12727272727272732
19,San Marino,,2020-04-25,513,40,64,413,1,3,0.009685230024213076,0.25,0.75,4,0.022727272727272707
20,San Marino,,2020-04-30,569,41,78,465,1,14,0.03225806451612903,0.06666666666666667,0.9333333333333333,15,0.18333333333333335
21,San Marino,,2020-05-05,589,41,92,470,0,14,0.029787234042553193,0.0,1.0,14,0.06666666666666665
22,San Marino,,2020-05-10,628,41,126,495,0,34,0.06868686868686869,0.0,1.0,34,0.0
23,San Marino,,2020-05-15,652,41,189,485,0,63,0.12989690721649486,0.0,1.0,63,0.0
24,San Marino,,2020-05-20,656,41,220,426,0,31,0.07276995305164319,0.0,1.0,31,0.0
25,San Marino,,2020-05-25,666,42,270,405,1,50,0.1259259259259259,0.0196078431372549,0.9803921568627451,51,-0.019607843137254943
26,San Marino,,2020-05-30,671,42,357,359,0,87,0.24233983286908078,0.0,1.0,87,0.019607843137254943
27,San Marino,,2020-06-04,678,42,408,279,0,51,0.1827956989247312,0.0,1.0,51,0.0
28,San Marino,,2020-06-09,688,42,483,238,0,75,0.31512605042016806,0.0,1.0,75,0.0
29,San Marino,,2020-06-14,694,42,520,169,0,37,0.21893491124260356,0.0,1.0,37,0.0
30,San Marino,,2020-06-19,696,42,610,134,0,90,0.6716417910447762,0.0,1.0,90,0.0
31,San Marino,,2020-06-24,698,42,647,46,0,37,0.8043478260869565,0.0,1.0,37,0.0
32,San Marino,,2020-06-29,698,42,656,9,0,9,1.0,0.0,1.0,9,0.0
33,San Marino,,2020-07-04,698,42,656,0,0,0,,,,0,
34,San Marino,,2020-07-09,699,42,656,1,0,0,0.0,,,0,
35,San Marino,,2020-07-14,699,42,656,1,0,0,0.0,,,0,
36,San Marino,,2020-07-19,699,42,656,1,0,0,0.0,,,0,
37,San Marino,,2020-07-24,699,42,657,1,0,1,1.0,0.0,1.0,1,
38,San Marino,,2020-07-29,699,42,657,0,0,0,,,,0,
39,San Marino,,2020-08-03,699,42,657,0,0,0,,,,0,
40,San Marino,,2020-08-08,699,42,657,0,0,0,,,,0,
41,San Marino,,2020-08-13,699,42,657,0,0,0,,,,0,
42,San Marino,,2020-08-18,702,42,657,3,0,0,0.0,,,0,
43,San Marino,,2020-08-23,704,42,657,5,0,0,0.0,,,0,
44,San Marino,,2020-08-28,710,42,658,11,0,1,0.09090909090909091,0.0,1.0,1,
45,San Marino,,2020-09-02,735,42,660,35,0,2,0.05714285714285714,0.0,1.0,2,0.0
46,San Marino,,2020-09-07,716,42,660,14,0,0,0.0,,,0,
47,San Marino,,2020-09-12,722,42,662,20,0,2,0.1,0.0,1.0,2,
48,San Marino,,2020-09-17,723,42,663,19,0,1,0.05263157894736842,0.0,1.0,1,0.0
49,San Marino,,2020-09-22,723,42,669,18,0,6,0.3333333333333333,0.0,1.0,6,0.0
50,San Marino,,2020-09-27,727,42,676,16,0,7,0.4375,0.0,1.0,7,0.0
51,San Marino,,2020-10-02,732,42,680,14,0,4,0.2857142857142857,0.0,1.0,4,0.0
52,San Marino,,2020-10-07,732,42,680,10,0,0,0.0,,,0,
53,San Marino,,2020-10-12,741,42,682,19,0,2,0.10526315789473684,0.0,1.0,2,
54,San Marino,,2020-10-17,759,42,685,35,0,3,0.08571428571428572,0.0,1.0,3,0.0
55,San Marino,,2020-10-22,802,42,711,75,0,26,0.3466666666666667,0.0,1.0,26,0.0
56,San Marino,,2020-10-27,852,42,716,99,0,5,0.050505050505050504,0.0,1.0,5,0.0
57,San Marino,,2020-11-01,928,42,721,170,0,5,0.029411764705882353,0.0,1.0,5,0.0
58,San Marino,,2020-11-06,1043,42,754,280,0,33,0.11785714285714285,0.0,1.0,33,0.0
59,San Marino,,2020-11-11,1190,42,857,394,0,103,0.2614213197969543,0.0,1.0,103,0.0
60,San Marino,,2020-11-16,1290,42,920,391,0,63,0.16112531969309463,0.0,1.0,63,0.0
61,San Marino,,2020-11-21,1395,43,1082,433,1,162,0.37644341801385683,0.006134969325153374,0.9938650306748467,163,-0.006134969325153339
62,San Marino,,2020-11-26,1514,44,1231,389,1,149,0.3856041131105398,0.006666666666666667,0.9933333333333333,150,-0.0005316973415133708
63,San Marino,,2020-12-01,1650,46,1334,375,2,103,0.28,0.01904761904761905,0.9809523809523809,105,-0.012380952380952381
64,San Marino,,2020-12-06,1789,48,1412,409,2,78,0.19559902200489,0.025,0.975,80,-0.005952380952380931
65,San Marino,,2020-12-11,1908,50,1555,448,2,143,0.3236607142857143,0.013793103448275862,0.9862068965517241,145,0.011206896551724133
66,San Marino,,2020-12-16,2025,54,1694,420,4,139,0.3404761904761905,0.027972027972027972,0.972027972027972,143,-0.014178924523752134
67,San Marino,,2020-12-21,2135,55,1767,387,1,73,0.19121447028423771,0.013513513513513514,0.9864864864864865,74,0.014458514458514538
68,San Marino,,2020-12-26,2231,56,1863,409,1,96,0.2371638141809291,0.010309278350515464,0.9896907216494846,97,0.003204235162998059
69,San Marino,,2020-12-31,2428,59,2042,509,3,179,0.3575638506876228,0.016483516483516484,0.9835164835164835,182,-0.006174238133001109
70,San Marino,,2021-01-05,2549,62,2158,448,3,116,0.265625,0.025210084033613446,0.9747899159663865,119,-0.00872656755009693
71,San Marino,,2021-01-10,2628,64,2220,408,2,62,0.1568627450980392,0.03125,0.96875,64,-0.006039915966386533
72,San Marino,,2021-01-15,2767,65,2430,483,1,210,0.43685300207039335,0.004739336492890996,0.995260663507109,211,0.026510663507108956
73,San Marino,,2021-01-20,2815,65,2548,320,0,118,0.36875,0.0,1.0,118,0.004739336492891044
74,San Marino,,2021-01-25,2889,65,2628,276,0,80,0.2898550724637681,0.0,1.0,80,0.0
75,San Marino,,2021-01-30,2996,65,2695,303,0,67,0.22112211221122113,0.0,1.0,67,0.0
76,San Marino,,2021-02-04,3111,68,2774,351,3,79,0.2336182336182336,0.036585365853658534,0.9634146341463414,82,-0.03658536585365857
77,San Marino,,2021-02-09,3187,71,2886,345,3,112,0.3333333333333333,0.02608695652173913,0.9739130434782609,115,0.010498409331919478
78,San Marino,,2021-02-14,3278,72,2956,321,1,70,0.22118380062305296,0.014084507042253521,0.9859154929577465,71,0.012002449479485588
79,San Marino,,2021-02-19,3440,72,3070,412,0,114,0.2766990291262136,0.0,1.0,114,0.014084507042253502
80,San Marino,,2021-02-24,3585,73,3195,443,1,125,0.28442437923250563,0.007936507936507936,0.9920634920634921,126,-0.007936507936507908
81,San Marino,,2021-03-01,3746,74,3276,478,1,81,0.17154811715481172,0.012195121951219513,0.9878048780487805,82,-0.004258614014711615
82,San Marino,,2021-03-06,3922,76,3426,572,2,150,0.26573426573426573,0.013157894736842105,0.9868421052631579,152,-0.0009627727856226231
83,San Marino,,2021-03-11,4062,77,3511,560,1,85,0.15357142857142858,0.011627906976744186,0.9883720930232558,86,0.0015299877600979395
84,San Marino,,2021-03-16,4204,77,3691,616,0,180,0.2922077922077922,0.0,1.0,180,0.011627906976744207
85,San Marino,,2021-03-21,4356,79,3805,588,2,114,0.19727891156462585,0.017241379310344827,0.9827586206896551,116,-0.017241379310344862
86,San Marino,,2021-03-26,4547,84,3947,663,5,142,0.22171945701357465,0.034013605442176874,0.9659863945578231,147,-0.016772226131832046
87,San Marino,,2021-03-31,4730,84,4128,699,0,181,0.25894134477825465,0.0,1.0,181,0.03401360544217691
88,San Marino,,2021-04-05,4775,84,4170,563,0,42,0.07460035523978685,0.0,1.0,42,0.0
89,San Marino,,2021-04-10,4956,85,4477,702,1,307,0.43874643874643876,0.003246753246753247,0.9967532467532467,308,-0.0032467532467532756
90,San Marino,,2021-04-15,5010,86,4671,448,1,194,0.43526785714285715,0.005128205128205128,0.9948717948717949,195,-0.0018814518814518344
91,San Marino,,2021-04-20,5040,88,4755,283,2,84,0.303886925795053,0.023255813953488372,0.9767441860465116,86,-0.018127608825283303
92,San Marino,,2021-04-25,5047,89,4839,204,1,84,0.4166666666666667,0.011764705882352941,0.9882352941176471,85,0.011491108071135514
93,San Marino,,2021-04-30,5066,90,4917,138,1,78,0.572463768115942,0.012658227848101266,0.9873417721518988,79,-0.0008935219657483229
94,San Marino,,2021-05-05,5067,90,4935,60,0,18,0.3,0.0,1.0,18,0.012658227848101222
95,San Marino,,2021-05-10,5083,90,4968,58,0,33,0.5689655172413793,0.0,1.0,33,0.0
96,San Marino,,2021-05-15,5083,90,4968,25,0,0,0.0,,,0,
97,San Marino,,2021-05-20,5087,90,4974,29,0,6,0.20689655172413793,0.0,1.0,6,
98,San Marino,,2021-05-25,5089,90,4995,25,0,21,0.84,0.0,1.0,21,0.0
99,San Marino,,2021-05-30,5089,90,4995,4,0,0,0.0,,,0,
100,San Marino,,2021-06-04,5090,90,4998,5,0,3,0.6,0.0,1.0,3,
101,San Marino,,2021-06-09,5090,90,4998,2,0,0,0.0,,,0,
102,San Marino,,2021-06-14,5090,90,4999,2,0,1,0.5,0.0,1.0,1,
103,San Marino,,2021-06-19,5090,90,4999,1,0,0,0.0,,,0,
104,San Marino,,2021-06-24,5090,90,5000,1,0,1,1.0,0.0,1.0,1,
105,San Marino,,2021-06-29,5091,90,5000,1,0,0,0.0,,,0,
106,San Marino,,2021-07-04,5091,90,5000,1,0,0,0.0,,,0,
107,San Marino,,2021-07-09,5092,90,5002,2,0,2,1.0,0.0,1.0,2,
108,San Marino,,2021-07-14,5094,90,5002,2,0,0,0.0,,,0,
109,San Marino,,2021-07-19,5099,90,5002,7,0,0,0.0,,,0,
110,San Marino,,2021-07-24,5099,90,5002,7,0,0,0.0,,,0,
111,San Marino,,2021-07-29,5130,90,5005,38,0,3,0.07894736842105263,0.0,1.0,3,
112,San Marino,,2021-08-03,5147,90,5009,52,0,4,0.07692307692307693,0.0,1.0,4,0.0
113,San Marino,,2021-08-04,5147,90,5009,48,0,0,0.0,,,0,
