Index,Region,Subregion,Stage,Confirmed,Deaths,Recovered,Stage_Confirmed,Stage_Deaths,Stage_Recovered,Stage_Treated%,Stage_Deaths%,Stage_Recovered%,Stage_Treated,Recovered_Change
3,Spain,,2020-02-05,1,0,0,1,0,0,0.0,,,0,
4,Spain,,2020-02-10,2,0,0,2,0,0,0.0,,,0,
5,Spain,,2020-02-15,2,0,2,2,0,2,1.0,0.0,1.0,2,
6,Spain,,2020-02-20,2,0,2,0,0,0,,,,0,
7,Spain,,2020-02-25,6,0,2,4,0,0,0.0,,,0,
8,Spain,,2020-03-01,84,0,2,82,0,0,0.0,,,0,
9,Spain,,2020-03-06,400,5,2,398,5,0,0.01256281407035176,1.0,0.0,5,
10,Spain,,2020-03-11,2277,54,183,2270,49,181,0.1013215859030837,0.21304347826086956,0.7869565217391304,230,0.7869565217391304
11,Spain,,2020-03-16,9942,342,530,9705,288,347,0.06543019062339,0.45354330708661417,0.5464566929133858,635,-0.2404998288257446
12,Spain,,2020-03-21,25374,1375,2125,24502,1033,1595,0.10725655048567465,0.3930745814307458,0.6069254185692542,2628,0.06046872565586836
13,Spain,,2020-03-26,57786,4365,7015,54286,2990,4890,0.14515713075194342,0.37944162436548223,0.6205583756345178,7880,0.013632957065263573
14,Spain,,2020-03-31,95923,8464,19259,84543,4099,12244,0.19330991329855812,0.2508107446613229,0.7491892553386771,16343,0.12863087970415932
15,Spain,,2020-04-05,131646,12641,38080,103923,4177,18821,0.2212984613608152,0.18162448908600748,0.8183755109139925,22998,0.06918625557531544
16,Spain,,2020-04-10,158273,16081,55668,107552,3440,17588,0.19551472775959536,0.1635914019402701,0.8364085980597299,21028,0.01803308714573737
17,Spain,,2020-04-15,177644,18708,70853,105895,2627,15185,0.16820435336890316,0.14748484167976644,0.8525151583202335,17812,0.01610656026050361
18,Spain,,2020-04-20,200210,20852,80587,110649,2144,9734,0.10734846225451654,0.18050176797440648,0.8194982320255936,11878,-0.033016926294639926
19,Spain,,2020-04-25,223759,22902,95708,122320,2050,15121,0.14037769784172663,0.11938733911828082,0.8806126608817192,17171,0.06111442885612561
20,Spain,,2020-04-30,213435,24543,112050,94825,1641,16342,0.1896440812022146,0.09125284991380749,0.9087471500861926,17983,0.028134489204473367
21,Spain,,2020-05-05,219329,25613,123486,82736,1070,11436,0.1511554824985496,0.08555893171277787,0.9144410682872222,12506,0.005693918201029602
22,Spain,,2020-05-10,224350,26621,136166,75251,1008,12680,0.18189791497787405,0.07364114552893045,0.9263588544710696,13688,0.011917786183847423
23,Spain,,2020-05-15,230183,27459,144783,67396,838,8617,0.14029022493916554,0.08863035430988894,0.911369645690111,9455,-0.014989208780958552
24,Spain,,2020-05-20,232555,27888,150376,60313,429,5593,0.09984580438711389,0.07123879109930256,0.9287612089006975,6022,0.017391563210586436
25,Spain,,2020-05-25,235400,26834,150376,57136,-1054,0,-0.018447213665639877,1.0,-0.0,-1054,-0.9287612089006975
26,Spain,,2020-05-30,239228,27125,150376,62018,291,0,0.0046921861395078845,1.0,0.0,291,0.0
27,Spain,,2020-06-04,240660,27133,150376,63159,8,0,0.00012666445003879097,1.0,0.0,8,0.0
28,Spain,,2020-06-09,241966,27136,150376,64457,3,0,4.654265634453977e-05,1.0,0.0,3,0.0
29,Spain,,2020-06-14,243928,27136,150376,66416,0,0,0.0,,,0,
30,Spain,,2020-06-19,245575,28315,150376,68063,1179,0,0.017322186797525823,1.0,0.0,1179,
31,Spain,,2020-06-24,247086,28327,150376,68395,12,0,0.0001754514218875649,1.0,0.0,12,0.0
32,Spain,,2020-06-29,248970,28346,150376,70267,19,0,0.000270397199254273,1.0,0.0,19,0.0
33,Spain,,2020-07-04,250545,28385,150376,71823,39,0,0.000543001545465937,1.0,0.0,39,0.0
34,Spain,,2020-07-09,253056,28401,150376,74295,16,0,0.0002153576956726563,1.0,0.0,16,0.0
35,Spain,,2020-07-14,256619,28409,150376,77842,8,0,0.00010277228231545951,1.0,0.0,8,0.0
36,Spain,,2020-07-19,260255,28420,150376,81470,11,0,0.0001350190254081257,1.0,0.0,11,0.0
37,Spain,,2020-07-24,272421,28432,150376,93625,12,0,0.00012817089452603472,1.0,0.0,12,0.0
38,Spain,,2020-07-29,282641,28441,150376,103833,9,0,8.667764583513912e-05,1.0,0.0,9,0.0
39,Spain,,2020-08-03,297054,28472,150376,118237,31,0,0.00026218527195378773,1.0,0.0,31,0.0
40,Spain,,2020-08-08,314362,28503,150376,135514,31,0,0.00022875865224257272,1.0,0.0,31,0.0
41,Spain,,2020-08-13,337334,28605,150376,158455,102,0,0.0006437158814805465,1.0,0.0,102,0.0
42,Spain,,2020-08-18,364196,28670,150376,185215,65,0,0.0003509434980968064,1.0,0.0,65,0.0
43,Spain,,2020-08-23,386054,28838,150376,207008,168,0,0.0008115628381511825,1.0,0.0,168,0.0
44,Spain,,2020-08-28,439286,29011,150376,260072,173,0,0.000665200406041404,1.0,0.0,173,0.0
45,Spain,,2020-09-02,479554,29194,150376,300167,183,0,0.0006096606222536122,1.0,0.0,183,0.0
46,Spain,,2020-09-07,525549,29516,150376,345979,322,0,0.0009306923252567353,1.0,0.0,322,0.0
47,Spain,,2020-09-12,566326,29747,150376,386434,231,0,0.0005977734878400969,1.0,0.0,231,0.0
48,Spain,,2020-09-17,625651,30405,150376,445528,658,0,0.0014768993194591586,1.0,0.0,658,0.0
49,Spain,,2020-09-22,682267,30904,150376,501486,499,0,0.0009950427329975314,1.0,0.0,499,0.0
50,Spain,,2020-09-27,716481,31232,150376,535201,328,0,0.0006128538623806757,1.0,0.0,328,0.0
51,Spain,,2020-10-02,789932,32086,150376,608324,854,0,0.0014038571550686804,1.0,0.0,854,0.0
52,Spain,,2020-10-07,835901,32562,150376,653439,476,0,0.0007284536123494313,1.0,0.0,476,0.0
53,Spain,,2020-10-12,888968,33124,150376,706030,562,0,0.0007960001699644491,1.0,0.0,562,0.0
54,Spain,,2020-10-17,936560,33775,150376,753060,651,0,0.0008644729503625209,1.0,0.0,651,0.0
55,Spain,,2020-10-22,1026281,34521,150376,842130,746,0,0.0008858489781862658,1.0,0.0,746,0.0
56,Spain,,2020-10-27,1116738,35298,150376,931841,777,0,0.0008338332397909086,1.0,0.0,777,0.0
57,Spain,,2020-11-01,1185678,35878,150376,1000004,580,0,0.00057999768000928,1.0,0.0,580,0.0
58,Spain,,2020-11-06,1328832,38833,150376,1142578,2955,0,0.0025862566931973132,1.0,0.0,2955,0.0
59,Spain,,2020-11-11,1417709,40105,150376,1228500,1272,0,0.0010354090354090355,1.0,0.0,1272,0.0
60,Spain,,2020-11-16,1496864,41253,150376,1306383,1148,0,0.0008787622006716254,1.0,0.0,1148,0.0
61,Spain,,2020-11-21,1556730,42619,150376,1365101,1366,0,0.0010006585593300423,1.0,0.0,1366,0.0
62,Spain,,2020-11-26,1617355,44374,150376,1424360,1755,0,0.001232132326097335,1.0,0.0,1755,0.0
63,Spain,,2020-12-01,1656444,45511,150376,1461694,1137,0,0.0007778645872528724,1.0,0.0,1137,0.0
64,Spain,,2020-12-06,1684647,46252,150376,1488760,741,0,0.0004977296542088718,1.0,0.0,741,0.0
65,Spain,,2020-12-11,1730575,47624,150376,1533947,1372,0,0.000894424644397753,1.0,0.0,1372,0.0
66,Spain,,2020-12-12,1730575,47624,150376,1532575,0,0,0.0,,,0,
