Index,Region,Subregion,Stage,Confirmed,Deaths,Recovered,Stage_Confirmed,Stage_Deaths,Stage_Recovered,Stage_Treated%,Stage_Deaths%,Stage_Recovered%,Stage_Treated,Recovered_Change
13,Japan,Okinawa,2020-05-30,145,6,137,145,6,137,0.9862068965517241,0.04195804195804196,0.958041958041958,143,
14,Japan,Okinawa,2020-06-09,145,6,139,2,0,2,1.0,0.0,1.0,2,0.04195804195804198
15,Japan,Okinawa,2020-06-19,145,7,139,0,1,0,,1.0,0.0,1,-1.0
16,Japan,Okinawa,2020-06-29,145,7,138,-1,0,-1,1.0,-0.0,1.0,-1,1.0
17,Japan,Okinawa,2020-07-09,148,7,139,3,0,1,0.3333333333333333,0.0,1.0,1,0.0
18,Japan,Okinawa,2020-07-19,152,7,141,6,0,2,0.3333333333333333,0.0,1.0,2,0.0
19,Japan,Okinawa,2020-07-29,278,7,145,130,0,4,0.03076923076923077,0.0,1.0,4,0.0
20,Japan,Okinawa,2020-08-08,976,7,337,824,0,192,0.23300970873786409,0.0,1.0,192,0.0
21,Japan,Okinawa,2020-08-18,1692,14,1092,1348,7,755,0.5652818991097923,0.009186351706036745,0.9908136482939632,762,-0.009186351706036766
22,Japan,Okinawa,2020-08-28,2060,26,1564,954,12,472,0.5073375262054507,0.024793388429752067,0.9752066115702479,484,-0.015607036723715328
23,Japan,Okinawa,2020-09-07,2248,36,1847,658,10,283,0.4452887537993921,0.034129692832764506,0.9658703071672355,293,-0.009336304403012363
24,Japan,Okinawa,2020-09-17,2315,45,2094,432,9,247,0.5925925925925926,0.03515625,0.96484375,256,-0.0010265571672355422
25,Japan,Okinawa,2020-09-27,2437,46,2213,298,1,119,0.40268456375838924,0.008333333333333333,0.9916666666666667,120,0.026822916666666696
26,Japan,Okinawa,2020-10-07,2668,47,2344,409,1,131,0.32273838630806845,0.007575757575757576,0.9924242424242424,132,0.0007575757575757347
27,Japan,Okinawa,2020-10-17,2894,54,2547,503,7,203,0.41749502982107356,0.03333333333333333,0.9666666666666667,210,-0.025757575757575757
28,Japan,Okinawa,2020-10-27,3220,58,2784,619,4,237,0.3893376413570275,0.016597510373443983,0.983402489626556,241,0.01673582295988929
29,Japan,Okinawa,2020-11-06,3459,64,3082,617,6,298,0.49270664505672607,0.019736842105263157,0.9802631578947368,304,-0.0031393317318191283
30,Japan,Okinawa,2020-11-16,3771,66,3369,625,2,287,0.4624,0.006920415224913495,0.9930795847750865,289,0.012816426880349674
31,Japan,Okinawa,2020-11-26,4137,70,3691,702,4,322,0.46438746438746437,0.012269938650306749,0.9877300613496932,326,-0.005349523425393299
32,Japan,Okinawa,2020-12-06,4577,76,4050,816,6,359,0.44730392156862747,0.01643835616438356,0.9835616438356164,365,-0.0041684175140768165
33,Japan,Okinawa,2020-12-16,4886,80,4386,760,4,336,0.4473684210526316,0.011764705882352941,0.9882352941176471,340,0.004673650282030706
34,Japan,Okinawa,2020-12-26,5182,83,4746,716,3,360,0.5069832402234636,0.008264462809917356,0.9917355371900827,363,0.0035002430724355715
35,Japan,Okinawa,2021-01-05,5554,84,5053,725,1,307,0.42482758620689653,0.003246753246753247,0.9967532467532467,308,0.005017709563164052
36,Japan,Okinawa,2021-01-15,6196,87,5457,1059,3,404,0.3843248347497639,0.007371007371007371,0.9926289926289926,407,-0.004124254124254101
37,Japan,Okinawa,2021-01-25,7073,91,6032,1529,4,575,0.3786788750817528,0.0069084628670120895,0.9930915371329879,579,0.0004625445039952991
38,Japan,Okinawa,2021-02-04,7767,93,6877,1644,2,845,0.5152068126520681,0.0023612750885478157,0.9976387249114522,847,0.004547187778464301
39,Japan,Okinawa,2021-02-14,8015,102,7449,1045,9,572,0.5559808612440191,0.01549053356282272,0.9845094664371773,581,-0.01312925847427493
40,Japan,Okinawa,2021-02-24,8149,115,7718,598,13,269,0.47157190635451507,0.04609929078014184,0.9539007092198581,282,-0.03060875721731915
41,Japan,Okinawa,2021-03-06,8334,121,7887,501,6,169,0.34930139720558884,0.03428571428571429,0.9657142857142857,175,0.011813576494427602
42,Japan,Okinawa,2021-03-16,8574,123,8100,566,2,213,0.37985865724381623,0.009302325581395349,0.9906976744186047,215,0.024983388704318932
43,Japan,Okinawa,2021-03-26,9113,128,8372,890,5,272,0.3112359550561798,0.018050541516245487,0.9819494584837545,277,-0.008748215934850201
44,Japan,Okinawa,2021-04-05,9978,130,8927,1478,2,555,0.37686062246278756,0.003590664272890485,0.9964093357271095,557,0.014459877243355068
45,Japan,Okinawa,2021-04-15,11174,131,9660,2117,1,733,0.34671705243268774,0.0013623978201634877,0.9986376021798365,734,0.0022282664527270013
46,Japan,Okinawa,2021-04-25,12182,134,10653,2391,3,993,0.41656210790464243,0.0030120481927710845,0.9969879518072289,996,-0.0016496503726076694
47,Japan,Okinawa,2021-05-05,12825,138,11582,2038,4,929,0.457801766437684,0.004287245444801715,0.9957127545551983,933,-0.0012751972520306243
48,Japan,Okinawa,2021-05-15,13839,142,12130,2119,4,548,0.26050023596035865,0.007246376811594203,0.9927536231884058,552,-0.002959131366792489
49,Japan,Okinawa,2021-05-25,15499,149,13260,3227,7,1130,0.3523396343352959,0.006156552330694811,0.9938434476693052,1137,0.0010898244808994484
50,Japan,Okinawa,2021-06-04,18113,154,14907,4704,5,1647,0.35119047619047616,0.003026634382566586,0.9969733656174334,1652,0.0031299179481282247
51,Japan,Okinawa,2021-06-14,19620,164,17129,4559,10,2222,0.4895810484755429,0.004480286738351254,0.9955197132616488,2232,-0.0014536523557846515
52,Japan,Okinawa,2021-06-24,20472,176,18659,3179,12,1530,0.4850581944007549,0.007782101167315175,0.9922178988326849,1542,-0.003301814428963934
53,Japan,Okinawa,2021-07-04,21099,192,19839,2264,16,1180,0.5282685512367491,0.013377926421404682,0.9866220735785953,1196,-0.005595825254089526
54,Japan,Okinawa,2021-07-14,21607,212,20662,1576,20,823,0.5348984771573604,0.02372479240806643,0.9762752075919335,843,-0.01034686598666179
55,Japan,Okinawa,2021-07-24,22604,229,21188,1730,17,526,0.3138728323699422,0.03130755064456722,0.9686924493554327,543,-0.007582758236500786
56,Japan,Okinawa,2021-07-31,24843,237,21858,3426,8,670,0.1978984238178634,0.011799410029498525,0.9882005899705014,678,0.01950814061506867
