Index,Region,Subregion,Stage,Confirmed,Deaths,Recovered,Stage_Confirmed,Stage_Deaths,Stage_Recovered,Stage_Treated%,Stage_Deaths%,Stage_Recovered%,Stage_Treated,Recovered_Change
6,Brazil,Amazonas,2020-05-20,23704,1561,0,23704,1561,0,0.06585386432669592,1.0,0.0,1561,
7,Brazil,Amazonas,2020-06-09,51234,2315,39586,49673,754,39586,0.812111207295714,0.018691125433812593,0.9813088745661874,40340,0.9813088745661874
8,Brazil,Amazonas,2020-06-29,69893,2792,56634,27992,477,17048,0.6260717347813661,0.027218259629101283,0.9727817403708987,17525,-0.008527134195288721
9,Brazil,Amazonas,2020-07-19,90913,3149,76009,31487,357,19375,0.6266713246736748,0.018092438678289073,0.981907561321711,19732,0.009125820950812269
10,Brazil,Amazonas,2020-08-08,106428,3364,90148,27270,215,14139,0.5263659699303264,0.01497840323254842,0.9850215967674516,14354,0.003114035445740626
11,Brazil,Amazonas,2020-08-28,118844,3629,100239,25332,265,10091,0.408810990052108,0.025589030513711856,0.9744109694862881,10356,-0.010610627281163465
12,Brazil,Amazonas,2020-09-17,129501,3931,108692,25633,302,8453,0.34155190574649863,0.034494574528840666,0.9655054254711594,8755,-0.008905544015128775
13,Brazil,Amazonas,2020-10-07,144492,4202,120012,31869,271,11320,0.36370767830807366,0.023380208782676215,0.9766197912173238,11591,0.011114365746164423
14,Brazil,Amazonas,2020-10-27,158718,4478,134453,34504,276,14441,0.4265302573614653,0.018753822110484472,0.9812461778895155,14717,0.004626386672191729
15,Brazil,Amazonas,2020-11-16,169552,4700,145075,30621,222,10622,0.3541360504229124,0.020472150497971228,0.9795278495020288,10844,-0.001718328387486756
16,Brazil,Amazonas,2020-12-06,182668,4951,156395,32893,251,11320,0.3517769738242179,0.021692161438077954,0.978307838561922,11571,-0.0012200109401067083
17,Brazil,Amazonas,2020-12-26,196007,5173,167338,34661,222,10943,0.32211996191685177,0.01988356471115092,0.9801164352888491,11165,0.0018085967269270142
18,Brazil,Amazonas,2021-01-15,226511,6043,185989,54000,870,18651,0.3615,0.04456738896572921,0.9554326110342708,19521,-0.024683824254578268
19,Brazil,Amazonas,2021-02-04,276551,8716,232091,84519,2673,46102,0.5770891752150404,0.05480266529984623,0.9451973347001538,48775,-0.010235276334117027
20,Brazil,Amazonas,2021-02-24,310919,10642,263580,70112,1926,31489,0.4765945915107257,0.05763878497680682,0.9423612150231931,33415,-0.0028361196769606245
21,Brazil,Amazonas,2021-03-16,333608,11623,283807,59386,981,20227,0.3571212070184892,0.046256129762353826,0.9537438702376462,21208,0.01138265521445303
22,Brazil,Amazonas,2021-04-05,352976,12107,301338,57546,484,17531,0.3130539047023251,0.026866500138773244,0.9731334998612268,18015,0.019389629623580595
23,Brazil,Amazonas,2021-04-25,367713,12517,314201,54268,410,12863,0.24458244269182575,0.030889776237474572,0.9691102237625254,13273,-0.004023276098701345
24,Brazil,Amazonas,2021-05-15,378645,12824,323054,51927,307,8853,0.17640148670248618,0.03351528384279476,0.9664847161572052,9160,-0.0026255076053202098
25,Brazil,Amazonas,2021-06-04,388750,13042,331906,52872,218,8852,0.17154637615372975,0.024035281146637267,0.9759647188533628,9070,0.009480002696157563
26,Brazil,Amazonas,2021-06-10,391858,13119,334812,46910,77,2906,0.06358985290982733,0.025812939993295342,0.9741870600067046,2983,-0.0017776588466581478
