Index,Region,Subregion,Stage,Confirmed,Deaths,Recovered,Stage_Confirmed,Stage_Deaths,Stage_Recovered,Stage_Treated%,Stage_Deaths%,Stage_Recovered%,Stage_Treated,Recovered_Change
6,Brazil,Para,2020-05-20,18135,1633,0,18135,1633,0,0.09004687069203199,1.0,0.0,1633,
7,Brazil,Para,2020-06-09,59148,3853,46694,57515,2220,46694,0.8504564026775624,0.0453857791225416,0.9546142208774584,48914,0.9546142208774584
8,Brazil,Para,2020-06-29,101207,4870,88719,50660,1017,42025,0.8496249506514015,0.023628084196831003,0.976371915803169,43042,0.021757694925710558
9,Brazil,Para,2020-07-19,137484,5523,122988,43895,653,34269,0.7955803622280442,0.018698814500887694,0.9813011854991123,34922,0.004929269695943317
10,Brazil,Para,2020-08-08,167099,5871,152206,38588,348,29218,0.7661967451021042,0.011770276669146993,0.988229723330853,29566,0.006928537831740744
11,Brazil,Para,2020-08-28,196874,6106,181933,38797,235,29727,0.7722762069232157,0.007843268139643549,0.9921567318603565,29962,0.003927008529503451
12,Brazil,Para,2020-09-17,218458,6421,203240,30419,315,21307,0.7108057464084947,0.014568495051336602,0.9854315049486634,21622,-0.006725226911693083
13,Brazil,Para,2020-10-07,235948,6623,220722,26287,202,17482,0.6727279643930459,0.011422755032798009,0.988577244967202,17684,0.003145740018538623
14,Brazil,Para,2020-10-27,249235,6729,232853,21890,106,12131,0.5590223846505253,0.008662253820380812,0.9913377461796192,12237,0.0027605012124172212
15,Brazil,Para,2020-11-16,261899,6832,245316,22317,103,12463,0.5630685127929381,0.00819672131147541,0.9918032786885246,12566,0.000465532508905353
16,Brazil,Para,2020-12-06,275049,6950,256661,22901,118,11345,0.5005458276931138,0.01029398935706185,0.9897060106429382,11463,-0.002097268045586409
17,Brazil,Para,2020-12-26,289795,7124,271445,26184,174,14784,0.5712648945921174,0.011632571199358203,0.9883674288006418,14958,-0.0013385818422964046
18,Brazil,Para,2021-01-15,307520,7376,287884,28951,252,16439,0.5765258540292217,0.015097956982805104,0.9849020430171949,16691,-0.003465385783446906
19,Brazil,Para,2021-02-04,334704,7695,313763,39444,319,25879,0.6641821316296521,0.012176502023055195,0.9878234979769448,26198,0.002921454959749936
20,Brazil,Para,2021-02-24,359289,8383,337215,37831,688,23452,0.6381010282572493,0.028500414250207124,0.9714995857497929,24140,-0.016323912227151904
21,Brazil,Para,2021-03-16,385536,9427,361711,39938,1044,24496,0.6394912113776353,0.0408770555990603,0.9591229444009397,25540,-0.01237664134885319
22,Brazil,Para,2021-04-05,423691,10778,394451,52553,1351,32740,0.6486975053755256,0.039629227655392917,0.9603707723446071,34091,0.0012478279436674011
23,Brazil,Para,2021-04-25,462843,12504,432186,57614,1726,37735,0.6849203318637831,0.04373938825675984,0.9562606117432402,39461,-0.00411016060136693
24,Brazil,Para,2021-05-15,496924,13886,459021,52234,1382,26835,0.5402036987402841,0.048977566715100826,0.9510224332848992,28217,-0.0052381784583409585
25,Brazil,Para,2021-06-04,522054,14646,485053,49147,760,26032,0.5451400899342788,0.028366676619886535,0.9716333233801134,26792,0.020610890095214218
26,Brazil,Para,2021-06-24,547228,15323,508732,47529,677,23679,0.512445033558459,0.027796025619970438,0.9722039743800296,24356,0.0005706509999161558
27,Brazil,Para,2021-07-14,563426,15754,526907,39371,431,18175,0.47258134159660664,0.023164570568633774,0.9768354294313663,18606,0.004631455051336664
28,Brazil,Para,2021-08-03,572988,16068,532923,30327,314,6016,0.2087248986052033,0.04960505529225909,0.9503949447077409,6330,-0.026440484723625368
29,Brazil,Para,2021-08-04,573746,16101,532923,24755,33,0,0.001333064027469198,1.0,0.0,33,-0.9503949447077409
