Index,Region,Subregion,Stage,Confirmed,Deaths,Recovered,Stage_Confirmed,Stage_Deaths,Stage_Recovered,Stage_Treated%,Stage_Deaths%,Stage_Recovered%,Stage_Treated,Recovered_Change
12,Italy,Abruzzo,2020-05-20,3205,389,1499,3205,389,1499,0.5890795631825273,0.20603813559322035,0.7939618644067796,1888,
13,Italy,Abruzzo,2020-05-30,3237,404,2063,1349,15,564,0.42920681986656783,0.025906735751295335,0.9740932642487047,579,0.18013139984192506
14,Italy,Abruzzo,2020-06-09,3266,451,2248,799,47,185,0.2903629536921151,0.2025862068965517,0.7974137931034483,232,-0.1766794711452564
15,Italy,Abruzzo,2020-06-19,3280,459,2414,581,8,166,0.29948364888123924,0.04597701149425287,0.9540229885057471,174,0.15660919540229878
16,Italy,Abruzzo,2020-06-29,3287,462,2543,414,3,129,0.3188405797101449,0.022727272727272728,0.9772727272727273,132,0.02324973876698022
17,Italy,Abruzzo,2020-07-09,3318,464,2707,313,2,164,0.5303514376996805,0.012048192771084338,0.9879518072289156,166,0.010679079956188331
18,Italy,Abruzzo,2020-07-19,3336,468,2751,165,4,44,0.2909090909090909,0.08333333333333333,0.9166666666666666,48,-0.071285140562249
19,Italy,Abruzzo,2020-07-29,3373,472,2792,154,4,41,0.2922077922077922,0.08888888888888889,0.9111111111111111,45,-0.005555555555555536
20,Italy,Abruzzo,2020-08-08,3486,472,2817,222,0,25,0.11261261261261261,0.0,1.0,25,0.0888888888888889
21,Italy,Abruzzo,2020-08-18,3570,472,2840,281,0,23,0.08185053380782918,0.0,1.0,23,0.0
22,Italy,Abruzzo,2020-08-28,3725,472,2870,413,0,30,0.07263922518159806,0.0,1.0,30,0.0
23,Italy,Abruzzo,2020-09-07,3906,472,2914,564,0,44,0.07801418439716312,0.0,1.0,44,0.0
24,Italy,Abruzzo,2020-09-17,4083,473,2978,697,1,64,0.09325681492109039,0.015384615384615385,0.9846153846153847,65,-0.01538461538461533
25,Italy,Abruzzo,2020-09-27,4380,478,3040,929,5,62,0.0721205597416577,0.07462686567164178,0.9253731343283582,67,-0.059242250287026454
26,Italy,Abruzzo,2020-10-07,4715,485,3132,1197,7,92,0.08270676691729323,0.0707070707070707,0.9292929292929293,99,0.003919794964571066
27,Italy,Abruzzo,2020-10-17,5973,493,3186,2356,8,54,0.02631578947368421,0.12903225806451613,0.8709677419354839,62,-0.05832518735744541
28,Italy,Abruzzo,2020-10-27,8759,532,3618,5080,39,432,0.09271653543307086,0.08280254777070063,0.9171974522292994,471,0.04622971029381551
29,Italy,Abruzzo,2020-11-06,13505,584,4340,9355,52,722,0.08273650454302511,0.06718346253229975,0.9328165374677002,774,0.015619085238400832
30,Italy,Abruzzo,2020-11-16,19823,690,5634,14899,106,1294,0.09396603798912678,0.07571428571428572,0.9242857142857143,1400,-0.008530823181985947
31,Italy,Abruzzo,2020-11-26,26015,851,7830,19691,161,2196,0.11969935503529532,0.06830717013152313,0.9316928298684769,2357,0.007407115582762636
32,Italy,Abruzzo,2020-12-06,30274,980,12206,21593,129,4376,0.20863242717547353,0.028634850166481686,0.9713651498335183,4505,0.03967231996504139
33,Italy,Abruzzo,2020-12-16,32630,1084,17560,19444,104,5354,0.28070355893849,0.01905459875412239,0.9809454012458776,5458,0.009580251412359297
34,Italy,Abruzzo,2020-12-26,34471,1167,21419,15827,83,3859,0.24906804827194035,0.021055301877219684,0.9789446981227803,3942,-0.0020007031230973027
35,Italy,Abruzzo,2021-01-05,36287,1252,23941,13701,85,2522,0.1902780818918327,0.032604526275412354,0.9673954737245877,2607,-0.011549224398192615
36,Italy,Abruzzo,2021-01-15,38834,1311,26276,13641,59,2335,0.17550032988783815,0.024644945697577275,0.9753550543024228,2394,0.00795958057783508
37,Italy,Abruzzo,2021-01-25,40955,1418,29341,13368,107,3065,0.23728306403351287,0.03373266078184111,0.9662673392181589,3172,-0.00908771508426387
38,Italy,Abruzzo,2021-02-04,44189,1488,32458,13430,70,3117,0.23730454206999255,0.021964229683087543,0.9780357703169125,3187,0.011768431098753585
39,Italy,Abruzzo,2021-02-14,47771,1563,34560,13825,75,2102,0.15746835443037974,0.034451079467156635,0.9655489205328434,2177,-0.01248684978406911
40,Italy,Abruzzo,2021-02-24,52299,1662,37917,16176,99,3357,0.21364985163204747,0.028645833333333332,0.9713541666666666,3456,0.005805246133823272
41,Italy,Abruzzo,2021-03-06,56944,1791,42046,17365,129,4129,0.24520587388424991,0.030295913574448097,0.969704086425552,4258,-0.001650080241114682
42,Italy,Abruzzo,2021-03-16,60626,1924,46330,16789,133,4284,0.2630889272738102,0.030110935023771792,0.9698890649762282,4417,0.00018497855067622915
43,Italy,Abruzzo,2021-03-26,63933,2072,51411,15679,148,5081,0.3335034122074112,0.028303690954293362,0.9716963090457066,5229,0.0018072440694784087
44,Italy,Abruzzo,2021-04-05,66613,2173,53724,13130,101,2313,0.18385376999238384,0.04183927091963546,0.9581607290803645,2414,-0.013535579965342048
45,Italy,Abruzzo,2021-04-15,68741,2298,56211,12844,125,2487,0.20336343818125194,0.047856049004594184,0.9521439509954058,2612,-0.006016778084958707
46,Italy,Abruzzo,2021-04-25,70519,2376,58998,12010,78,2787,0.23855120732722732,0.027225130890052355,0.9727748691099476,2865,0.020630918114541763
47,Italy,Abruzzo,2021-05-05,71916,2422,61333,10542,46,2335,0.2258584708783912,0.019319613607727847,0.9806803863922722,2381,0.007905517282324581
48,Italy,Abruzzo,2021-05-15,73142,2453,63797,9387,31,2464,0.26579311814211143,0.012424849699398798,0.9875751503006012,2495,0.0068947639083289936
49,Italy,Abruzzo,2021-05-25,73744,2471,65449,7494,18,1652,0.22284494262076326,0.010778443113772455,0.9892215568862276,1670,0.0016464065856264254
50,Italy,Abruzzo,2021-05-29,73972,2480,65983,6052,9,534,0.0897224058162591,0.016574585635359115,0.9834254143646409,543,-0.005796142521586667
