Index,Region,Subregion,Stage,Confirmed,Deaths,Recovered,Stage_Confirmed,Stage_Deaths,Stage_Recovered,Stage_Treated%,Stage_Deaths%,Stage_Recovered%,Stage_Treated,Recovered_Change
12,Italy,Emilia-Romagna,2020-05-20,27364,4008,18258,27364,4008,18258,0.8136968279491302,0.18000538938291566,0.8199946106170843,22266,
13,Italy,Emilia-Romagna,2020-05-30,27759,4107,20373,5493,99,2115,0.4030584380120153,0.044715447154471545,0.9552845528455285,2214,0.13528994222844415
14,Italy,Emilia-Romagna,2020-06-09,27946,4185,21605,3466,78,1232,0.37795729948066936,0.059541984732824425,0.9404580152671755,1310,-0.01482653757835295
15,Italy,Emilia-Romagna,2020-06-19,28170,4224,22727,2380,39,1122,0.48781512605042016,0.03359173126614987,0.9664082687338501,1161,0.025950253466674567
16,Italy,Emilia-Romagna,2020-06-29,28472,4255,23185,1521,31,458,0.3214990138067061,0.06339468302658487,0.9366053169734151,489,-0.029802951760435015
17,Italy,Emilia-Romagna,2020-07-09,28769,4269,23434,1329,14,249,0.19789315274642588,0.053231939163498096,0.9467680608365019,263,0.010162743863086798
18,Italy,Emilia-Romagna,2020-07-19,29178,4274,23638,1475,5,204,0.14169491525423727,0.023923444976076555,0.9760765550239234,209,0.02930849418742154
19,Italy,Emilia-Romagna,2020-07-29,29603,4287,23865,1691,13,227,0.1419278533412182,0.05416666666666667,0.9458333333333333,240,-0.030243221690590127
20,Italy,Emilia-Romagna,2020-08-08,30052,4294,24046,1900,7,181,0.09894736842105263,0.03723404255319149,0.9627659574468085,188,0.01693262411347518
21,Italy,Emilia-Romagna,2020-08-18,30498,4454,24255,2158,160,209,0.17099165894346618,0.43360433604336046,0.5663956639566395,369,-0.39637029349016895
22,Italy,Emilia-Romagna,2020-08-28,31547,4459,24467,2838,5,212,0.07646229739252995,0.02304147465437788,0.9769585253456221,217,0.41056286138898257
23,Italy,Emilia-Romagna,2020-09-07,32760,4464,24803,3834,5,336,0.08894105372978613,0.01466275659824047,0.9853372434017595,341,0.008378718056137435
24,Italy,Emilia-Romagna,2020-09-17,33972,4471,25224,4705,7,421,0.09096705632306057,0.016355140186915886,0.9836448598130841,428,-0.0016923835886754057
25,Italy,Emilia-Romagna,2020-09-27,35028,4482,25864,5333,11,640,0.12207012938308644,0.016897081413210446,0.9831029185867896,651,-0.0005419412262945844
26,Italy,Emilia-Romagna,2020-10-07,36454,4491,26668,6108,9,804,0.13310412573673872,0.01107011070110701,0.988929889298893,813,0.005826970712103474
27,Italy,Emilia-Romagna,2020-10-17,40333,4509,27175,9174,18,507,0.05722694571615435,0.03428571428571429,0.9657142857142857,525,-0.02321560358460728
28,Italy,Emilia-Romagna,2020-10-27,49285,4579,27626,17601,70,451,0.029600590875518435,0.1343570057581574,0.8656429942418427,521,-0.10007129147244309
29,Italy,Emilia-Romagna,2020-11-06,67041,4752,28559,34836,173,933,0.03174876564473533,0.15641952983725135,0.8435804701627486,1106,-0.022062524079094037
30,Italy,Emilia-Romagna,2020-11-16,91066,5067,30570,57755,315,2011,0.04027356938793178,0.1354256233877902,0.8645743766122098,2326,0.020993906449461197
31,Italy,Emilia-Romagna,2020-11-26,114855,5548,37835,79218,481,7265,0.09778080739225933,0.06209656596953266,0.9379034340304674,7746,0.07332905741825757
32,Italy,Emilia-Romagna,2020-12-06,133761,6162,59432,90378,614,21597,0.24575671070393237,0.02764396019990095,0.9723560398000991,22211,0.03445260576963172
33,Italy,Emilia-Romagna,2020-12-16,148794,6797,79151,83200,635,19719,0.24463942307692307,0.031197798958435687,0.9688022010415643,20354,-0.0035538387585347664
34,Italy,Emilia-Romagna,2020-12-26,165044,7424,100333,79096,627,21182,0.27572822898755944,0.02874959878949058,0.9712504012105094,21809,0.0024482001689450916
35,Italy,Emilia-Romagna,2021-01-05,181089,8005,115907,73332,581,15574,0.22029945999018163,0.03596409780253791,0.964035902197462,16155,-0.007214499013047382
36,Italy,Emilia-Romagna,2021-01-15,198878,8657,134711,74966,652,18804,0.25953098738094604,0.03351151315789474,0.9664884868421053,19456,0.002452584644643263
37,Italy,Emilia-Romagna,2021-01-25,211606,9195,151122,68238,538,16411,0.24838066766317887,0.03174228568057112,0.9682577143194289,16949,0.001769227477323554
38,Italy,Emilia-Romagna,2021-02-04,222804,9714,169281,62487,519,18159,0.29891017331604974,0.027786700931577257,0.9722132990684228,18678,0.003955584748993934
39,Italy,Emilia-Romagna,2021-02-14,235734,10126,187688,56739,412,18407,0.33167662454396446,0.021892767947287315,0.9781072320527127,18819,0.0058939329842898625
40,Italy,Emilia-Romagna,2021-02-24,250839,10426,203642,53025,300,15954,0.30653465346534653,0.01845699520118125,0.9815430047988187,16254,0.0034357727461060694
41,Italy,Emilia-Romagna,2021-03-06,276601,10746,213413,62533,320,9771,0.16137079621959605,0.03171142602318898,0.968288573976811,10091,-0.013254430822007723
42,Italy,Emilia-Romagna,2021-03-16,304314,11184,224138,80155,438,10725,0.13926766889152267,0.03923676431066918,0.9607632356893309,11163,-0.007525338287480143
43,Italy,Emilia-Romagna,2021-03-26,326776,11673,243244,91454,489,19106,0.21426072123690598,0.02495534575146721,0.9750446542485328,19595,0.014281418559201953
44,Italy,Emilia-Romagna,2021-04-05,344408,12151,260051,89491,478,16807,0.193147914315406,0.02765403529071449,0.9723459647092855,17285,-0.0026986895392473453
45,Italy,Emilia-Romagna,2021-04-15,354901,12515,277120,82699,364,17069,0.2108006142758679,0.020879940343027592,0.9791200596569725,17433,0.006774094947686993
46,Italy,Emilia-Romagna,2021-04-25,364782,12784,301517,75147,269,24397,0.32823665615393827,0.010905700154058218,0.9890942998459418,24666,0.009974240188969308
47,Italy,Emilia-Romagna,2021-05-05,372817,12957,320778,58516,173,19261,0.33211429352655686,0.008901924462282598,0.9910980755377174,19434,0.0020037756917756777
48,Italy,Emilia-Romagna,2021-05-15,379130,13081,341330,45395,124,20552,0.4554686639497742,0.005997291545753531,0.9940027084542464,20676,0.002904632916528982
49,Italy,Emilia-Romagna,2021-05-25,382544,13163,351559,28133,82,10229,0.3665090818611595,0.007952671903792067,0.9920473280962079,10311,-0.00195538035803855
50,Italy,Emilia-Romagna,2021-06-04,384514,13198,359102,19792,35,7543,0.38288197251414713,0.004618632884666139,0.9953813671153339,7578,0.0033340390191259894
51,Italy,Emilia-Romagna,2021-06-14,385821,13234,364569,13521,36,5467,0.40699652392574515,0.0065418862438669815,0.993458113756133,5503,-0.0019232533592008494
52,Italy,Emilia-Romagna,2021-06-24,386512,13251,369062,8709,17,4493,0.5178550924331151,0.00376940133037694,0.996230598669623,4510,0.0027724849134900253
53,Italy,Emilia-Romagna,2021-07-04,387048,13264,371191,4735,13,2129,0.45237592397043297,0.006069094304388422,0.9939309056956116,2142,-0.002299692974011447
54,Italy,Emilia-Romagna,2021-07-07,387219,13264,371748,2764,0,557,0.2015195369030391,0.0,1.0,557,0.0060690943043884005
