Index,Region,Subregion,Stage,Confirmed,Deaths,Recovered,Stage_Confirmed,Stage_Deaths,Stage_Recovered,Stage_Treated%,Stage_Deaths%,Stage_Recovered%,Stage_Treated,Recovered_Change
15,Pakistan,Balochistan,2020-06-19,9162,100,3289,9162,100,3289,0.3698974023139053,0.029507229271171435,0.9704927707288286,3389,
16,Pakistan,Balochistan,2020-06-29,10426,119,4197,7037,19,908,0.13173227227511725,0.020496224379719527,0.9795037756202805,927,0.009011004891451901
17,Pakistan,Balochistan,2020-07-09,11099,125,6931,6783,6,2734,0.40395105410585286,0.0021897810218978104,0.9978102189781022,2740,0.018306443357821722
18,Pakistan,Balochistan,2020-07-19,11436,132,8688,4380,7,1757,0.40273972602739727,0.003968253968253968,0.996031746031746,1764,-0.0017784729463561355
19,Pakistan,Balochistan,2020-07-29,11654,136,10080,2834,4,1392,0.49258997882851097,0.0028653295128939827,0.997134670487106,1396,0.001102924455359977
20,Pakistan,Balochistan,2020-08-08,11835,137,10304,1619,1,224,0.13897467572575664,0.0044444444444444444,0.9955555555555555,225,-0.001579114931550496
21,Pakistan,Balochistan,2020-08-18,12321,138,11153,1880,1,849,0.4521276595744681,0.001176470588235294,0.9988235294117647,850,0.0032679738562091387
22,Pakistan,Balochistan,2020-08-28,12742,141,11636,1451,3,483,0.3349414197105445,0.006172839506172839,0.9938271604938271,486,-0.004996368917937533
23,Pakistan,Balochistan,2020-09-07,13321,145,11861,1544,4,225,0.1483160621761658,0.017467248908296942,0.982532751091703,229,-0.011294409402124117
24,Pakistan,Balochistan,2020-09-17,13991,145,12851,1985,0,990,0.4987405541561713,0.0,1.0,990,0.017467248908296984
25,Pakistan,Balochistan,2020-09-27,15092,145,13547,2096,0,696,0.3320610687022901,0.0,1.0,696,0.0
26,Pakistan,Balochistan,2020-10-07,15460,146,15082,1768,1,1535,0.8687782805429864,0.0006510416666666666,0.9993489583333334,1536,-0.0006510416666666297
27,Pakistan,Balochistan,2020-10-17,15669,147,15309,441,1,227,0.5170068027210885,0.0043859649122807015,0.9956140350877193,228,-0.0037349232456140857
28,Pakistan,Balochistan,2020-10-27,15859,149,15478,403,2,169,0.42431761786600497,0.011695906432748537,0.9883040935672515,171,-0.007309941520467822
29,Pakistan,Balochistan,2020-11-06,16041,153,15680,414,4,202,0.4975845410628019,0.019417475728155338,0.9805825242718447,206,-0.007721569295406794
30,Pakistan,Balochistan,2020-11-16,16449,156,15902,616,3,222,0.3652597402597403,0.013333333333333334,0.9866666666666667,225,0.006084142394822023
31,Pakistan,Balochistan,2020-11-26,17008,165,16214,950,9,312,0.33789473684210525,0.028037383177570093,0.9719626168224299,321,-0.014704049844236788
32,Pakistan,Balochistan,2020-12-06,17466,169,16736,1087,4,522,0.48390064397424104,0.0076045627376425855,0.9923954372623575,526,0.020432820439927557
33,Pakistan,Balochistan,2020-12-16,17838,176,17235,933,7,499,0.5423365487674169,0.01383399209486166,0.9861660079051383,506,-0.006229429357219152
34,Pakistan,Balochistan,2020-12-26,18075,182,17586,664,6,351,0.5376506024096386,0.01680672268907563,0.9831932773109243,357,-0.0029727305942139903
35,Pakistan,Balochistan,2021-01-05,18280,186,17857,512,4,271,0.537109375,0.014545454545454545,0.9854545454545455,275,0.0022612681436211535
36,Pakistan,Balochistan,2021-01-15,18537,190,18060,494,4,203,0.4190283400809717,0.01932367149758454,0.9806763285024155,207,-0.004778216952129988
37,Pakistan,Balochistan,2021-01-25,18754,193,18293,504,3,233,0.46825396825396826,0.012711864406779662,0.9872881355932204,236,0.006611807090804889
38,Pakistan,Balochistan,2021-02-04,18844,196,18547,358,3,254,0.7178770949720671,0.011673151750972763,0.9883268482490273,257,0.001038712655806906
39,Pakistan,Balochistan,2021-02-14,18942,199,18655,199,3,108,0.5577889447236181,0.02702702702702703,0.972972972972973,111,-0.015353875276054252
40,Pakistan,Balochistan,2021-02-24,19010,199,18732,156,0,77,0.4935897435897436,0.0,1.0,77,0.027027027027026973
41,Pakistan,Balochistan,2021-03-06,19114,201,18804,183,2,72,0.40437158469945356,0.02702702702702703,0.972972972972973,74,-0.027027027027026973
42,Pakistan,Balochistan,2021-03-16,19247,202,18896,242,1,92,0.384297520661157,0.010752688172043012,0.989247311827957,93,0.016274338854983972
43,Pakistan,Balochistan,2021-03-26,19453,205,19023,355,3,127,0.36619718309859156,0.023076923076923078,0.9769230769230769,130,-0.012324234904880105
44,Pakistan,Balochistan,2021-04-05,19855,211,19185,627,6,162,0.2679425837320574,0.03571428571428571,0.9642857142857143,168,-0.012637362637362592
45,Pakistan,Balochistan,2021-04-15,20662,222,19542,1266,11,357,0.29067930489731436,0.029891304347826088,0.970108695652174,368,0.005822981366459645
46,Pakistan,Balochistan,2021-04-25,21743,232,20286,1979,10,744,0.38100050530570995,0.013262599469496022,0.986737400530504,754,0.016628704878330014
47,Pakistan,Balochistan,2021-05-05,22776,239,21150,2258,7,864,0.3857395925597874,0.008036739380022962,0.9919632606199771,871,0.005225860089473122
48,Pakistan,Balochistan,2021-05-15,23831,264,22398,2442,25,1248,0.5212940212940212,0.019638648860958365,0.9803613511390417,1273,-0.011601909480935424
49,Pakistan,Balochistan,2021-05-25,24733,271,23472,2071,7,1074,0.521970062771608,0.0064754856614246065,0.9935245143385754,1081,0.0131631631995337
50,Pakistan,Balochistan,2021-06-04,25589,287,24262,1846,16,790,0.43661971830985913,0.019851116625310174,0.9801488833746899,806,-0.013375630963885499
51,Pakistan,Balochistan,2021-06-14,26275,294,25019,1726,7,757,0.4426419466975666,0.009162303664921465,0.9908376963350786,764,0.010688812960388705
52,Pakistan,Balochistan,2021-06-24,26893,304,25796,1580,10,777,0.4981012658227848,0.012706480304955527,0.9872935196950444,787,-0.003544176640034147
53,Pakistan,Balochistan,2021-07-04,27419,312,26413,1319,8,617,0.47384382107657314,0.0128,0.9872,625,-9.351969504445279e-05
