Index,Region,Subregion,Stage,Confirmed,Deaths,Recovered,Stage_Confirmed,Stage_Deaths,Stage_Recovered,Stage_Treated%,Stage_Deaths%,Stage_Recovered%,Stage_Treated,Recovered_Change
29,Pakistan,Islamabad,2020-06-14,8569,78,2037,8569,78,2037,0.24681993231415567,0.03687943262411347,0.9631205673758865,2115,
30,Pakistan,Islamabad,2020-06-19,10279,95,2770,8164,17,733,0.09186673199412053,0.02266666666666667,0.9773333333333334,750,0.014212765957446916
31,Pakistan,Islamabad,2020-06-24,11710,115,5424,8845,20,2654,0.3023176936122103,0.0074794315632011965,0.9925205684367988,2674,0.015187235103465424
32,Pakistan,Islamabad,2020-06-29,12775,128,7261,7236,13,1837,0.2556661138750691,0.007027027027027027,0.9929729729729729,1850,0.00045240453617412246
33,Pakistan,Islamabad,2020-07-04,13292,130,8610,5903,2,1349,0.22886667796035914,0.0014803849000740192,0.9985196150999259,1351,0.005546642126952994
34,Pakistan,Islamabad,2020-07-09,13829,146,10240,5089,16,1630,0.3234427195912753,0.009720534629404616,0.9902794653705954,1646,-0.008240149729330515
35,Pakistan,Islamabad,2020-07-14,14315,155,11327,3929,9,1087,0.27895138712140494,0.008211678832116789,0.9917883211678832,1096,0.001508855797287767
36,Pakistan,Islamabad,2020-07-19,14599,159,11836,3117,4,509,0.1645813282001925,0.007797270955165692,0.9922027290448343,513,0.00041440787695112835
37,Pakistan,Islamabad,2020-07-24,14821,162,12139,2826,3,303,0.10828025477707007,0.00980392156862745,0.9901960784313726,306,-0.0020066506134617246
38,Pakistan,Islamabad,2020-07-29,14963,165,12377,2662,3,238,0.09053343350864013,0.012448132780082987,0.9875518672199171,241,-0.002644211211455527
39,Pakistan,Islamabad,2020-08-03,15095,167,12678,2553,2,301,0.11868390129259694,0.006600660066006601,0.9933993399339934,303,0.005847472714076374
40,Pakistan,Islamabad,2020-08-08,15214,171,12878,2369,4,200,0.08611228366399325,0.0196078431372549,0.9803921568627451,204,-0.013007183071248374
41,Pakistan,Islamabad,2020-08-13,15323,173,13020,2274,2,142,0.0633245382585752,0.013888888888888888,0.9861111111111112,144,0.005718954248366104
42,Pakistan,Islamabad,2020-08-18,15401,175,13430,2208,2,410,0.18659420289855072,0.0048543689320388345,0.9951456310679612,412,0.009034519956850007
43,Pakistan,Islamabad,2020-08-23,15515,175,14621,1910,0,1191,0.6235602094240837,0.0,1.0,1191,0.004854368932038833
44,Pakistan,Islamabad,2020-08-28,15578,175,14923,782,0,302,0.38618925831202044,0.0,1.0,302,0.0
45,Pakistan,Islamabad,2020-09-02,15689,175,15056,591,0,133,0.22504230118443316,0.0,1.0,133,0.0
46,Pakistan,Islamabad,2020-09-07,15762,177,15184,531,2,128,0.2448210922787194,0.015384615384615385,0.9846153846153847,130,-0.01538461538461533
47,Pakistan,Islamabad,2020-09-12,15901,178,15327,540,1,143,0.26666666666666666,0.006944444444444444,0.9930555555555556,144,0.00844017094017091
48,Pakistan,Islamabad,2020-09-17,16033,180,15467,528,2,140,0.2689393939393939,0.014084507042253521,0.9859154929577465,142,-0.007140062597809083
49,Pakistan,Islamabad,2020-09-22,16246,180,15629,599,0,162,0.2704507512520868,0.0,1.0,162,0.014084507042253502
50,Pakistan,Islamabad,2020-09-27,16470,181,15795,661,1,166,0.2526475037821483,0.005988023952095809,0.9940119760479041,167,-0.005988023952095856
51,Pakistan,Islamabad,2020-10-02,16713,183,15983,737,2,188,0.25780189959294436,0.010526315789473684,0.9894736842105263,190,-0.004538291837377861
52,Pakistan,Islamabad,2020-10-07,17009,187,16206,843,4,223,0.269276393831554,0.01762114537444934,0.9823788546255506,227,-0.007094829584975648
53,Pakistan,Islamabad,2020-10-12,17428,189,16403,1035,2,197,0.19227053140096617,0.010050251256281407,0.9899497487437185,199,0.007570894118167915
54,Pakistan,Islamabad,2020-10-17,17996,194,16672,1404,5,269,0.19515669515669515,0.01824817518248175,0.9817518248175182,274,-0.008197923926200334
55,Pakistan,Islamabad,2020-10-22,18578,205,17050,1712,11,378,0.2272196261682243,0.028277634961439587,0.9717223650385605,389,-0.01002945977895775
56,Pakistan,Islamabad,2020-10-27,19300,214,17547,2045,9,497,0.24743276283618582,0.017786561264822136,0.9822134387351779,506,0.010491073696617392
57,Pakistan,Islamabad,2020-11-01,20089,222,18209,2328,8,662,0.28780068728522334,0.011940298507462687,0.9880597014925373,670,0.005846262757359444
58,Pakistan,Islamabad,2020-11-06,21302,236,18786,2871,14,577,0.2058516196447231,0.023688663282571912,0.9763113367174281,591,-0.01174836477510921
59,Pakistan,Islamabad,2020-11-11,22765,248,19604,3743,12,818,0.2217472615549025,0.014457831325301205,0.9855421686746988,830,0.009230831957270702
60,Pakistan,Islamabad,2020-11-16,24444,260,20498,4592,12,894,0.19729965156794424,0.013245033112582781,0.9867549668874173,906,0.0012127982127184689
61,Pakistan,Islamabad,2020-11-21,26569,278,21712,5811,18,1214,0.21201170194458785,0.01461038961038961,0.9853896103896104,1232,-0.001365356497806891
62,Pakistan,Islamabad,2020-11-26,28980,305,22758,6990,27,1046,0.15350500715307583,0.02516309412861137,0.9748369058713886,1073,-0.010552704518221767
63,Pakistan,Islamabad,2020-12-01,30748,324,24546,7685,19,1788,0.2351333767078725,0.010514665190924184,0.9894853348090759,1807,0.014648428937687252
64,Pakistan,Islamabad,2020-12-06,32816,341,26396,7946,17,1850,0.23496098665995468,0.009105516871987145,0.9908944831280129,1867,0.0014091483189370146
65,Pakistan,Islamabad,2020-12-11,34300,358,27617,7563,17,1221,0.16369165674996694,0.013731825525040387,0.9862681744749596,1238,-0.004626308653053246
66,Pakistan,Islamabad,2020-12-16,35441,381,29053,7466,23,1436,0.19541923386016608,0.015764222069910898,0.9842357779300891,1459,-0.0020323965448705295
67,Pakistan,Islamabad,2020-12-21,36416,393,30761,6982,12,1708,0.24634775136064166,0.0069767441860465115,0.9930232558139535,1720,0.008787477883864359
68,Pakistan,Islamabad,2020-12-26,37117,404,31895,5963,11,1134,0.19201744088546033,0.00960698689956332,0.9903930131004367,1145,-0.0026302427135167505
69,Pakistan,Islamabad,2020-12-31,37888,419,34410,5589,15,2515,0.45267489711934156,0.005928853754940711,0.9940711462450593,2530,0.0036781331446226195
70,Pakistan,Islamabad,2021-01-05,38531,432,35609,3702,13,1199,0.3273905996758509,0.010726072607260726,0.9892739273927392,1212,-0.004797218852320095
71,Pakistan,Islamabad,2021-01-10,39242,441,36765,3201,9,1156,0.3639487660106217,0.007725321888412017,0.992274678111588,1165,0.0030007507188487548
72,Pakistan,Islamabad,2021-01-15,39888,450,37621,2682,9,856,0.3225205070842655,0.010404624277456647,0.9895953757225433,865,-0.00267930238904468
73,Pakistan,Islamabad,2021-01-20,40430,460,38278,2359,10,657,0.2827469266638406,0.014992503748125937,0.9850074962518741,667,-0.004587879470669187
74,Pakistan,Islamabad,2021-01-25,40892,468,38843,2154,8,565,0.266016713091922,0.013961605584642234,0.9860383944153578,573,0.0010308981634836734
75,Pakistan,Islamabad,2021-01-30,41359,475,39439,2048,7,596,0.29443359375,0.011608623548922056,0.988391376451078,603,0.002352982035720208
76,Pakistan,Islamabad,2021-02-04,41734,478,39987,1820,3,548,0.3027472527472527,0.0054446460980036296,0.9945553539019963,551,0.006163977450918345
77,Pakistan,Islamabad,2021-02-09,42188,481,40449,1723,3,462,0.2698781195589089,0.0064516129032258064,0.9935483870967742,465,-0.0010069668052221648
78,Pakistan,Islamabad,2021-02-14,42688,486,40800,1758,5,351,0.2025028441410694,0.014044943820224719,0.9859550561797753,356,-0.007593330916998875
79,Pakistan,Islamabad,2021-02-19,43282,488,41203,1996,2,403,0.2029058116232465,0.0049382716049382715,0.9950617283950617,405,0.009106672215286382
80,Pakistan,Islamabad,2021-02-24,43901,494,41640,2210,6,437,0.20045248868778281,0.013544018058690745,0.9864559819413092,443,-0.00860574645375245
81,Pakistan,Islamabad,2021-03-01,44516,501,42203,2382,7,563,0.23929471032745592,0.012280701754385965,0.987719298245614,570,0.0012633163043047624
82,Pakistan,Islamabad,2021-03-06,45519,508,42853,2815,7,650,0.233392539964476,0.0106544901065449,0.989345509893455,657,0.001626211647841047
83,Pakistan,Islamabad,2021-03-11,46963,520,43658,3602,12,805,0.22681843420322043,0.014687882496940025,0.98531211750306,817,-0.004033392390395019
84,Pakistan,Islamabad,2021-03-16,48938,529,44636,4760,9,978,0.2073529411764706,0.00911854103343465,0.9908814589665653,987,0.005569341463505295
85,Pakistan,Islamabad,2021-03-21,52086,545,45636,6921,16,1000,0.1467995954341858,0.015748031496062992,0.984251968503937,1016,-0.006629490462628285
86,Pakistan,Islamabad,2021-03-26,55056,557,46623,8875,12,987,0.11256338028169013,0.012012012012012012,0.987987987987988,999,0.003736019484051001
87,Pakistan,Islamabad,2021-03-31,58557,572,47584,11377,15,961,0.08578711435352027,0.015368852459016393,0.9846311475409836,976,-0.003356840447004461
88,Pakistan,Islamabad,2021-04-05,62211,584,49839,14055,12,2255,0.16129491284240483,0.00529333921482135,0.9947066607851787,2267,0.010075513244195089
89,Pakistan,Islamabad,2021-04-10,65700,607,52298,15277,23,2459,0.162466452837599,0.009266720386784852,0.9907332796132151,2482,-0.0039733811719635526
90,Pakistan,Islamabad,2021-04-15,68665,626,55222,15760,19,2924,0.18673857868020305,0.006455997281685355,0.9935440027183147,2943,0.002810723105099555
91,Pakistan,Islamabad,2021-04-20,70984,649,57631,15136,23,2409,0.160676532769556,0.009457236842105263,0.9905427631578947,2432,-0.003001239560419977
92,Pakistan,Islamabad,2021-04-25,73450,665,59993,15170,16,2362,0.15675675675675677,0.00672834314550042,0.9932716568544996,2378,0.002728893696604895
93,Pakistan,Islamabad,2021-04-30,75498,683,62320,14840,18,2327,0.1580188679245283,0.00767590618336887,0.9923240938166311,2345,-0.0009475630378684707
94,Pakistan,Islamabad,2021-05-05,76696,698,64421,13693,15,2101,0.15453151245161761,0.007088846880907372,0.9929111531190926,2116,0.0005870593024615012
95,Pakistan,Islamabad,2021-05-10,78382,716,67433,13263,18,3012,0.2284551006559602,0.005940594059405941,0.994059405940594,3030,0.0011482528215014387
96,Pakistan,Islamabad,2021-05-15,79123,731,69557,10974,15,2124,0.19491525423728814,0.0070126227208976155,0.9929873772791024,2139,-0.0010720286614916974
97,Pakistan,Islamabad,2021-05-20,80010,741,71382,9722,10,1825,0.1887471713639169,0.005449591280653951,0.9945504087193461,1835,0.0015630314402437229
98,Pakistan,Islamabad,2021-05-25,80662,748,72739,8539,7,1357,0.15973767420072607,0.005131964809384164,0.9948680351906158,1364,0.00031762647126976074
99,Pakistan,Islamabad,2021-05-30,81195,760,74964,7708,12,2225,0.29021795537104306,0.005364327223960662,0.9946356727760394,2237,-0.00023236241457647022
100,Pakistan,Islamabad,2021-06-04,81626,763,77584,5902,3,2620,0.444425618434429,0.001143728555089592,0.9988562714449104,2623,0.004220598668871034
101,Pakistan,Islamabad,2021-06-09,81933,768,78478,3586,5,894,0.25069715560513106,0.0055617352614015575,0.9944382647385984,899,-0.004418006706311983
102,Pakistan,Islamabad,2021-06-14,82170,773,79853,2924,5,1375,0.4719562243502052,0.0036231884057971015,0.9963768115942029,1380,0.0019385468556044616
103,Pakistan,Islamabad,2021-06-19,82313,775,80335,1687,2,482,0.2868998221695317,0.004132231404958678,0.9958677685950413,484,-0.0005090429991615464
104,Pakistan,Islamabad,2021-06-24,82502,775,80698,1392,0,363,0.2607758620689655,0.0,1.0,363,0.004132231404958664
105,Pakistan,Islamabad,2021-06-29,82652,777,80924,1179,2,226,0.19338422391857507,0.008771929824561403,0.9912280701754386,228,-0.00877192982456143
106,Pakistan,Islamabad,2021-07-04,82969,780,81072,1268,3,148,0.11908517350157728,0.019867549668874173,0.9801324503311258,151,-0.011095619844312732
107,Pakistan,Islamabad,2021-07-09,83513,782,81247,1661,2,175,0.10656231186032511,0.011299435028248588,0.9887005649717514,177,0.008568114640625568
108,Pakistan,Islamabad,2021-07-14,84083,787,81508,2054,5,261,0.12950340798442064,0.018796992481203006,0.981203007518797,266,-0.00749755745295444
109,Pakistan,Islamabad,2021-07-19,84722,787,81878,2427,0,370,0.15245158632056036,0.0,1.0,370,0.018796992481203034
