Index,Region,Subregion,Stage,Confirmed,Deaths,Recovered,Stage_Confirmed,Stage_Deaths,Stage_Recovered,Stage_Treated%,Stage_Deaths%,Stage_Recovered%,Stage_Treated,Recovered_Change
26,Peru,Tumbes,2020-05-30,1219,178,0,1219,178,0,0.14602132895816242,1.0,0.0,178,
27,Peru,Tumbes,2020-06-04,1489,238,0,1311,60,0,0.04576659038901602,1.0,0.0,60,0.0
28,Peru,Tumbes,2020-06-09,1631,294,0,1393,56,0,0.04020100502512563,1.0,0.0,56,0.0
29,Peru,Tumbes,2020-06-14,1937,326,0,1643,32,0,0.019476567255021303,1.0,0.0,32,0.0
30,Peru,Tumbes,2020-06-19,2195,354,0,1869,28,0,0.0149812734082397,1.0,0.0,28,0.0
31,Peru,Tumbes,2020-06-24,2386,394,0,2032,40,0,0.01968503937007874,1.0,0.0,40,0.0
32,Peru,Tumbes,2020-06-29,2641,423,0,2247,29,0,0.01290609701824655,1.0,0.0,29,0.0
33,Peru,Tumbes,2020-07-04,3066,444,0,2643,21,0,0.007945516458569807,1.0,0.0,21,0.0
34,Peru,Tumbes,2020-07-09,3257,462,0,2813,18,0,0.006398862424457874,1.0,0.0,18,0.0
35,Peru,Tumbes,2020-07-14,3470,481,0,3008,19,0,0.006316489361702127,1.0,0.0,19,0.0
36,Peru,Tumbes,2020-07-19,3477,499,0,2996,18,0,0.006008010680907877,1.0,0.0,18,0.0
37,Peru,Tumbes,2020-07-24,3937,515,0,3438,16,0,0.004653868528214078,1.0,0.0,16,0.0
38,Peru,Tumbes,2020-07-29,4090,530,0,3575,15,0,0.004195804195804196,1.0,0.0,15,0.0
39,Peru,Tumbes,2020-08-03,4296,543,0,3766,13,0,0.0034519383961763143,1.0,0.0,13,0.0
40,Peru,Tumbes,2020-08-08,4549,558,0,4006,15,0,0.0037443834248627058,1.0,0.0,15,0.0
41,Peru,Tumbes,2020-08-13,4855,571,0,4297,13,0,0.003025366534791715,1.0,0.0,13,0.0
42,Peru,Tumbes,2020-08-18,5137,581,0,4566,10,0,0.002190100744634253,1.0,0.0,10,0.0
43,Peru,Tumbes,2020-08-23,5405,585,0,4824,4,0,0.0008291873963515755,1.0,0.0,4,0.0
44,Peru,Tumbes,2020-08-28,5601,598,0,5016,13,0,0.00259170653907496,1.0,0.0,13,0.0
45,Peru,Tumbes,2020-09-02,5771,611,0,5173,13,0,0.002513048521167601,1.0,0.0,13,0.0
46,Peru,Tumbes,2020-09-07,5980,625,0,5369,14,0,0.002607561929595828,1.0,0.0,14,0.0
47,Peru,Tumbes,2020-09-12,6225,637,0,5600,12,0,0.002142857142857143,1.0,0.0,12,0.0
48,Peru,Tumbes,2020-09-17,6594,642,0,5957,5,0,0.0008393486654356219,1.0,0.0,5,0.0
49,Peru,Tumbes,2020-09-22,6859,650,0,6217,8,0,0.0012867942737654818,1.0,0.0,8,0.0
50,Peru,Tumbes,2020-09-27,7201,659,0,6551,9,0,0.001373836055564036,1.0,0.0,9,0.0
51,Peru,Tumbes,2020-10-02,7394,664,0,6735,5,0,0.0007423904974016332,1.0,0.0,5,0.0
52,Peru,Tumbes,2020-10-07,7494,668,0,6830,4,0,0.0005856515373352855,1.0,0.0,4,0.0
53,Peru,Tumbes,2020-10-12,7648,671,0,6980,3,0,0.0004297994269340974,1.0,0.0,3,0.0
54,Peru,Tumbes,2020-10-17,7744,679,0,7073,8,0,0.0011310617842499647,1.0,0.0,8,0.0
55,Peru,Tumbes,2020-10-22,8097,691,0,7418,12,0,0.0016176867080075492,1.0,0.0,12,0.0
56,Peru,Tumbes,2020-10-27,8304,695,0,7613,4,0,0.0005254170497832654,1.0,0.0,4,0.0
57,Peru,Tumbes,2020-11-01,8474,703,0,7779,8,0,0.0010284098213137935,1.0,0.0,8,0.0
58,Peru,Tumbes,2020-11-06,8592,705,0,7889,2,0,0.0002535175560907593,1.0,0.0,2,0.0
59,Peru,Tumbes,2020-11-11,8739,711,0,8034,6,0,0.0007468259895444362,1.0,0.0,6,0.0
60,Peru,Tumbes,2020-11-16,8829,714,0,8118,3,0,0.0003695491500369549,1.0,0.0,3,0.0
61,Peru,Tumbes,2020-11-21,8905,717,0,8191,3,0,0.000366255646441216,1.0,0.0,3,0.0
62,Peru,Tumbes,2020-11-26,9011,726,0,8294,9,0,0.0010851217747769471,1.0,0.0,9,0.0
63,Peru,Tumbes,2020-12-01,9123,731,0,8397,5,0,0.0005954507562224604,1.0,0.0,5,0.0
64,Peru,Tumbes,2020-12-06,9187,735,0,8456,4,0,0.0004730368968779565,1.0,0.0,4,0.0
65,Peru,Tumbes,2020-12-11,9248,741,0,8513,6,0,0.0007048044167743451,1.0,0.0,6,0.0
66,Peru,Tumbes,2020-12-16,9302,749,0,8561,8,0,0.0009344702721644668,1.0,0.0,8,0.0
67,Peru,Tumbes,2020-12-21,9373,755,0,8624,6,0,0.0006957328385899814,1.0,0.0,6,0.0
68,Peru,Tumbes,2020-12-26,9421,761,0,8666,6,0,0.0006923609508423724,1.0,0.0,6,0.0
69,Peru,Tumbes,2020-12-31,9477,769,0,8716,8,0,0.0009178522257916476,1.0,0.0,8,0.0
70,Peru,Tumbes,2021-01-05,9485,777,0,8716,8,0,0.0009178522257916476,1.0,0.0,8,0.0
71,Peru,Tumbes,2021-01-10,9544,778,0,8767,1,0,0.00011406410402646287,1.0,0.0,1,0.0
72,Peru,Tumbes,2021-01-15,9734,794,0,8956,16,0,0.001786511835640911,1.0,0.0,16,0.0
73,Peru,Tumbes,2021-01-20,9890,804,0,9096,10,0,0.0010993843447669306,1.0,0.0,10,0.0
74,Peru,Tumbes,2021-01-25,10027,817,0,9223,13,0,0.0014095196790632116,1.0,0.0,13,0.0
75,Peru,Tumbes,2021-01-30,10329,833,0,9512,16,0,0.001682085786375105,1.0,0.0,16,0.0
76,Peru,Tumbes,2021-02-04,10485,845,0,9652,12,0,0.0012432656444260257,1.0,0.0,12,0.0
77,Peru,Tumbes,2021-02-09,10651,870,0,9806,25,0,0.0025494595145829084,1.0,0.0,25,0.0
78,Peru,Tumbes,2021-02-14,10983,886,0,10113,16,0,0.0015821220211608821,1.0,0.0,16,0.0
79,Peru,Tumbes,2021-02-19,11054,900,0,10168,14,0,0.0013768686073957514,1.0,0.0,14,0.0
80,Peru,Tumbes,2021-02-24,11292,918,0,10392,18,0,0.0017321016166281756,1.0,0.0,18,0.0
81,Peru,Tumbes,2021-03-01,11520,937,0,10602,19,0,0.0017921146953405018,1.0,0.0,19,0.0
82,Peru,Tumbes,2021-03-06,11955,963,0,11018,26,0,0.002359774913777455,1.0,0.0,26,0.0
83,Peru,Tumbes,2021-03-11,12073,992,0,11110,29,0,0.00261026102610261,1.0,0.0,29,0.0
84,Peru,Tumbes,2021-03-16,12204,1018,0,11212,26,0,0.00231894398858366,1.0,0.0,26,0.0
85,Peru,Tumbes,2021-03-21,12655,1059,0,11637,41,0,0.003523244822548767,1.0,0.0,41,0.0
86,Peru,Tumbes,2021-03-26,12995,1093,0,11936,34,0,0.002848525469168901,1.0,0.0,34,0.0
87,Peru,Tumbes,2021-03-31,13372,1124,0,12279,31,0,0.0025246355566414204,1.0,0.0,31,0.0
88,Peru,Tumbes,2021-04-05,13686,1163,0,12562,39,0,0.0031046011781563445,1.0,0.0,39,0.0
89,Peru,Tumbes,2021-04-10,14063,1202,0,12900,39,0,0.0030232558139534882,1.0,0.0,39,0.0
90,Peru,Tumbes,2021-04-15,14312,1230,0,13110,28,0,0.0021357742181540807,1.0,0.0,28,0.0
91,Peru,Tumbes,2021-04-20,14575,1266,0,13345,36,0,0.0026976395653802924,1.0,0.0,36,0.0
92,Peru,Tumbes,2021-04-25,14881,1299,0,13615,33,0,0.0024237972824091075,1.0,0.0,33,0.0
93,Peru,Tumbes,2021-04-30,15182,1336,0,13883,37,0,0.0026651300151264135,1.0,0.0,37,0.0
94,Peru,Tumbes,2021-05-05,15314,1365,0,13978,29,0,0.002074688796680498,1.0,0.0,29,0.0
95,Peru,Tumbes,2021-05-10,15599,1387,0,14234,22,0,0.0015455950540958269,1.0,0.0,22,0.0
96,Peru,Tumbes,2021-05-15,15838,1410,0,14451,23,0,0.0015915853574147117,1.0,0.0,23,0.0
97,Peru,Tumbes,2021-05-20,16174,1427,0,14764,17,0,0.0011514494716878894,1.0,0.0,17,0.0
98,Peru,Tumbes,2021-05-25,16304,1444,0,14877,17,0,0.0011427035020501444,1.0,0.0,17,0.0
99,Peru,Tumbes,2021-05-30,16531,1462,0,15087,18,0,0.0011930801352157488,1.0,0.0,18,0.0
100,Peru,Tumbes,2021-06-04,16683,1468,0,15221,6,0,0.00039419223441298205,1.0,0.0,6,0.0
101,Peru,Tumbes,2021-06-09,16853,1478,0,15385,10,0,0.0006499837504062399,1.0,0.0,10,0.0
102,Peru,Tumbes,2021-06-14,16938,1486,0,15460,8,0,0.000517464424320828,1.0,0.0,8,0.0
103,Peru,Tumbes,2021-06-19,17194,1495,0,15708,9,0,0.0005729564553093965,1.0,0.0,9,0.0
104,Peru,Tumbes,2021-06-24,17321,1499,0,15826,4,0,0.0002527486414760521,1.0,0.0,4,0.0
105,Peru,Tumbes,2021-06-29,17321,1499,0,15822,0,0,0.0,,,0,
106,Peru,Tumbes,2021-07-04,17321,1499,0,15822,0,0,0.0,,,0,
107,Peru,Tumbes,2021-07-05,17593,1521,0,16094,22,0,0.001366969056791351,1.0,0.0,22,
