Index,Region,Subregion,Stage,Confirmed,Deaths,Recovered,Stage_Confirmed,Stage_Deaths,Stage_Recovered,Stage_Treated%,Stage_Deaths%,Stage_Recovered%,Stage_Treated,Recovered_Change
12,Brazil,Distrito Federal,2020-05-20,5161,77,0,5161,77,0,0.014919589226894013,1.0,0.0,77,
13,Brazil,Distrito Federal,2020-05-30,9474,162,0,9397,85,0,0.009045440034053422,1.0,0.0,85,0.0
14,Brazil,Distrito Federal,2020-06-09,18090,236,9782,17928,74,9782,0.5497545738509594,0.007508116883116883,0.9924918831168831,9856,0.9924918831168831
15,Brazil,Distrito Federal,2020-06-19,30902,396,18812,20884,160,9030,0.44004979888910173,0.017410228509249184,0.9825897714907508,9190,-0.009902111626132304
16,Brazil,Distrito Federal,2020-06-29,47071,559,30957,27863,163,12145,0.4417327638804149,0.013243418914527136,0.9867565810854728,12308,0.004166809594722043
17,Brazil,Distrito Federal,2020-07-09,65677,823,52548,34161,264,21591,0.6397646438921577,0.012079615648592999,0.987920384351407,21855,0.0011638032659342379
18,Brazil,Distrito Federal,2020-07-19,82412,1085,67648,29041,262,15100,0.5289762749216624,0.017055070954302826,0.9829449290456972,15362,-0.004975455305709864
19,Brazil,Distrito Federal,2020-07-29,102342,1419,85179,33609,334,17531,0.531554048022851,0.01869577385950182,0.9813042261404982,17865,-0.0016407029051990207
20,Brazil,Distrito Federal,2020-08-08,121824,1712,103859,35226,293,18680,0.538607846477034,0.015442997944447373,0.9845570020555526,18973,0.003252775915054462
21,Brazil,Distrito Federal,2020-08-18,140170,2097,118425,34599,385,14566,0.4321223156738634,0.025750785900608655,0.9742492140993914,14951,-0.010307787956161274
22,Brazil,Distrito Federal,2020-08-28,158180,2440,141412,37658,343,22987,0.6195230761060067,0.014702100300042863,0.9852978996999572,23330,0.011048685600565822
23,Brazil,Distrito Federal,2020-09-07,170806,2720,154753,26954,280,13341,0.5053424352600727,0.020556493649511783,0.9794435063504883,13621,-0.0058543933494689115
24,Brazil,Distrito Federal,2020-09-17,180844,3022,168653,23371,302,13900,0.6076761798810492,0.021264610618222785,0.9787353893817772,14202,-0.0007081169687110922
25,Brazil,Distrito Federal,2020-09-27,189513,3188,177073,17838,166,8420,0.48133198789101916,0.019333799208013043,0.980666200791987,8586,0.0019308114102097873
26,Brazil,Distrito Federal,2020-10-07,197369,3378,186378,17108,190,9305,0.5550035071311668,0.020010531858873092,0.9799894681411269,9495,-0.0006767326508601013
27,Brazil,Distrito Federal,2020-10-17,204304,3539,189807,14548,161,3429,0.24676931536981028,0.044846796657381616,0.9551532033426184,3590,-0.024836264798508423
28,Brazil,Distrito Federal,2020-10-27,210774,3653,200063,17428,114,10256,0.5950195088363552,0.010993249758919962,0.9890067502410801,10370,0.03385354689846165
29,Brazil,Distrito Federal,2020-11-06,215426,3733,207148,11710,80,7085,0.611870196413322,0.011165387299371946,0.988834612700628,7165,-0.00017213754045208862
30,Brazil,Distrito Federal,2020-11-16,220403,3825,211948,9522,92,4800,0.5137576139466499,0.018806214227309895,0.9811937857726901,4892,-0.007640826927937883
31,Brazil,Distrito Federal,2020-11-26,226697,3910,216780,10924,85,4832,0.4501098498718418,0.017286963595688428,0.9827130364043116,4917,0.0015192506316215049
32,Brazil,Distrito Federal,2020-12-06,233731,3985,221890,13041,75,5110,0.3975922091864121,0.01446480231436837,0.9855351976856316,5185,0.002822161281319957
33,Brazil,Distrito Federal,2020-12-16,241400,4107,230225,15525,122,8335,0.5447342995169082,0.01442591935674589,0.9855740806432541,8457,3.888295762255467e-05
34,Brazil,Distrito Federal,2020-12-26,247928,4198,237839,13596,91,7614,0.5667107972933215,0.0118105126541207,0.9881894873458793,7705,0.002615406702625167
35,Brazil,Distrito Federal,2021-01-05,254913,4305,244859,12876,107,7020,0.5535104069586828,0.01501332959169356,0.9849866704083065,7127,-0.00320281693757285
36,Brazil,Distrito Federal,2021-01-15,262928,4406,250567,13764,101,5708,0.4220430107526882,0.017386813565157515,0.9826131864348425,5809,-0.00237348397346393
37,Brazil,Distrito Federal,2021-01-25,271319,4490,259164,16346,84,8597,0.5310779395570782,0.009676304573205851,0.9903236954267941,8681,0.007710508991951581
38,Brazil,Distrito Federal,2021-02-04,279402,4591,269760,15748,101,10596,0.679260858521717,0.009441899598018135,0.9905581004019819,10697,0.00023440497518778525
39,Brazil,Distrito Federal,2021-02-14,284838,4688,274493,10487,97,4733,0.4605702298083341,0.02008281573498965,0.9799171842650104,4830,-0.01064091613697149
40,Brazil,Distrito Federal,2021-02-24,292714,4791,281023,13533,103,6530,0.490135225005542,0.01552841851349314,0.9844715814865068,6633,0.00455439722149642
41,Brazil,Distrito Federal,2021-03-06,305377,4950,286382,19563,159,5359,0.28206307825998056,0.028814787966654584,0.9711852120333454,5518,-0.013286369453161417
42,Brazil,Distrito Federal,2021-03-16,321365,5176,299501,30033,226,13119,0.4443445543235774,0.0169351817159985,0.9830648182840015,13345,0.011879606250656094
43,Brazil,Distrito Federal,2021-03-26,337294,5674,315384,32617,498,15883,0.5022227672686023,0.03040107441548135,0.9695989255845187,16381,-0.01346589269948284
44,Brazil,Distrito Federal,2021-04-05,351163,6366,329673,30105,692,14289,0.497624979239329,0.04619184300113477,0.9538081569988652,14981,-0.015790768585653425
45,Brazil,Distrito Federal,2021-04-15,363344,7049,343690,27305,683,14017,0.5383629371909907,0.046462585034013605,0.9535374149659864,14700,-0.0002707420328788013
46,Brazil,Distrito Federal,2021-04-25,373501,7569,354122,22762,520,10432,0.48115279852385556,0.04747991234477721,0.9525200876552228,10952,-0.0010173273107636494
47,Brazil,Distrito Federal,2021-05-05,383030,7978,366991,21339,409,12869,0.6222409672430761,0.030802831751769844,0.9691971682482301,13278,0.01667708059300732
48,Brazil,Distrito Federal,2021-05-15,391688,8298,372483,16719,320,5492,0.34762844667743287,0.05505849965588438,0.9449415003441156,5812,-0.024255667904114486
49,Brazil,Distrito Federal,2021-05-25,400188,8514,378885,19407,216,6402,0.34101097542123976,0.032638259292837715,0.9673617407071623,6618,0.022420240363046684
50,Brazil,Distrito Federal,2021-06-04,409147,8766,389884,21748,252,10999,0.5173349273496414,0.022398009065860813,0.9776019909341392,11251,0.010240250226976944
51,Brazil,Distrito Federal,2021-06-14,418089,8976,398721,19439,210,8837,0.46540459900200626,0.023212114513098264,0.9767878854869018,9047,-0.0008141054472374787
52,Brazil,Distrito Federal,2021-06-24,425790,9158,406811,18093,182,8090,0.45719338970872714,0.022001934235976787,0.9779980657640233,8272,0.0012101802771214976
53,Brazil,Distrito Federal,2021-06-29,429636,9232,406811,13667,74,0,0.005414502085314992,1.0,0.0,74,-0.9779980657640233
