Index,Region,Subregion,Stage,Confirmed,Deaths,Recovered,Stage_Confirmed,Stage_Deaths,Stage_Recovered,Stage_Treated%,Stage_Deaths%,Stage_Recovered%,Stage_Treated,Recovered_Change
12,Brazil,Mato Grosso do Sul,2020-05-20,693,17,0,693,17,0,0.024531024531024532,1.0,0.0,17,
13,Brazil,Mato Grosso do Sul,2020-05-30,1418,19,0,1401,2,0,0.0014275517487508922,1.0,0.0,2,0.0
14,Brazil,Mato Grosso do Sul,2020-06-09,2455,22,1227,2436,3,1227,0.5049261083743842,0.0024390243902439024,0.9975609756097561,1230,0.9975609756097561
15,Brazil,Mato Grosso do Sul,2020-06-19,4666,40,2290,3417,18,1063,0.3163593795727246,0.016651248843663275,0.9833487511563367,1081,-0.014212224453419409
16,Brazil,Mato Grosso do Sul,2020-06-29,7676,75,4227,5346,35,1937,0.36887392442947997,0.017748478701825558,0.9822515212981744,1972,-0.0010972298581622963
17,Brazil,Mato Grosso do Sul,2020-07-09,11671,136,7629,7369,61,3402,0.4699416474419867,0.01761478486861103,0.982385215131389,3463,0.0001336938332145987
18,Brazil,Mato Grosso do Sul,2020-07-19,16403,222,10568,8638,86,2939,0.35019680481592963,0.028429752066115702,0.9715702479338842,3025,-0.010814967197504743
19,Brazil,Mato Grosso do Sul,2020-07-29,23411,342,15827,12621,120,5259,0.4261944378416924,0.022308979364194088,0.9776910206358059,5379,0.006120772701921684
20,Brazil,Mato Grosso do Sul,2020-08-08,30707,492,22020,14538,150,6193,0.43630485623882237,0.02364811603342267,0.9763518839665773,6343,-0.00133913666922858
21,Brazil,Mato Grosso do Sul,2020-08-18,38393,657,30483,15881,165,8463,0.5432907247654429,0.01912378303198887,0.9808762169680111,8628,0.0045243330014337335
22,Brazil,Mato Grosso do Sul,2020-08-28,47152,823,39644,16012,166,9161,0.5825006245316013,0.017797791358421786,0.9822022086415783,9327,0.0013259916735671728
23,Brazil,Mato Grosso do Sul,2020-09-07,54125,970,44741,13658,147,5097,0.38395079806706695,0.02803203661327231,0.9719679633867276,5244,-0.010234245254850616
24,Brazil,Mato Grosso do Sul,2020-09-17,61794,1133,55022,16083,163,10281,0.6493813343281726,0.015607047108387591,0.9843929528916124,10444,0.012424989504884798
25,Brazil,Mato Grosso do Sul,2020-09-27,68092,1263,59998,11937,130,4976,0.4277456647398844,0.0254602428515472,0.9745397571484528,5106,-0.009853195743159682
26,Brazil,Mato Grosso do Sul,2020-10-07,73027,1385,66615,11766,122,6617,0.5727519972802991,0.018103576198248997,0.981896423801751,6739,0.0073566666532982605
27,Brazil,Mato Grosso do Sul,2020-10-17,77011,1486,68629,9011,101,2014,0.2347131283986239,0.04775413711583924,0.9522458628841608,2115,-0.02965056091759022
28,Brazil,Mato Grosso do Sul,2020-10-27,80538,1566,75521,10423,80,6892,0.6689053055742109,0.011474469305794608,0.9885255306942053,6972,0.03627966781004455
29,Brazil,Mato Grosso do Sul,2020-11-06,84159,1634,78740,7072,68,3219,0.46479072398190047,0.020687557042896258,0.9793124429571037,3287,-0.00921308773710161
30,Brazil,Mato Grosso do Sul,2020-11-16,88111,1693,81900,7737,59,3160,0.41605273361768125,0.018328673501087293,0.9816713264989128,3219,0.0023588835418090204
31,Brazil,Mato Grosso do Sul,2020-11-26,95193,1748,84587,11600,55,2687,0.2363793103448276,0.020058351568198397,0.9799416484318016,2742,-0.0017296780671111067
32,Brazil,Mato Grosso do Sul,2020-12-06,105223,1833,90152,18888,85,5565,0.29913172384582803,0.01504424778761062,0.9849557522123894,5650,0.005014103780587753
33,Brazil,Mato Grosso do Sul,2020-12-16,116612,1978,99658,24627,145,9506,0.39188695334389084,0.015024349808310019,0.98497565019169,9651,1.989797930057602e-05
34,Brazil,Mato Grosso do Sul,2020-12-26,128164,2207,111663,26528,229,12005,0.4611731001206273,0.018718325976786007,0.981281674023214,12234,-0.0036939761684759986
35,Brazil,Mato Grosso do Sul,2021-01-05,137570,2431,122643,23700,224,10980,0.4727426160337553,0.019992859692966797,0.9800071403070332,11204,-0.0012745337161808035
36,Brazil,Mato Grosso do Sul,2021-01-15,148415,2648,133167,23341,217,10524,0.4601773702926181,0.020202960618191976,0.9797970393818081,10741,-0.0002101009252251096
37,Brazil,Mato Grosso do Sul,2021-01-25,156711,2819,143186,20896,171,10019,0.4876531393568147,0.016781157998037293,0.9832188420019627,10190,0.003421802620154679
38,Brazil,Mato Grosso do Sul,2021-02-04,163692,2972,152865,17687,153,9679,0.5558885056821394,0.015561432058584216,0.9844385679414158,9832,0.0012197259394530757
39,Brazil,Mato Grosso do Sul,2021-02-14,170522,3130,160472,14685,158,7607,0.5287708546135512,0.020347714101738572,0.9796522858982615,7765,-0.004786282043154344
40,Brazil,Mato Grosso do Sul,2021-02-24,178250,3246,166253,14648,116,5781,0.4025805570726379,0.01967101916228591,0.9803289808377141,5897,0.00067669493945266
41,Brazil,Mato Grosso do Sul,2021-03-06,187073,3431,172910,17574,185,6657,0.3893251394104928,0.027038877521192634,0.9729611224788074,6842,-0.0073678583589067426
42,Brazil,Mato Grosso do Sul,2021-03-16,196094,3667,180784,19753,236,7874,0.4105705462461398,0.029099876695437732,0.9709001233045623,8110,-0.0020609991742450706
43,Brazil,Mato Grosso do Sul,2021-03-26,208495,4045,190322,24044,378,9538,0.41241058060222924,0.038120209762000805,0.9618797902379992,9916,-0.009020333066563135
44,Brazil,Mato Grosso do Sul,2021-04-05,221725,4513,202278,27358,468,11956,0.45412676365231375,0.03766902768834514,0.9623309723116549,12424,0.0004511820736556871
45,Brazil,Mato Grosso do Sul,2021-04-15,233948,5055,215207,27157,542,12929,0.49604153625216335,0.04023457798233242,0.9597654220176676,13471,-0.0025655502939873065
46,Brazil,Mato Grosso do Sul,2021-04-25,243553,5514,224726,23291,459,9519,0.4284058219913271,0.046001202645820805,0.9539987973541791,9978,-0.005766624663488429
47,Brazil,Mato Grosso do Sul,2021-05-05,252449,5898,237704,22209,384,12978,0.6016479805484263,0.028738212842388863,0.9712617871576111,13362,0.017262989803431994
48,Brazil,Mato Grosso do Sul,2021-05-15,263945,6194,243139,20343,296,5435,0.2817185272575333,0.051648926888850116,0.9483510731111499,5731,-0.022910714046461278
49,Brazil,Mato Grosso do Sul,2021-05-25,279867,6543,249323,30534,349,6184,0.21395821051942096,0.05342109291290372,0.9465789070870962,6533,-0.001772166024053612
50,Brazil,Mato Grosso do Sul,2021-06-04,298091,7032,268375,42225,489,19052,0.4627827116637063,0.025024307865513535,0.9749756921344864,19541,0.028396785047390183
51,Brazil,Mato Grosso do Sul,2021-06-14,314445,7517,288044,39038,485,19669,0.516266202161996,0.024064701796169496,0.9759352982038305,20154,0.0009596060693440878
52,Brazil,Mato Grosso do Sul,2021-06-24,328406,7953,303789,32845,436,15745,0.49264728269142943,0.026945182621593226,0.9730548173784068,16181,-0.0028804808254236924
53,Brazil,Mato Grosso do Sul,2021-07-04,338328,8331,316567,26586,378,12778,0.49484691190852326,0.0287321374277896,0.9712678625722104,13156,-0.0017869548061963947
54,Brazil,Mato Grosso do Sul,2021-07-10,342884,8507,326902,17986,176,10335,0.5843989769820972,0.01674436304823518,0.9832556369517648,10511,0.011987774379554339
