Index,Region,Subregion,Stage,Confirmed,Deaths,Recovered,Stage_Confirmed,Stage_Deaths,Stage_Recovered,Stage_Treated%,Stage_Deaths%,Stage_Recovered%,Stage_Treated,Recovered_Change
23,Spain,Murcia,2020-05-15,1534,143,2034,1534,143,2034,1.4191655801825294,0.06568672485071199,0.934313275149288,2177,
24,Spain,Murcia,2020-05-20,1560,148,0,-617,5,-2034,3.288492706645057,-0.0024642681123706258,1.0024642681123705,-2029,0.06815099296308258
25,Spain,Murcia,2020-05-25,1573,139,0,1425,-9,0,-0.00631578947368421,1.0,-0.0,-9,-1.0024642681123705
26,Spain,Murcia,2020-05-30,1597,148,2180,1458,9,2180,1.5013717421124828,0.004111466423024212,0.9958885335769758,2189,0.9958885335769758
27,Spain,Murcia,2020-06-04,1613,148,2180,-715,0,0,-0.0,,,0,
28,Spain,Murcia,2020-06-09,1619,148,2180,-709,0,0,-0.0,,,0,
29,Spain,Murcia,2020-06-14,1629,148,2180,-699,0,0,-0.0,,,0,
30,Spain,Murcia,2020-06-19,1638,147,2180,-690,-1,0,0.0014492753623188406,1.0,-0.0,-1,
31,Spain,Murcia,2020-06-24,1655,147,2180,-672,0,0,-0.0,,,0,
32,Spain,Murcia,2020-06-29,1680,147,2180,-647,0,0,-0.0,,,0,
33,Spain,Murcia,2020-07-04,1697,148,2180,-630,1,0,-0.0015873015873015873,1.0,0.0,1,
34,Spain,Murcia,2020-07-09,1721,148,2180,-607,0,0,-0.0,,,0,
35,Spain,Murcia,2020-07-14,1760,148,2180,-568,0,0,-0.0,,,0,
36,Spain,Murcia,2020-07-19,1786,148,2180,-542,0,0,-0.0,,,0,
37,Spain,Murcia,2020-07-24,1988,148,2180,-340,0,0,-0.0,,,0,
38,Spain,Murcia,2020-07-29,2199,148,2180,-129,0,0,-0.0,,,0,
39,Spain,Murcia,2020-08-03,2460,148,2180,132,0,0,0.0,,,0,
40,Spain,Murcia,2020-08-08,2831,148,2180,503,0,0,0.0,,,0,
41,Spain,Murcia,2020-08-13,3224,149,2180,896,1,0,0.0011160714285714285,1.0,0.0,1,
42,Spain,Murcia,2020-08-18,3664,151,2180,1335,2,0,0.00149812734082397,1.0,0.0,2,0.0
43,Spain,Murcia,2020-08-23,4067,152,2180,1736,1,0,0.000576036866359447,1.0,0.0,1,0.0
44,Spain,Murcia,2020-08-28,5455,156,2180,3123,4,0,0.001280819724623759,1.0,0.0,4,0.0
45,Spain,Murcia,2020-09-02,6755,157,2180,4419,1,0,0.00022629554197782303,1.0,0.0,1,0.0
46,Spain,Murcia,2020-09-07,8575,160,2180,6238,3,0,0.0004809233728759218,1.0,0.0,3,0.0
47,Spain,Murcia,2020-09-12,10220,169,2180,7880,9,0,0.0011421319796954316,1.0,0.0,9,0.0
48,Spain,Murcia,2020-09-17,11733,178,2180,9384,9,0,0.0009590792838874681,1.0,0.0,9,0.0
49,Spain,Murcia,2020-09-22,15457,195,2180,13099,17,0,0.0012978089930529048,1.0,0.0,17,0.0
50,Spain,Murcia,2020-09-27,17109,201,2180,14734,6,0,0.000407221392697163,1.0,0.0,6,0.0
51,Spain,Murcia,2020-10-02,20152,218,2180,17771,17,0,0.0009566147093579427,1.0,0.0,17,0.0
52,Spain,Murcia,2020-10-07,22171,224,2180,19773,6,0,0.00030344409042633893,1.0,0.0,6,0.0
53,Spain,Murcia,2020-10-12,23926,236,2180,21522,12,0,0.0005575689991636465,1.0,0.0,12,0.0
54,Spain,Murcia,2020-10-17,25665,257,2180,23249,21,0,0.0009032646565443675,1.0,0.0,21,0.0
55,Spain,Murcia,2020-10-22,28779,279,2180,26342,22,0,0.0008351681725001898,1.0,0.0,22,0.0
56,Spain,Murcia,2020-10-27,31548,299,2180,29089,20,0,0.0006875451201485098,1.0,0.0,20,0.0
57,Spain,Murcia,2020-11-01,34363,317,2180,31884,18,0,0.0005645464809936018,1.0,0.0,18,0.0
58,Spain,Murcia,2020-11-06,41387,389,2180,38890,72,0,0.001851375674980715,1.0,0.0,72,0.0
59,Spain,Murcia,2020-11-11,46631,442,2180,44062,53,0,0.0012028505288003268,1.0,0.0,53,0.0
60,Spain,Murcia,2020-11-16,49720,486,2180,47098,44,0,0.0009342222599685761,1.0,0.0,44,0.0
61,Spain,Murcia,2020-11-21,51666,543,2180,49000,57,0,0.001163265306122449,1.0,0.0,57,0.0
62,Spain,Murcia,2020-11-26,53429,589,2180,50706,46,0,0.0009071904705557528,1.0,0.0,46,0.0
63,Spain,Murcia,2020-12-01,54369,611,2180,51600,22,0,0.0004263565891472868,1.0,0.0,22,0.0
64,Spain,Murcia,2020-12-06,55116,623,2180,52325,12,0,0.00022933588150979455,1.0,0.0,12,0.0
65,Spain,Murcia,2020-12-11,56087,658,2180,53284,35,0,0.0006568575932737783,1.0,0.0,35,0.0
66,Spain,Murcia,2020-12-16,56997,687,2180,54159,29,0,0.0005354604036263594,1.0,0.0,29,0.0
67,Spain,Murcia,2020-12-21,57777,708,2180,54910,21,0,0.00038244399927153525,1.0,0.0,21,0.0
68,Spain,Murcia,2020-12-26,58232,716,2180,55344,8,0,0.00014455044810638914,1.0,0.0,8,0.0
69,Spain,Murcia,2020-12-31,60316,744,2180,57420,28,0,0.0004876349703935911,1.0,0.0,28,0.0
70,Spain,Murcia,2021-01-05,62280,759,2180,59356,15,0,0.00025271244693038613,1.0,0.0,15,0.0
71,Spain,Murcia,2021-01-10,63380,769,2180,60441,10,0,0.00016545060472196026,1.0,0.0,10,0.0
72,Spain,Murcia,2021-01-15,74623,805,2180,71674,36,0,0.000502274185897257,1.0,0.0,36,0.0
73,Spain,Murcia,2021-01-20,82243,852,2180,79258,47,0,0.0005930000757021374,1.0,0.0,47,0.0
74,Spain,Murcia,2021-01-25,90786,926,2180,87754,74,0,0.0008432664038106525,1.0,0.0,74,0.0
75,Spain,Murcia,2021-01-30,97921,1066,2180,94815,140,0,0.0014765596160944998,1.0,0.0,140,0.0
76,Spain,Murcia,2021-02-04,101589,1190,2180,98343,124,0,0.001260892996959621,1.0,0.0,124,0.0
77,Spain,Murcia,2021-02-09,103374,1256,2180,100004,66,0,0.0006599736010559577,1.0,0.0,66,0.0
78,Spain,Murcia,2021-02-14,104142,1301,2180,100706,45,0,0.00044684527237701826,1.0,0.0,45,0.0
79,Spain,Murcia,2021-02-19,105298,1389,2180,101817,88,0,0.0008642957462899123,1.0,0.0,88,0.0
80,Spain,Murcia,2021-02-24,105884,1435,2180,102315,46,0,0.00044959194643991597,1.0,0.0,46,0.0
81,Spain,Murcia,2021-03-01,106388,1482,2180,102773,47,0,0.0004573185564301908,1.0,0.0,47,0.0
82,Spain,Murcia,2021-03-06,106808,1511,2180,103146,29,0,0.00028115486785721213,1.0,0.0,29,0.0
83,Spain,Murcia,2021-03-11,107238,1536,2180,103547,25,0,0.00024143625599969097,1.0,0.0,25,0.0
84,Spain,Murcia,2021-03-16,107580,1541,2180,103864,5,0,4.813987522144342e-05,1.0,0.0,5,0.0
85,Spain,Murcia,2021-03-21,107683,1544,2180,103962,3,0,2.8856697639522133e-05,1.0,0.0,3,0.0
86,Spain,Murcia,2021-03-26,108198,1553,2180,104474,9,0,8.61458353274499e-05,1.0,0.0,9,0.0
87,Spain,Murcia,2021-03-31,108542,1562,2180,104809,9,0,8.587048822143137e-05,1.0,0.0,9,0.0
88,Spain,Murcia,2021-04-05,108832,1567,2180,105090,5,0,4.7578266247977927e-05,1.0,0.0,5,0.0
89,Spain,Murcia,2021-04-10,109243,1573,2180,105496,6,0,5.687419428224767e-05,1.0,0.0,6,0.0
90,Spain,Murcia,2021-04-15,109660,1577,2180,105907,4,0,3.776898599714844e-05,1.0,0.0,4,0.0
91,Spain,Murcia,2021-04-20,109908,1584,2180,106151,7,0,6.594379704383378e-05,1.0,0.0,7,0.0
92,Spain,Murcia,2021-04-25,110257,1585,2180,106493,1,0,9.390288563567558e-06,1.0,0.0,1,0.0
93,Spain,Murcia,2021-04-30,110778,1587,2180,107013,2,0,1.8689318120228385e-05,1.0,0.0,2,0.0
94,Spain,Murcia,2021-05-05,111090,1590,2180,107323,3,0,2.795300168649777e-05,1.0,0.0,3,0.0
95,Spain,Murcia,2021-05-10,111413,1590,2180,107643,0,0,0.0,,,0,
96,Spain,Murcia,2021-05-15,111756,1593,2180,107986,3,0,2.778137906765692e-05,1.0,0.0,3,
97,Spain,Murcia,2021-05-20,112207,1593,2180,108434,0,0,0.0,,,0,
98,Spain,Murcia,2021-05-25,112606,1596,2180,108833,3,0,2.7565168652890208e-05,1.0,0.0,3,
99,Spain,Murcia,2021-05-30,112926,1600,2180,109150,4,0,3.6646816307833254e-05,1.0,0.0,4,0.0
100,Spain,Murcia,2021-06-04,113352,1602,2180,109572,2,0,1.8252838316358193e-05,1.0,0.0,2,0.0
101,Spain,Murcia,2021-06-09,113576,1603,2180,109794,1,0,9.107965826912217e-06,1.0,0.0,1,0.0
102,Spain,Murcia,2021-06-14,113831,1604,2180,110048,1,0,9.086943879034603e-06,1.0,0.0,1,0.0
103,Spain,Murcia,2021-06-19,114090,1604,2180,110306,0,0,0.0,,,0,
104,Spain,Murcia,2021-06-24,114477,1606,2180,110693,2,0,1.8067989845789707e-05,1.0,0.0,2,
105,Spain,Murcia,2021-06-29,114809,1606,2180,111023,0,0,0.0,,,0,
106,Spain,Murcia,2021-06-30,114918,1606,2180,111132,0,0,0.0,,,0,
