Index,Region,Subregion,Stage,Confirmed,Deaths,Recovered,Stage_Confirmed,Stage_Deaths,Stage_Recovered,Stage_Treated%,Stage_Deaths%,Stage_Recovered%,Stage_Treated,Recovered_Change
5,Mexico,Coahuila,2020-05-31,1084,81,797,1084,81,797,0.8099630996309963,0.09225512528473805,0.907744874715262,878,
6,Mexico,Coahuila,2020-06-30,4573,229,3245,3695,148,2448,0.7025710419485791,0.05701078582434515,0.9429892141756548,2596,0.03524433946039285
7,Mexico,Coahuila,2020-07-31,12749,623,9740,9275,394,6495,0.7427493261455526,0.0571926259253883,0.9428073740746117,6889,-0.0001818401010431625
8,Mexico,Coahuila,2020-08-31,21607,1379,18394,11244,756,8654,0.8368907861970829,0.08034006376195536,0.9196599362380447,9410,-0.02314743783656703
9,Mexico,Coahuila,2020-09-30,26389,1883,23154,6616,504,4760,0.7956469165659008,0.09574468085106383,0.9042553191489362,5264,-0.015404617089108452
10,Mexico,Coahuila,2020-10-31,34171,2428,28480,9134,545,5326,0.6427633019487629,0.09282916027933913,0.9071708397206609,5871,0.002915520571724728
11,Mexico,Coahuila,2020-11-30,41948,3296,0,11040,868,-28480,-2.501086956521739,-0.03143560770679415,1.031435607706794,-27612,0.12426476798613317
12,Mexico,Coahuila,2020-12-31,49427,4181,0,46131,885,0,0.019184496325681213,1.0,0.0,885,-1.031435607706794
13,Mexico,Coahuila,2021-01-31,60370,5214,0,56189,1033,0,0.01838438128459307,1.0,0.0,1033,0.0
14,Mexico,Coahuila,2021-02-28,64795,5672,0,59581,458,0,0.007687014316644568,1.0,0.0,458,0.0
15,Mexico,Coahuila,2021-03-31,66715,5869,0,61043,197,0,0.00322723326179906,1.0,0.0,197,0.0
16,Mexico,Coahuila,2021-04-30,68025,6196,0,62156,327,0,0.005260956303494433,1.0,0.0,327,0.0
17,Mexico,Coahuila,2021-05-31,68814,6262,0,62618,66,0,0.001054010029065125,1.0,0.0,66,0.0
18,Mexico,Coahuila,2021-06-30,69635,6419,0,63373,157,0,0.002477395736354599,1.0,0.0,157,0.0
19,Mexico,Coahuila,2021-07-02,69700,6423,0,63281,4,0,6.321012626222721e-05,1.0,0.0,4,0.0
