Index,Region,Subregion,Stage,Confirmed,Deaths,Recovered,Stage_Confirmed,Stage_Deaths,Stage_Recovered,Stage_Treated%,Stage_Deaths%,Stage_Recovered%,Stage_Treated,Recovered_Change
5,Mexico,Jalisco,2020-05-31,1760,143,992,1760,143,992,0.6448863636363636,0.12599118942731277,0.8740088105726872,1135,
6,Mexico,Jalisco,2020-06-30,6684,692,5038,5549,549,4046,0.8280771310145972,0.11947769314472252,0.8805223068552774,4595,0.0065134962825902365
7,Mexico,Jalisco,2020-07-31,13061,1524,9770,7331,832,4732,0.7589687627881598,0.14953271028037382,0.8504672897196262,5564,-0.030055017135651285
8,Mexico,Jalisco,2020-08-31,20324,2428,16219,9030,904,6449,0.8142857142857143,0.12294301645586836,0.8770569835441316,7353,0.02658969382450549
9,Mexico,Jalisco,2020-09-30,26963,3295,21516,8316,867,5297,0.7412217412217412,0.14065541855937702,0.859344581440623,6164,-0.017712402103508662
10,Mexico,Jalisco,2020-10-31,34396,4063,28060,9585,768,6544,0.7628586332811685,0.1050328227571116,0.8949671772428884,7312,0.035622595802265455
11,Mexico,Jalisco,2020-11-30,41266,4826,0,9143,763,-28060,-2.9855627255824126,-0.027951789573945854,1.0279517895739458,-27297,0.1329846123310574
12,Mexico,Jalisco,2020-12-31,51994,6030,0,47168,1204,0,0.025525780189959293,1.0,0.0,1204,-1.0279517895739458
13,Mexico,Jalisco,2021-01-31,70078,8526,0,64048,2496,0,0.0389707719210592,1.0,0.0,2496,0.0
14,Mexico,Jalisco,2021-02-28,78097,10475,0,69571,1949,0,0.028014546290839572,1.0,0.0,1949,0.0
15,Mexico,Jalisco,2021-03-31,82617,11354,0,72142,879,0,0.01218430317983976,1.0,0.0,879,0.0
16,Mexico,Jalisco,2021-04-30,85436,11886,0,74082,532,0,0.007181231608217921,1.0,0.0,532,0.0
17,Mexico,Jalisco,2021-05-31,87080,12377,0,75194,491,0,0.006529776311939782,1.0,0.0,491,0.0
18,Mexico,Jalisco,2021-06-30,88957,12687,0,76580,310,0,0.004048054322277357,1.0,0.0,310,0.0
19,Mexico,Jalisco,2021-07-31,106215,13115,0,93528,428,0,0.004576169703190488,1.0,0.0,428,0.0
20,Mexico,Jalisco,2021-08-12,116718,13656,,103603,541,,,,,,
