Index,Region,Subregion,Stage,Confirmed,Deaths,Recovered,Stage_Confirmed,Stage_Deaths,Stage_Recovered,Stage_Treated%,Stage_Deaths%,Stage_Recovered%,Stage_Treated,Recovered_Change
14,Russia,Karachay-Cherkess Republic,2020-06-09,1729,9,472,1729,9,472,0.2781954887218045,0.018711018711018712,0.9812889812889813,481,
15,Russia,Karachay-Cherkess Republic,2020-06-19,2639,9,777,2158,0,305,0.14133456904541242,0.0,1.0,305,0.018711018711018657
16,Russia,Karachay-Cherkess Republic,2020-06-29,3448,12,1382,2662,3,605,0.22839969947407965,0.004934210526315789,0.9950657894736842,608,-0.004934210526315819
17,Russia,Karachay-Cherkess Republic,2020-07-09,3957,15,2210,2563,3,828,0.32422941865001953,0.0036101083032490976,0.9963898916967509,831,0.00132410222306667
18,Russia,Karachay-Cherkess Republic,2020-07-19,4212,20,2671,1987,5,461,0.23452440865626573,0.01072961373390558,0.9892703862660944,466,-0.007119505430656425
19,Russia,Karachay-Cherkess Republic,2020-07-29,4423,21,3081,1732,1,410,0.23729792147806006,0.0024330900243309003,0.9975669099756691,411,0.008296523709574677
20,Russia,Karachay-Cherkess Republic,2020-08-08,4527,24,3400,1425,3,319,0.22596491228070176,0.009316770186335404,0.9906832298136646,322,-0.0068836801620044685
21,Russia,Karachay-Cherkess Republic,2020-08-18,4670,25,3851,1246,1,451,0.36276083467094705,0.0022123893805309734,0.9977876106194691,452,0.007104380805804444
22,Russia,Karachay-Cherkess Republic,2020-08-28,4976,26,4358,1100,1,507,0.4618181818181818,0.001968503937007874,0.9980314960629921,508,0.00024388544352305086
23,Russia,Karachay-Cherkess Republic,2020-09-07,5523,28,4468,1139,2,110,0.09833187006145742,0.017857142857142856,0.9821428571428571,112,-0.015888638920135034
24,Russia,Karachay-Cherkess Republic,2020-09-17,6158,28,4659,1662,0,191,0.11492178098676294,0.0,1.0,191,0.017857142857142905
25,Russia,Karachay-Cherkess Republic,2020-09-27,6819,28,4791,2132,0,132,0.06191369606003752,0.0,1.0,132,0.0
26,Russia,Karachay-Cherkess Republic,2020-10-07,7596,29,4940,2777,1,149,0.05401512423478574,0.006666666666666667,0.9933333333333333,150,-0.00666666666666671
27,Russia,Karachay-Cherkess Republic,2020-10-17,8406,30,5112,3437,1,172,0.0503345941227815,0.005780346820809248,0.9942196531791907,173,0.0008863198458574084
28,Russia,Karachay-Cherkess Republic,2020-10-27,9259,30,5378,4117,0,266,0.06461015302404663,0.0,1.0,266,0.005780346820809301
29,Russia,Karachay-Cherkess Republic,2020-11-06,10117,34,6031,4709,4,653,0.13952006795497982,0.0060882800608828,0.9939117199391172,657,-0.0060882800608828
30,Russia,Karachay-Cherkess Republic,2020-11-16,11001,34,6919,4936,0,888,0.17990275526742303,0.0,1.0,888,0.0060882800608828
31,Russia,Karachay-Cherkess Republic,2020-11-26,11866,34,8195,4913,0,1276,0.2597191125585182,0.0,1.0,1276,0.0
32,Russia,Karachay-Cherkess Republic,2020-12-06,12789,36,10544,4560,2,2349,0.5155701754385965,0.0008507018290089324,0.9991492981709911,2351,-0.0008507018290089263
33,Russia,Karachay-Cherkess Republic,2020-12-16,13746,37,12215,3166,1,1671,0.5281111813013266,0.0005980861244019139,0.9994019138755981,1672,0.00025261570460699545
34,Russia,Karachay-Cherkess Republic,2020-12-26,14671,41,13071,2419,4,856,0.3555188094253824,0.004651162790697674,0.9953488372093023,860,-0.00405307666629573
35,Russia,Karachay-Cherkess Republic,2021-01-05,15560,42,13995,2448,1,924,0.377859477124183,0.001081081081081081,0.9989189189189189,925,0.0035700817096165904
36,Russia,Karachay-Cherkess Republic,2021-01-15,16379,45,14771,2342,3,776,0.3326216908625107,0.0038510911424903724,0.9961489088575096,779,-0.0027700100614093115
37,Russia,Karachay-Cherkess Republic,2021-01-25,17151,49,15481,2335,4,710,0.3057815845824411,0.0056022408963585435,0.9943977591036415,714,-0.001751149753868142
38,Russia,Karachay-Cherkess Republic,2021-02-04,17830,57,16097,2300,8,616,0.271304347826087,0.01282051282051282,0.9871794871794872,624,-0.0072182719241542515
39,Russia,Karachay-Cherkess Republic,2021-02-14,18412,60,16748,2258,3,651,0.2896368467670505,0.0045871559633027525,0.9954128440366973,654,0.00823335685721005
40,Russia,Karachay-Cherkess Republic,2021-02-24,18891,62,17142,2083,2,394,0.19011041766682668,0.005050505050505051,0.9949494949494949,396,-0.00046334908720235823
41,Russia,Karachay-Cherkess Republic,2021-03-06,19254,64,17561,2050,2,419,0.20536585365853657,0.004750593824228029,0.995249406175772,421,0.0002999112262770387
42,Russia,Karachay-Cherkess Republic,2021-03-16,19426,67,17958,1801,3,397,0.2220988339811216,0.0075,0.9925,400,-0.002749406175771907
43,Russia,Karachay-Cherkess Republic,2021-03-26,19590,70,18455,1565,3,497,0.3194888178913738,0.006,0.994,500,0.0014999999999999458
44,Russia,Karachay-Cherkess Republic,2021-04-05,19756,71,19082,1231,1,627,0.5101543460601138,0.0015923566878980893,0.9984076433121019,628,0.004407643312101861
45,Russia,Karachay-Cherkess Republic,2021-04-15,19874,73,19744,721,2,662,0.9209431345353676,0.0030120481927710845,0.9969879518072289,664,-0.0014196915048729775
46,Russia,Karachay-Cherkess Republic,2021-04-25,19996,73,19859,179,0,115,0.6424581005586593,0.0,1.0,115,0.003012048192771122
47,Russia,Karachay-Cherkess Republic,2021-05-05,20123,77,19916,191,4,57,0.3193717277486911,0.06557377049180328,0.9344262295081968,61,-0.06557377049180324
48,Russia,Karachay-Cherkess Republic,2021-05-15,20248,95,19944,255,18,28,0.1803921568627451,0.391304347826087,0.6086956521739131,46,-0.3257305773342837
49,Russia,Karachay-Cherkess Republic,2021-05-25,20369,120,20008,330,25,64,0.2696969696969697,0.2808988764044944,0.7191011235955056,89,0.11040547142159252
50,Russia,Karachay-Cherkess Republic,2021-06-02,20472,139,20122,344,19,114,0.3866279069767442,0.14285714285714285,0.8571428571428571,133,0.1380417335473515
