Index,Region,Subregion,Stage,Confirmed,Deaths,Recovered,Stage_Confirmed,Stage_Deaths,Stage_Recovered,Stage_Treated%,Stage_Deaths%,Stage_Recovered%,Stage_Treated,Recovered_Change
14,Russia,Krasnoyarsk Krai,2020-06-09,5617,50,1811,5617,50,1811,0.3313156489229126,0.026867275658248254,0.9731327243417518,1861,
15,Russia,Krasnoyarsk Krai,2020-06-19,7280,79,2577,5419,29,766,0.14670603432367596,0.03647798742138365,0.9635220125786164,795,-0.009610711763135438
16,Russia,Krasnoyarsk Krai,2020-06-29,8760,115,3639,6104,36,1062,0.17988204456094364,0.03278688524590164,0.9672131147540983,1098,0.003691102175481964
17,Russia,Krasnoyarsk Krai,2020-07-09,10106,195,6050,6352,80,2411,0.39215994962216627,0.03211561621838619,0.9678843837816138,2491,0.0006712690275154642
18,Russia,Krasnoyarsk Krai,2020-07-19,11403,260,8529,5158,65,2479,0.4932144241954246,0.025550314465408806,0.9744496855345912,2544,0.006565301752977426
19,Russia,Krasnoyarsk Krai,2020-07-29,12859,318,11553,4070,58,3024,0.7572481572481572,0.01881894873458793,0.9811810512654121,3082,0.006731365730820893
20,Russia,Krasnoyarsk Krai,2020-08-08,14190,358,12094,2319,40,541,0.25053902544200085,0.06884681583476764,0.9311531841652324,581,-0.0500278671001797
21,Russia,Krasnoyarsk Krai,2020-08-18,15402,392,12614,2950,34,520,0.18779661016949153,0.061371841155234655,0.9386281588447654,554,0.007474974679532953
22,Russia,Krasnoyarsk Krai,2020-08-28,16539,458,13258,3533,66,644,0.20096235493914522,0.09295774647887324,0.9070422535211268,710,-0.031585905323638586
23,Russia,Krasnoyarsk Krai,2020-09-07,17626,506,13850,3910,48,592,0.1636828644501279,0.075,0.925,640,0.01795774647887327
24,Russia,Krasnoyarsk Krai,2020-09-17,18648,525,14549,4292,19,699,0.16728797763280523,0.026462395543175487,0.9735376044568245,718,0.048537604456824424
25,Russia,Krasnoyarsk Krai,2020-09-27,19668,548,15144,4594,23,595,0.1345232912494558,0.0372168284789644,0.9627831715210357,618,-0.010754432935788816
26,Russia,Krasnoyarsk Krai,2020-10-07,20882,565,15739,5190,17,595,0.11791907514450867,0.027777777777777776,0.9722222222222222,612,0.009439050701186558
27,Russia,Krasnoyarsk Krai,2020-10-17,22754,596,16496,6450,31,757,0.12217054263565892,0.03934010152284264,0.9606598984771574,788,-0.011562323745064829
28,Russia,Krasnoyarsk Krai,2020-10-27,25293,640,18259,8201,44,1763,0.22033898305084745,0.024349750968456003,0.975650249031544,1807,0.014990350554386578
29,Russia,Krasnoyarsk Krai,2020-11-06,28279,715,20953,9380,75,2694,0.29520255863539446,0.027085590465872156,0.9729144095341279,2769,-0.0027358394974160705
30,Russia,Krasnoyarsk Krai,2020-11-16,31553,838,24022,9885,123,3069,0.3229135053110774,0.03853383458646616,0.9614661654135338,3192,-0.011448244120594087
31,Russia,Krasnoyarsk Krai,2020-11-26,34894,1025,27330,10034,187,3308,0.3483157265297987,0.05350500715307582,0.9464949928469242,3495,-0.014971172566609625
32,Russia,Krasnoyarsk Krai,2020-12-06,38228,1238,30721,9873,213,3391,0.365035956649448,0.05910099889012209,0.9408990011098779,3604,-0.00559599173704628
33,Russia,Krasnoyarsk Krai,2020-12-16,41584,1430,34543,9625,192,3822,0.41703896103896104,0.04783258594917788,0.9521674140508222,4014,0.011268412940944272
34,Russia,Krasnoyarsk Krai,2020-12-26,44892,1621,38888,8919,191,4345,0.508577194752775,0.04210758377425044,0.9578924162257496,4536,0.0057250021749274405
35,Russia,Krasnoyarsk Krai,2021-01-05,48113,1790,43000,7604,169,4112,0.5629931614939505,0.039476757766876897,0.9605232422331231,4281,0.0026308260073735212
36,Russia,Krasnoyarsk Krai,2021-01-15,51308,1940,47000,6518,150,4000,0.6366983737342743,0.03614457831325301,0.963855421686747,4150,0.0033321794536238514
37,Russia,Krasnoyarsk Krai,2021-01-25,54539,2190,50211,5599,250,3211,0.6181460975174138,0.0722334585379948,0.9277665414620052,3461,-0.03608888022474177
38,Russia,Krasnoyarsk Krai,2021-02-04,57638,2438,53101,5237,248,2890,0.5991980141302272,0.07903123008285533,0.9209687699171447,3138,-0.006797771544860498
39,Russia,Krasnoyarsk Krai,2021-02-14,60103,2618,55255,4564,180,2154,0.5113935144609991,0.07712082262210797,0.922879177377892,2334,0.001910407460747332
40,Russia,Krasnoyarsk Krai,2021-02-24,61915,2743,57175,4042,125,1920,0.5059376546264226,0.061124694376528114,0.9388753056234719,2045,0.015996128245579833
41,Russia,Krasnoyarsk Krai,2021-03-06,63493,2873,58724,3575,130,1549,0.46965034965034963,0.07742703990470517,0.9225729600952948,1679,-0.01630234552817711
42,Russia,Krasnoyarsk Krai,2021-03-16,64881,2994,60063,3284,121,1339,0.4445797807551766,0.08287671232876713,0.9171232876712329,1460,-0.005449672424061913
43,Russia,Krasnoyarsk Krai,2021-03-26,66165,3107,61238,3108,113,1175,0.4144144144144144,0.08773291925465838,0.9122670807453416,1288,-0.004856206925891282
44,Russia,Krasnoyarsk Krai,2021-04-05,67394,3216,62392,3049,109,1154,0.41423417513939,0.08630245447347586,0.9136975455265242,1263,0.0014304647811825832
45,Russia,Krasnoyarsk Krai,2021-04-15,68598,3333,63333,2990,117,941,0.35384615384615387,0.11058601134215501,0.889413988657845,1058,-0.024283556868679113
46,Russia,Krasnoyarsk Krai,2021-04-25,69770,3451,64331,3104,118,998,0.3595360824742268,0.1057347670250896,0.8942652329749103,1116,0.004851244317065295
47,Russia,Krasnoyarsk Krai,2021-05-05,70904,3548,65300,3122,97,969,0.34144778987828317,0.09099437148217636,0.9090056285178236,1066,0.014740395542913287
48,Russia,Krasnoyarsk Krai,2021-05-15,71958,3635,66279,3110,87,979,0.3427652733118971,0.08161350844277673,0.9183864915572233,1066,0.009380863039399667
49,Russia,Krasnoyarsk Krai,2021-05-25,72941,3703,67169,3027,68,890,0.31648496861579123,0.0709812108559499,0.9290187891440501,958,0.010632297586826822
50,Russia,Krasnoyarsk Krai,2021-06-04,73887,3768,67989,3015,65,820,0.2935323383084577,0.07344632768361582,0.9265536723163842,885,-0.002465116827665925
51,Russia,Krasnoyarsk Krai,2021-06-14,74925,3832,68786,3168,64,797,0.27178030303030304,0.0743321718931475,0.9256678281068524,861,-0.0008858442095317498
52,Russia,Krasnoyarsk Krai,2021-06-24,76367,3905,69689,3749,73,903,0.2603360896238997,0.07479508196721311,0.9252049180327869,976,-0.00046291007406551454
53,Russia,Krasnoyarsk Krai,2021-07-04,78770,3993,70723,5176,88,1034,0.21676970633693973,0.0784313725490196,0.9215686274509803,1122,-0.0036362905818065894
54,Russia,Krasnoyarsk Krai,2021-07-14,82692,4120,71874,7976,127,1151,0.1602306920762287,0.09937402190923318,0.9006259780907668,1278,-0.020942649360213506
55,Russia,Krasnoyarsk Krai,2021-07-24,87602,4297,73906,11608,177,2032,0.1902997932460372,0.08012675418741512,0.9198732458125849,2209,0.019247267721818062
56,Russia,Krasnoyarsk Krai,2021-07-26,88569,4332,74436,10366,35,530,0.05450511286899479,0.061946902654867256,0.9380530973451328,565,0.018179851532547864
