Index,Region,Subregion,Stage,Confirmed,Deaths,Recovered,Stage_Confirmed,Stage_Deaths,Stage_Recovered,Stage_Treated%,Stage_Deaths%,Stage_Recovered%,Stage_Treated,Recovered_Change
14,Russia,Penza Oblast,2020-06-09,3191,28,2531,3191,28,2531,0.8019429645879035,0.010941774130519734,0.9890582258694802,2559,
15,Russia,Penza Oblast,2020-06-19,4151,34,3530,1592,6,999,0.6312814070351759,0.005970149253731343,0.9940298507462687,1005,0.004971624876788483
16,Russia,Penza Oblast,2020-06-29,4893,40,4511,1329,6,981,0.7426636568848759,0.0060790273556231,0.993920972644377,987,-0.00010887810189175173
17,Russia,Penza Oblast,2020-07-09,5628,56,5061,1077,16,550,0.5255338904363974,0.028268551236749116,0.9717314487632509,566,-0.02218952388112605
18,Russia,Penza Oblast,2020-07-19,5991,72,5268,874,16,207,0.2551487414187643,0.07174887892376682,0.9282511210762332,223,-0.043480327687017706
19,Russia,Penza Oblast,2020-07-29,6409,81,5475,1069,9,207,0.20205799812909261,0.041666666666666664,0.9583333333333334,216,0.03008221225710017
20,Russia,Penza Oblast,2020-08-08,6906,88,6007,1350,7,532,0.39925925925925926,0.012987012987012988,0.987012987012987,539,0.02867965367965364
21,Russia,Penza Oblast,2020-08-18,7399,98,7048,1304,10,1041,0.8059815950920245,0.009514747859181731,0.9904852521408183,1051,0.0034722651278312755
22,Russia,Penza Oblast,2020-08-28,7929,106,7476,783,8,428,0.5568326947637292,0.01834862385321101,0.981651376146789,436,-0.008833875994029294
23,Russia,Penza Oblast,2020-09-07,8742,112,8052,1160,6,576,0.5017241379310344,0.010309278350515464,0.9896907216494846,582,0.008039345502695583
24,Russia,Penza Oblast,2020-09-17,9679,120,8397,1515,8,345,0.233003300330033,0.0226628895184136,0.9773371104815864,353,-0.012353611167898126
25,Russia,Penza Oblast,2020-09-27,10607,128,8725,2090,8,328,0.16076555023923444,0.023809523809523808,0.9761904761904762,336,-0.0011466342911102823
26,Russia,Penza Oblast,2020-10-07,11555,137,9292,2702,9,567,0.21317542561065878,0.015625,0.984375,576,0.008184523809523836
27,Russia,Penza Oblast,2020-10-17,12899,145,9996,3470,8,704,0.20518731988472622,0.011235955056179775,0.9887640449438202,712,0.004389044943820197
28,Russia,Penza Oblast,2020-10-27,14583,174,10594,4442,29,598,0.14115263394867178,0.046251993620414676,0.9537480063795853,627,-0.03501603856423485
29,Russia,Penza Oblast,2020-11-06,16266,196,11713,5498,22,1119,0.20753001091305928,0.019281332164767746,0.9807186678352322,1141,0.02697066145564686
30,Russia,Penza Oblast,2020-11-16,17926,218,13300,6017,22,1587,0.2674090078112016,0.013673088875077687,0.9863269111249223,1609,0.005608243289690118
31,Russia,Penza Oblast,2020-11-26,19566,231,15990,6048,13,2690,0.4469246031746032,0.004809470958194599,0.9951905290418054,2703,0.00886361791688306
32,Russia,Penza Oblast,2020-12-06,21261,256,18014,5040,25,2024,0.40654761904761905,0.012201073694485115,0.9877989263055149,2049,-0.00739160273629047
33,Russia,Penza Oblast,2020-12-16,23097,280,19164,4827,24,1150,0.24321524756577584,0.020442930153321975,0.979557069846678,1174,-0.008241856458836905
34,Russia,Penza Oblast,2020-12-26,25053,306,20345,5609,26,1181,0.21518987341772153,0.021541010770505385,0.9784589892294946,1207,-0.0010980806171834168
35,Russia,Penza Oblast,2021-01-05,27046,331,21738,6395,25,1393,0.2217357310398749,0.01763046544428773,0.9823695345557123,1418,0.003910545326217707
36,Russia,Penza Oblast,2021-01-15,29084,349,23229,7015,18,1491,0.2151104775481112,0.011928429423459244,0.9880715705765407,1509,0.005702036020828416
37,Russia,Penza Oblast,2021-01-25,31360,367,24803,7782,18,1574,0.20457465947057313,0.011306532663316583,0.9886934673366834,1592,0.0006218967601426817
38,Russia,Penza Oblast,2021-02-04,33581,391,26641,8411,24,1838,0.22137676851741767,0.01288936627282492,0.9871106337271751,1862,-0.0015828336095082829
39,Russia,Penza Oblast,2021-02-14,35674,412,29164,8642,21,2523,0.2943763017819949,0.008254716981132075,0.9917452830188679,2544,0.004634649291692772
40,Russia,Penza Oblast,2021-02-24,37611,430,33067,8035,18,3903,0.4879900435594275,0.0045906656465187455,0.9954093343534812,3921,0.0036640513346133385
41,Russia,Penza Oblast,2021-03-06,39185,455,35455,5688,25,2388,0.4242264416315049,0.010360547036883548,0.9896394529631165,2413,-0.005769881390364717
42,Russia,Penza Oblast,2021-03-16,40415,478,36659,4505,23,1204,0.2723640399556049,0.018744906275468622,0.9812550937245313,1227,-0.00838435923858516
43,Russia,Penza Oblast,2021-03-26,41505,512,38131,4368,34,1472,0.3447802197802198,0.02257636122177955,0.9774236387782205,1506,-0.003831454946310875
44,Russia,Penza Oblast,2021-04-05,42527,546,39570,3884,34,1439,0.3792481977342945,0.02308214528173795,0.9769178547182621,1473,-0.0005057840599583807
45,Russia,Penza Oblast,2021-04-15,43530,580,40939,3414,34,1369,0.4109548916227299,0.024233784746970778,0.9757662152530292,1403,-0.0011516394652328898
46,Russia,Penza Oblast,2021-04-25,44466,616,41803,2947,36,864,0.30539531727180186,0.04,0.96,900,-0.015766215253029237
47,Russia,Penza Oblast,2021-05-04,45248,665,42555,2829,49,752,0.2831389183457052,0.06117353308364544,0.9388264669163545,801,-0.021173533083645446
