Index,Region,Subregion,Stage,Confirmed,Deaths,Recovered,Stage_Confirmed,Stage_Deaths,Stage_Recovered,Stage_Treated%,Stage_Deaths%,Stage_Recovered%,Stage_Treated,Recovered_Change
12,Netherlands,Zuid-Holland,2020-07-19,11886,1305,0,11886,1305,0,0.10979303382130237,1.0,0.0,1305,
13,Netherlands,Zuid-Holland,2020-08-03,13642,1311,0,12337,6,0,0.00048634189835454326,1.0,0.0,6,0.0
14,Netherlands,Zuid-Holland,2020-08-18,16989,1318,0,15678,7,0,0.0004464855211123868,1.0,0.0,7,0.0
15,Netherlands,Zuid-Holland,2020-09-02,19608,1348,0,18290,30,0,0.0016402405686167304,1.0,0.0,30,0.0
16,Netherlands,Zuid-Holland,2020-09-17,25389,1359,0,24041,11,0,0.00045755168254232355,1.0,0.0,11,0.0
17,Netherlands,Zuid-Holland,2020-10-02,38384,1415,0,37025,56,0,0.001512491559756921,1.0,0.0,56,0.0
18,Netherlands,Zuid-Holland,2020-10-17,64930,1509,0,63515,94,0,0.0014799653625127923,1.0,0.0,94,0.0
19,Netherlands,Zuid-Holland,2020-11-01,105079,1730,0,103570,221,0,0.002133822535483248,1.0,0.0,221,0.0
20,Netherlands,Zuid-Holland,2020-11-16,130441,2045,0,128711,315,0,0.002447343272913737,1.0,0.0,315,0.0
21,Netherlands,Zuid-Holland,2020-12-01,148289,2355,0,146244,310,0,0.0021197450835589837,1.0,0.0,310,0.0
22,Netherlands,Zuid-Holland,2020-12-16,171924,2548,0,169569,193,0,0.001138179738041741,1.0,0.0,193,0.0
23,Netherlands,Zuid-Holland,2020-12-31,202237,2820,0,199689,272,0,0.0013621180936356034,1.0,0.0,272,0.0
24,Netherlands,Zuid-Holland,2021-01-15,221345,3110,0,218525,290,0,0.0013270792815467337,1.0,0.0,290,0.0
25,Netherlands,Zuid-Holland,2021-01-30,234261,3381,0,231151,271,0,0.001172393803184931,1.0,0.0,271,0.0
26,Netherlands,Zuid-Holland,2021-02-14,244689,3566,0,241308,185,0,0.0007666550632386825,1.0,0.0,185,0.0
27,Netherlands,Zuid-Holland,2021-03-01,257151,3747,0,253585,181,0,0.0007137646154149497,1.0,0.0,181,0.0
28,Netherlands,Zuid-Holland,2021-03-16,274129,3884,0,270382,137,0,0.0005066905341331894,1.0,0.0,137,0.0
29,Netherlands,Zuid-Holland,2021-03-31,300189,3994,0,296305,110,0,0.00037123909485158876,1.0,0.0,110,0.0
30,Netherlands,Zuid-Holland,2021-04-15,327153,4069,0,323159,75,0,0.0002320838967814605,1.0,0.0,75,0.0
31,Netherlands,Zuid-Holland,2021-04-30,356539,4130,0,352470,61,0,0.00017306437427298777,1.0,0.0,61,0.0
32,Netherlands,Zuid-Holland,2021-05-15,379274,4199,0,375144,69,0,0.00018392937112148935,1.0,0.0,69,0.0
33,Netherlands,Zuid-Holland,2021-05-30,392261,4253,0,388062,54,0,0.00013915302193979312,1.0,0.0,54,0.0
34,Netherlands,Zuid-Holland,2021-06-14,398954,4270,0,394701,17,0,4.307057747510141e-05,1.0,0.0,17,0.0
35,Netherlands,Zuid-Holland,2021-06-29,401996,4278,0,397726,8,0,2.011435008020597e-05,1.0,0.0,8,0.0
36,Netherlands,Zuid-Holland,2021-07-14,418213,4292,0,413935,14,0,3.382173529660454e-05,1.0,0.0,14,0.0
37,Netherlands,Zuid-Holland,2021-07-28,440066,4301,0,435774,9,0,2.0652907240909278e-05,1.0,0.0,9,0.0
