Index,Region,Subregion,Stage,Confirmed,Deaths,Recovered,Stage_Confirmed,Stage_Deaths,Stage_Recovered,Stage_Treated%,Stage_Deaths%,Stage_Recovered%,Stage_Treated,Recovered_Change
8,Italy,Molise,2020-05-20,422,22,202,422,22,202,0.5308056872037915,0.09821428571428571,0.9017857142857143,224,
9,Italy,Molise,2020-06-04,436,23,288,212,1,86,0.41037735849056606,0.011494252873563218,0.9885057471264368,87,0.0867200328407225
10,Italy,Molise,2020-06-19,441,23,365,130,0,77,0.5923076923076923,0.0,1.0,77,0.011494252873563204
11,Italy,Molise,2020-07-04,445,23,401,57,0,36,0.631578947368421,0.0,1.0,36,0.0
12,Italy,Molise,2020-07-19,446,23,415,22,0,14,0.6363636363636364,0.0,1.0,14,0.0
13,Italy,Molise,2020-08-03,477,23,421,39,0,6,0.15384615384615385,0.0,1.0,6,0.0
14,Italy,Molise,2020-08-18,496,23,429,52,0,8,0.15384615384615385,0.0,1.0,8,0.0
15,Italy,Molise,2020-09-02,528,23,432,76,0,3,0.039473684210526314,0.0,1.0,3,0.0
16,Italy,Molise,2020-09-17,578,23,455,123,0,23,0.18699186991869918,0.0,1.0,23,0.0
17,Italy,Molise,2020-10-02,660,24,505,182,1,50,0.2802197802197802,0.0196078431372549,0.9803921568627451,51,-0.019607843137254943
18,Italy,Molise,2020-10-17,929,26,573,400,2,68,0.175,0.02857142857142857,0.9714285714285714,70,-0.008963585434173638
19,Italy,Molise,2020-11-01,1796,40,703,1197,14,130,0.12030075187969924,0.09722222222222222,0.9027777777777778,144,-0.06865079365079363
20,Italy,Molise,2020-11-16,3121,71,968,2378,31,265,0.12447434819175777,0.10472972972972973,0.8952702702702703,296,-0.007507507507507505
21,Italy,Molise,2020-12-01,4773,120,1942,3734,49,974,0.2739689341189073,0.047898338220918865,0.9521016617790812,1023,0.05683139150881089
22,Italy,Molise,2020-12-16,5783,168,2951,3721,48,1009,0.2840634238108036,0.04541154210028382,0.9545884578997161,1057,0.00248679612063496
23,Italy,Molise,2020-12-31,6528,191,4425,3409,23,1474,0.4391317101789381,0.015364061456245824,0.9846359385437542,1497,0.03004748064403806
24,Italy,Molise,2021-01-15,7382,226,6026,2766,35,1601,0.591467823571945,0.021393643031784843,0.9786063569682152,1636,-0.006029581575539011
25,Italy,Molise,2021-01-30,8261,267,6879,2009,41,853,0.4449975111996018,0.04586129753914989,0.9541387024608501,894,-0.0244676545073651
26,Italy,Molise,2021-02-14,9483,308,7590,2337,41,711,0.3217800599058622,0.05452127659574468,0.9454787234042553,752,-0.008659979056594769
27,Italy,Molise,2021-03-01,10732,352,8646,2834,44,1056,0.3881439661256175,0.04,0.96,1100,0.014521276595744648
28,Italy,Molise,2021-03-16,11662,402,9767,2664,50,1121,0.43956456456456455,0.04269854824935952,0.9573014517506405,1171,-0.002698548249359445
29,Italy,Molise,2021-03-31,12270,438,10966,2101,36,1199,0.5878153260352214,0.029149797570850202,0.9708502024291498,1235,0.013548750678509247
30,Italy,Molise,2021-04-15,12747,460,11655,1343,22,689,0.5294117647058824,0.030942334739803096,0.9690576652601969,711,-0.0017925371689528902
31,Italy,Molise,2021-04-30,13228,475,12124,1113,15,469,0.4348607367475292,0.030991735537190084,0.96900826446281,484,-4.94007973869115e-05
32,Italy,Molise,2021-05-15,13500,488,12677,901,13,553,0.6281908990011099,0.022968197879858657,0.9770318021201413,566,0.008023537657331326
33,Italy,Molise,2021-05-30,13586,491,12957,421,3,280,0.672209026128266,0.01060070671378092,0.9893992932862191,283,0.012367491166077826
34,Italy,Molise,2021-06-14,13636,491,13066,188,0,109,0.5797872340425532,0.0,1.0,109,0.010600706713780883
35,Italy,Molise,2021-06-16,13647,491,13078,90,0,12,0.13333333333333333,0.0,1.0,12,0.0
