Index,Region,Subregion,Stage,Confirmed,Deaths,Recovered,Stage_Confirmed,Stage_Deaths,Stage_Recovered,Stage_Treated%,Stage_Deaths%,Stage_Recovered%,Stage_Treated,Recovered_Change
8,Italy,Sicilia,2020-05-20,3411,268,1620,3411,268,1620,0.5535033714453239,0.1419491525423729,0.8580508474576272,1888,
9,Italy,Sicilia,2020-06-04,3447,276,2292,1559,8,672,0.43617703656189866,0.011764705882352941,0.9882352941176471,680,0.13018444666001994
10,Italy,Sicilia,2020-06-19,3070,280,2640,502,4,348,0.701195219123506,0.011363636363636364,0.9886363636363636,352,0.00040106951871654584
11,Italy,Sicilia,2020-07-04,3094,282,2674,174,2,34,0.20689655172413793,0.05555555555555555,0.9444444444444444,36,-0.04419191919191923
12,Italy,Sicilia,2020-07-19,3142,283,2697,186,1,23,0.12903225806451613,0.041666666666666664,0.9583333333333334,24,0.01388888888888895
13,Italy,Sicilia,2020-08-03,3308,283,2737,328,0,40,0.12195121951219512,0.0,1.0,40,0.04166666666666663
14,Italy,Sicilia,2020-08-18,3793,286,2785,773,3,48,0.06597671410090557,0.058823529411764705,0.9411764705882353,51,-0.05882352941176472
15,Italy,Sicilia,2020-09-02,4433,287,2919,1362,1,134,0.09911894273127753,0.007407407407407408,0.9925925925925926,135,0.0514161220043573
16,Italy,Sicilia,2020-09-17,5569,295,3231,2363,8,312,0.13542107490478206,0.025,0.975,320,-0.017592592592592604
17,Italy,Sicilia,2020-10-02,7414,314,4052,3888,19,821,0.21604938271604937,0.02261904761904762,0.9773809523809524,840,0.0023809523809523725
18,Italy,Sicilia,2020-10-17,11744,362,5101,7378,48,1049,0.14868528056383845,0.04375569735642662,0.9562443026435734,1097,-0.021136649737378943
19,Italy,Sicilia,2020-11-01,22853,518,7011,17390,156,1910,0.11880391029327199,0.0755082284607938,0.9244917715392061,2066,-0.031752531104367265
20,Italy,Sicilia,2020-11-16,42993,932,12296,35464,414,5285,0.160698172794947,0.07264432356553781,0.9273556764344622,5699,0.0028639048952560087
21,Italy,Sicilia,2020-12-01,65085,1589,22766,51857,657,10470,0.21457083903812407,0.05904556484227554,0.9409544351577245,11127,0.013598758723262327
22,Italy,Sicilia,2020-12-16,81256,2059,44021,56901,470,21255,0.38180348324282526,0.021634062140391253,0.9783659378596088,21725,0.037411502701884314
23,Italy,Sicilia,2020-12-31,93644,2412,57364,47564,353,13343,0.28794886889243965,0.02577394859813084,0.9742260514018691,13696,-0.004139886457739661
24,Italy,Sicilia,2021-01-15,117336,2916,69375,57560,504,12011,0.21742529534398888,0.040271673991210545,0.9597283260087894,12515,-0.014497725393079697
25,Italy,Sicilia,2021-01-30,135387,3443,89076,63096,527,19701,0.3205908456954482,0.026052995847340322,0.9739470041526597,20228,0.014218678143870234
26,Italy,Sicilia,2021-02-14,145744,3848,107030,53225,405,17954,0.3449318929074683,0.022060025055830927,0.9779399749441691,18359,0.003992970791509398
27,Italy,Sicilia,2021-03-01,153036,4156,122699,42158,308,15669,0.37897907870392333,0.019277711710583966,0.980722288289416,15977,0.002782313345246923
28,Italy,Sicilia,2021-03-16,161928,4371,142781,35073,215,20082,0.5787072676987997,0.010592698428339164,0.9894073015716608,20297,0.008685013282244802
29,Italy,Sicilia,2021-03-31,175354,4628,150806,28202,257,8025,0.2936671158073895,0.031031151895677372,0.9689688481043226,8282,-0.02043845346733819
30,Italy,Sicilia,2021-04-15,191973,5107,162092,36539,479,11286,0.32198472864610417,0.04071398215044624,0.9592860178495538,11765,-0.009682830254768793
31,Italy,Sicilia,2021-04-30,208487,5410,178181,41288,303,16089,0.3970160821546212,0.01848462664714495,0.9815153733528551,16392,0.022229355503301296
32,Italy,Sicilia,2021-05-15,219650,5660,196477,36059,250,18296,0.5143237471921018,0.01347999568640138,0.9865200043135987,18546,0.00500463096074355
33,Italy,Sicilia,2021-05-30,225551,5819,209849,23414,159,13372,0.5779021098488084,0.011750794471953293,0.9882492055280467,13531,0.001729201214448084
34,Italy,Sicilia,2021-06-14,229503,5912,216960,13835,93,7111,0.5207083483917601,0.012909494725152694,0.9870905052748473,7204,-0.0011587002531994184
35,Italy,Sicilia,2021-06-29,231554,5967,221360,8682,55,4400,0.513130615065653,0.012345679012345678,0.9876543209876543,4455,0.0005638157128069476
36,Italy,Sicilia,2021-07-04,232184,5981,222640,4857,14,1280,0.26641960057648756,0.010819165378670788,0.9891808346213292,1294,0.001526513633674953
