Index,Region,Subregion,Stage,Confirmed,Deaths,Recovered,Stage_Confirmed,Stage_Deaths,Stage_Recovered,Stage_Treated%,Stage_Deaths%,Stage_Recovered%,Stage_Treated,Recovered_Change
26,Japan,Kanagawa,2020-05-30,1363,86,1061,1363,86,1061,0.8415260454878943,0.07497820401046207,0.9250217959895379,1147,
27,Japan,Kanagawa,2020-06-04,1380,88,1131,233,2,70,0.3090128755364807,0.027777777777777776,0.9722222222222222,72,0.04720042623268428
28,Japan,Kanagawa,2020-06-09,1397,90,1182,178,2,51,0.29775280898876405,0.03773584905660377,0.9622641509433962,53,-0.009958071278825975
29,Japan,Kanagawa,2020-06-14,1407,90,1213,135,0,31,0.22962962962962963,0.0,1.0,31,0.037735849056603765
30,Japan,Kanagawa,2020-06-19,1427,94,1271,124,4,58,0.5,0.06451612903225806,0.9354838709677419,62,-0.06451612903225812
31,Japan,Kanagawa,2020-06-24,1437,94,1283,72,0,12,0.16666666666666666,0.0,1.0,12,0.06451612903225812
32,Japan,Kanagawa,2020-06-29,1469,96,1304,92,2,21,0.25,0.08695652173913043,0.9130434782608695,23,-0.08695652173913049
33,Japan,Kanagawa,2020-07-04,1566,96,1342,166,0,38,0.2289156626506024,0.0,1.0,38,0.08695652173913049
34,Japan,Kanagawa,2020-07-09,1653,97,1382,215,1,40,0.19069767441860466,0.024390243902439025,0.975609756097561,41,-0.024390243902439046
35,Japan,Kanagawa,2020-07-14,1791,98,1488,312,1,106,0.34294871794871795,0.009345794392523364,0.9906542056074766,107,0.01504444950991568
36,Japan,Kanagawa,2020-07-19,1999,98,1559,413,0,71,0.17191283292978207,0.0,1.0,71,0.009345794392523366
37,Japan,Kanagawa,2020-07-24,2190,98,1759,533,0,200,0.37523452157598497,0.0,1.0,200,0.0
38,Japan,Kanagawa,2020-07-29,2357,98,1879,500,0,120,0.24,0.0,1.0,120,0.0
39,Japan,Kanagawa,2020-08-03,2664,99,2179,687,1,300,0.438136826783115,0.0033222591362126247,0.9966777408637874,301,-0.0033222591362126463
40,Japan,Kanagawa,2020-08-08,3188,103,2445,910,4,266,0.2967032967032967,0.014814814814814815,0.9851851851851852,270,-0.01149255567860219
41,Japan,Kanagawa,2020-08-13,3523,105,2732,975,2,287,0.2964102564102564,0.006920415224913495,0.9930795847750865,289,0.007894399589901346
42,Japan,Kanagawa,2020-08-18,3990,106,3166,1153,1,434,0.37727666955767564,0.0022988505747126436,0.9977011494252873,435,0.0046215646502008045
43,Japan,Kanagawa,2020-08-23,4422,108,3547,1150,2,381,0.33304347826086955,0.005221932114882507,0.9947780678851175,383,-0.0029230815401698473
44,Japan,Kanagawa,2020-08-28,4744,116,3975,1089,8,428,0.4003673094582185,0.01834862385321101,0.981651376146789,436,-0.013126691738328478
45,Japan,Kanagawa,2020-09-02,5099,124,4327,1008,8,352,0.35714285714285715,0.022222222222222223,0.9777777777777777,360,-0.003873598369011244
46,Japan,Kanagawa,2020-09-07,5463,126,4716,1012,2,389,0.38636363636363635,0.005115089514066497,0.9948849104859335,391,0.01710713270815578
47,Japan,Kanagawa,2020-09-12,5893,127,5021,1051,1,305,0.291151284490961,0.0032679738562091504,0.9967320261437909,306,0.0018471156578573344
48,Japan,Kanagawa,2020-09-17,6180,136,5371,1032,9,350,0.3478682170542636,0.025069637883008356,0.9749303621169917,359,-0.021801664026799172
49,Japan,Kanagawa,2020-09-22,6445,137,5633,938,1,262,0.28038379530916846,0.0038022813688212928,0.9961977186311787,263,0.021267356514186986
50,Japan,Kanagawa,2020-09-27,6749,137,5920,979,0,287,0.2931562819203269,0.0,1.0,287,0.0038022813688213253
51,Japan,Kanagawa,2020-10-02,7049,144,6328,992,7,408,0.4183467741935484,0.016867469879518072,0.983132530120482,415,-0.016867469879518038
52,Japan,Kanagawa,2020-10-07,7275,148,6553,803,4,225,0.2851805728518057,0.017467248908296942,0.982532751091703,229,-0.0005997790287789462
53,Japan,Kanagawa,2020-10-12,7546,152,6862,845,4,309,0.37041420118343193,0.012779552715654952,0.987220447284345,313,0.004687696192641977
54,Japan,Kanagawa,2020-10-17,7903,155,7120,889,3,258,0.29358830146231724,0.011494252873563218,0.9885057471264368,261,0.0012852998420918027
55,Japan,Kanagawa,2020-10-22,8164,158,7429,889,3,309,0.35095613048368957,0.009615384615384616,0.9903846153846154,312,0.0018788682581786231
56,Japan,Kanagawa,2020-10-27,8464,167,7694,877,9,265,0.3124287343215507,0.032846715328467155,0.9671532846715328,274,-0.023231330713082587
57,Japan,Kanagawa,2020-11-01,8790,172,7987,929,5,293,0.3207750269106566,0.016778523489932886,0.9832214765100671,298,0.01606819183853425
58,Japan,Kanagawa,2020-11-06,9138,175,8262,979,3,275,0.2839632277834525,0.01079136690647482,0.9892086330935251,278,0.005987156583458053
59,Japan,Kanagawa,2020-11-11,9619,182,8584,1182,7,322,0.27834179357022,0.02127659574468085,0.9787234042553191,329,-0.010485228838206018
60,Japan,Kanagawa,2020-11-16,10234,183,9095,1468,1,511,0.34877384196185285,0.001953125,0.998046875,512,0.019323470744680882
61,Japan,Kanagawa,2020-11-21,11199,185,9597,1921,2,502,0.26236335242061426,0.003968253968253968,0.996031746031746,504,-0.002015128968253954
62,Japan,Kanagawa,2020-11-26,11913,190,10162,2131,5,565,0.2674800563115908,0.008771929824561403,0.9912280701754386,570,-0.004803675856307477
63,Japan,Kanagawa,2020-12-01,12740,195,11011,2388,5,849,0.3576214405360134,0.00585480093676815,0.9941451990632318,854,0.0029171288877932744
64,Japan,Kanagawa,2020-12-06,13666,212,12067,2460,17,1056,0.43617886178861787,0.015843429636533086,0.9841565703634669,1073,-0.009988628699764912
65,Japan,Kanagawa,2020-12-11,14627,219,12662,2348,7,595,0.2563884156729131,0.011627906976744186,0.9883720930232558,602,0.004215522659788862
66,Japan,Kanagawa,2020-12-16,15715,223,13501,2834,4,839,0.2974594213126323,0.004744958481613286,0.9952550415183867,843,0.006882948495130936
67,Japan,Kanagawa,2020-12-21,17071,236,14735,3347,13,1234,0.37257245294293395,0.010425020048115477,0.9895749799518845,1247,-0.005680061566502248
68,Japan,Kanagawa,2020-12-26,19206,250,16018,4235,14,1283,0.3062573789846517,0.01079414032382421,0.9892058596761758,1297,-0.00036912027570867867
69,Japan,Kanagawa,2020-12-31,21298,254,17340,5030,4,1322,0.2636182902584493,0.0030165912518853697,0.9969834087481146,1326,0.0077775490719388385
70,Japan,Kanagawa,2021-01-05,23549,297,19160,5955,43,1820,0.3128463476070529,0.02308105206655931,0.9769189479334407,1863,-0.020064460814673946
71,Japan,Kanagawa,2021-01-10,27385,319,21617,7928,22,2457,0.31268920282542884,0.008874546187979023,0.991125453812021,2479,0.0142065058785803
72,Japan,Kanagawa,2021-01-15,31610,351,24207,9674,32,2590,0.27103576597064294,0.012204424103737605,0.9877955758962624,2622,-0.003329877915758561
73,Japan,Kanagawa,2021-01-20,35645,379,28622,11087,28,4415,0.4007396049427257,0.006302048165653837,0.9936979518343462,4443,0.005902375938083737
74,Japan,Kanagawa,2021-01-25,38429,411,32106,9428,32,3484,0.3729316928298685,0.009101251422070534,0.9908987485779295,3516,-0.0027992032564166935
75,Japan,Kanagawa,2021-01-30,40424,468,36092,7907,57,3986,0.5113190843556342,0.01409844175117487,0.9859015582488251,4043,-0.004997190329104395
76,Japan,Kanagawa,2021-02-04,41680,528,38266,5120,60,2174,0.436328125,0.02685765443151298,0.973142345568487,2234,-0.012759212680338083
77,Japan,Kanagawa,2021-02-09,42596,579,40006,3802,51,1740,0.4710678590215676,0.02847571189279732,0.9715242881072027,1791,-0.0016180574612842946
78,Japan,Kanagawa,2021-02-14,43317,599,41014,2732,20,1008,0.3762811127379209,0.019455252918287938,0.980544747081712,1028,0.009020458974509316
79,Japan,Kanagawa,2021-02-19,43907,642,41826,2294,43,812,0.37271142109851785,0.050292397660818715,0.9497076023391813,855,-0.030837144742530742
80,Japan,Kanagawa,2021-02-24,44424,669,42489,1956,27,663,0.35276073619631904,0.0391304347826087,0.9608695652173913,690,0.01116196287821003
81,Japan,Kanagawa,2021-03-01,45005,684,43144,1847,15,655,0.36275040606388737,0.022388059701492536,0.9776119402985075,670,0.0167423750811162
82,Japan,Kanagawa,2021-03-06,45497,715,43706,1669,31,562,0.35530257639304974,0.05227655986509275,0.9477234401349073,593,-0.02988850016360023
83,Japan,Kanagawa,2021-03-11,46137,738,44267,1716,23,561,0.34032634032634035,0.039383561643835614,0.9606164383561644,584,0.012892998221257113
84,Japan,Kanagawa,2021-03-16,46594,756,44723,1589,18,456,0.2983008181246067,0.0379746835443038,0.9620253164556962,474,0.0014088780995318295
