Index,Region,Subregion,Stage,Confirmed,Deaths,Recovered,Stage_Confirmed,Stage_Deaths,Stage_Recovered,Stage_Treated%,Stage_Deaths%,Stage_Recovered%,Stage_Treated,Recovered_Change
26,Japan,Yamaguchi,2020-05-30,37,0,35,37,0,35,0.9459459459459459,0.0,1.0,35,
27,Japan,Yamaguchi,2020-06-04,37,0,36,2,0,1,0.5,0.0,1.0,1,0.0
28,Japan,Yamaguchi,2020-06-09,37,0,36,1,0,0,0.0,,,0,
29,Japan,Yamaguchi,2020-06-14,37,0,36,1,0,0,0.0,,,0,
30,Japan,Yamaguchi,2020-06-19,37,0,36,1,0,0,0.0,,,0,
31,Japan,Yamaguchi,2020-06-24,37,0,37,1,0,1,1.0,0.0,1.0,1,
32,Japan,Yamaguchi,2020-06-29,37,0,37,0,0,0,,,,0,
33,Japan,Yamaguchi,2020-07-04,37,0,37,0,0,0,,,,0,
34,Japan,Yamaguchi,2020-07-09,37,0,37,0,0,0,,,,0,
35,Japan,Yamaguchi,2020-07-14,37,0,37,0,0,0,,,,0,
36,Japan,Yamaguchi,2020-07-19,42,0,37,5,0,0,0.0,,,0,
37,Japan,Yamaguchi,2020-07-24,47,0,37,10,0,0,0.0,,,0,
38,Japan,Yamaguchi,2020-07-29,53,0,39,16,0,2,0.125,0.0,1.0,2,
39,Japan,Yamaguchi,2020-08-03,59,0,43,20,0,4,0.2,0.0,1.0,4,0.0
40,Japan,Yamaguchi,2020-08-08,76,0,50,33,0,7,0.21212121212121213,0.0,1.0,7,0.0
41,Japan,Yamaguchi,2020-08-13,81,0,53,31,0,3,0.0967741935483871,0.0,1.0,3,0.0
42,Japan,Yamaguchi,2020-08-18,84,0,65,31,0,12,0.3870967741935484,0.0,1.0,12,0.0
43,Japan,Yamaguchi,2020-08-23,111,0,74,46,0,9,0.1956521739130435,0.0,1.0,9,0.0
44,Japan,Yamaguchi,2020-08-28,151,0,81,77,0,7,0.09090909090909091,0.0,1.0,7,0.0
45,Japan,Yamaguchi,2020-09-02,175,0,89,94,0,8,0.0851063829787234,0.0,1.0,8,0.0
46,Japan,Yamaguchi,2020-09-07,184,0,112,95,0,23,0.24210526315789474,0.0,1.0,23,0.0
47,Japan,Yamaguchi,2020-09-12,194,1,151,82,1,39,0.4878048780487805,0.025,0.975,40,-0.025000000000000022
48,Japan,Yamaguchi,2020-09-17,195,1,168,43,0,17,0.3953488372093023,0.0,1.0,17,0.025000000000000022
49,Japan,Yamaguchi,2020-09-22,195,2,177,26,1,9,0.38461538461538464,0.1,0.9,10,-0.09999999999999998
50,Japan,Yamaguchi,2020-09-27,198,2,188,19,0,11,0.5789473684210527,0.0,1.0,11,0.09999999999999998
51,Japan,Yamaguchi,2020-10-02,201,2,191,11,0,3,0.2727272727272727,0.0,1.0,3,0.0
52,Japan,Yamaguchi,2020-10-07,206,2,195,13,0,4,0.3076923076923077,0.0,1.0,4,0.0
53,Japan,Yamaguchi,2020-10-12,209,2,197,12,0,2,0.16666666666666666,0.0,1.0,2,0.0
54,Japan,Yamaguchi,2020-10-17,209,2,203,10,0,6,0.6,0.0,1.0,6,0.0
55,Japan,Yamaguchi,2020-10-22,211,2,205,6,0,2,0.3333333333333333,0.0,1.0,2,0.0
56,Japan,Yamaguchi,2020-10-27,213,2,206,6,0,1,0.16666666666666666,0.0,1.0,1,0.0
57,Japan,Yamaguchi,2020-11-01,213,2,207,5,0,1,0.2,0.0,1.0,1,0.0
58,Japan,Yamaguchi,2020-11-06,223,2,210,14,0,3,0.21428571428571427,0.0,1.0,3,0.0
59,Japan,Yamaguchi,2020-11-11,233,2,211,21,0,1,0.047619047619047616,0.0,1.0,1,0.0
60,Japan,Yamaguchi,2020-11-16,267,2,214,54,0,3,0.05555555555555555,0.0,1.0,3,0.0
61,Japan,Yamaguchi,2020-11-21,344,2,223,128,0,9,0.0703125,0.0,1.0,9,0.0
62,Japan,Yamaguchi,2020-11-26,368,2,238,143,0,15,0.1048951048951049,0.0,1.0,15,0.0
63,Japan,Yamaguchi,2020-12-01,392,2,303,152,0,65,0.4276315789473684,0.0,1.0,65,0.0
64,Japan,Yamaguchi,2020-12-06,411,2,346,106,0,43,0.4056603773584906,0.0,1.0,43,0.0
65,Japan,Yamaguchi,2020-12-11,433,2,367,85,0,21,0.24705882352941178,0.0,1.0,21,0.0
66,Japan,Yamaguchi,2020-12-16,441,2,388,72,0,21,0.2916666666666667,0.0,1.0,21,0.0
67,Japan,Yamaguchi,2020-12-21,470,2,402,80,0,14,0.175,0.0,1.0,14,0.0
68,Japan,Yamaguchi,2020-12-26,516,3,413,112,1,11,0.10714285714285714,0.08333333333333333,0.9166666666666666,12,-0.08333333333333337
69,Japan,Yamaguchi,2020-12-31,588,3,448,172,0,35,0.20348837209302326,0.0,1.0,35,0.08333333333333337
70,Japan,Yamaguchi,2021-01-05,636,3,480,185,0,32,0.17297297297297298,0.0,1.0,32,0.0
71,Japan,Yamaguchi,2021-01-10,706,3,554,223,0,74,0.33183856502242154,0.0,1.0,74,0.0
72,Japan,Yamaguchi,2021-01-15,779,5,600,222,2,46,0.21621621621621623,0.041666666666666664,0.9583333333333334,48,-0.04166666666666663
73,Japan,Yamaguchi,2021-01-20,987,6,740,382,1,140,0.36910994764397903,0.0070921985815602835,0.9929078014184397,141,0.034574468085106336
74,Japan,Yamaguchi,2021-01-25,1110,9,718,364,3,-22,-0.0521978021978022,-0.15789473684210525,1.1578947368421053,-19,0.1649869354236656
75,Japan,Yamaguchi,2021-01-30,1218,19,837,491,10,119,0.26272912423625255,0.07751937984496124,0.9224806201550387,129,-0.23541411668706658
76,Japan,Yamaguchi,2021-02-04,1279,24,980,423,5,143,0.34988179669030733,0.033783783783783786,0.9662162162162162,148,0.043735596061177495
77,Japan,Yamaguchi,2021-02-09,1323,30,1097,319,6,117,0.38557993730407525,0.04878048780487805,0.9512195121951219,123,-0.01499670402109432
78,Japan,Yamaguchi,2021-02-14,1354,35,1165,227,5,68,0.32158590308370044,0.0684931506849315,0.9315068493150684,73,-0.019712662880053466
79,Japan,Yamaguchi,2021-02-19,1366,35,1222,166,0,57,0.3433734939759036,0.0,1.0,57,0.06849315068493156
80,Japan,Yamaguchi,2021-02-24,1372,36,1260,115,1,38,0.3391304347826087,0.02564102564102564,0.9743589743589743,39,-0.02564102564102566
81,Japan,Yamaguchi,2021-03-01,1382,39,1288,86,3,28,0.36046511627906974,0.0967741935483871,0.9032258064516129,31,-0.07113316790736146
82,Japan,Yamaguchi,2021-03-06,1385,41,1306,58,2,18,0.3448275862068966,0.1,0.9,20,-0.003225806451612856
83,Japan,Yamaguchi,2021-03-11,1389,42,1321,42,1,15,0.38095238095238093,0.0625,0.9375,16,0.03749999999999998
84,Japan,Yamaguchi,2021-03-16,1393,43,1326,30,1,5,0.2,0.16666666666666666,0.8333333333333334,6,-0.10416666666666663
85,Japan,Yamaguchi,2021-03-21,1397,43,1336,28,0,10,0.35714285714285715,0.0,1.0,10,0.16666666666666663
86,Japan,Yamaguchi,2021-03-26,1403,43,1345,24,0,9,0.375,0.0,1.0,9,0.0
87,Japan,Yamaguchi,2021-03-31,1418,43,1349,30,0,4,0.13333333333333333,0.0,1.0,4,0.0
88,Japan,Yamaguchi,2021-04-05,1439,43,1357,47,0,8,0.1702127659574468,0.0,1.0,8,0.0
89,Japan,Yamaguchi,2021-04-10,1458,43,1368,58,0,11,0.1896551724137931,0.0,1.0,11,0.0
90,Japan,Yamaguchi,2021-04-15,1485,43,1384,74,0,16,0.21621621621621623,0.0,1.0,16,0.0
91,Japan,Yamaguchi,2021-04-20,1593,43,1401,166,0,17,0.10240963855421686,0.0,1.0,17,0.0
92,Japan,Yamaguchi,2021-04-25,1719,43,1429,275,0,28,0.10181818181818182,0.0,1.0,28,0.0
93,Japan,Yamaguchi,2021-04-30,1835,44,1503,363,1,74,0.2066115702479339,0.013333333333333334,0.9866666666666667,75,-0.013333333333333308
94,Japan,Yamaguchi,2021-05-05,1926,46,1605,379,2,102,0.27440633245382584,0.019230769230769232,0.9807692307692307,104,-0.005897435897435965
95,Japan,Yamaguchi,2021-05-10,2122,49,1709,471,3,104,0.22717622080679406,0.028037383177570093,0.9719626168224299,107,-0.008806613946800823
96,Japan,Yamaguchi,2021-05-15,2387,51,1809,629,2,100,0.16216216216216217,0.0196078431372549,0.9803921568627451,102,0.008429540040315153
97,Japan,Yamaguchi,2021-05-20,2610,55,1961,750,4,152,0.208,0.02564102564102564,0.9743589743589743,156,-0.006033182503770718
98,Japan,Yamaguchi,2021-05-25,2791,58,2126,775,3,165,0.2167741935483871,0.017857142857142856,0.9821428571428571,168,0.007783882783882756
99,Japan,Yamaguchi,2021-05-30,2911,60,2392,727,2,266,0.3686382393397524,0.007462686567164179,0.9925373134328358,268,0.010394456289978704
100,Japan,Yamaguchi,2021-06-04,2982,65,2573,530,5,181,0.35094339622641507,0.026881720430107527,0.9731182795698925,186,-0.019419033862943302
101,Japan,Yamaguchi,2021-06-09,3035,69,2724,397,4,151,0.3904282115869018,0.025806451612903226,0.9741935483870968,155,0.0010752688172043223
102,Japan,Yamaguchi,2021-06-14,3070,71,2829,277,2,105,0.3862815884476534,0.018691588785046728,0.9813084112149533,107,0.00711486282785645
103,Japan,Yamaguchi,2021-06-19,3102,71,2895,202,0,66,0.32673267326732675,0.0,1.0,66,0.01869158878504673
104,Japan,Yamaguchi,2021-06-24,3120,76,2960,154,5,65,0.45454545454545453,0.07142857142857142,0.9285714285714286,70,-0.0714285714285714
105,Japan,Yamaguchi,2021-06-29,3134,77,2996,98,1,36,0.37755102040816324,0.02702702702702703,0.972972972972973,37,0.044401544401544424
106,Japan,Yamaguchi,2021-07-04,3160,80,3021,87,3,25,0.3218390804597701,0.10714285714285714,0.8928571428571429,28,-0.08011583011583012
107,Japan,Yamaguchi,2021-07-09,3174,80,3045,73,0,24,0.3287671232876712,0.0,1.0,24,0.1071428571428571
108,Japan,Yamaguchi,2021-07-14,3183,80,3065,58,0,20,0.3448275862068966,0.0,1.0,20,0.0
109,Japan,Yamaguchi,2021-07-19,3196,80,3081,51,0,16,0.3137254901960784,0.0,1.0,16,0.0
110,Japan,Yamaguchi,2021-07-24,3209,80,3088,48,0,7,0.14583333333333334,0.0,1.0,7,0.0
111,Japan,Yamaguchi,2021-07-29,3256,80,3111,88,0,23,0.26136363636363635,0.0,1.0,23,0.0
112,Japan,Yamaguchi,2021-08-03,3327,80,3116,136,0,5,0.03676470588235294,0.0,1.0,5,0.0
113,Japan,Yamaguchi,2021-08-08,3444,80,,248,0,,,,,,
114,Japan,Yamaguchi,2021-08-09,3467,80,,,0,,,,,,
