Index,Region,Subregion,Stage,Confirmed,Deaths,Recovered,Stage_Confirmed,Stage_Deaths,Stage_Recovered,Stage_Treated%,Stage_Deaths%,Stage_Recovered%,Stage_Treated,Recovered_Change
12,Mexico,Ciudad de Mexico,2020-05-20,15844,1618,11208,15844,1618,11208,0.8095177985357233,0.12615000779666302,0.8738499922033369,12826,
13,Mexico,Ciudad de Mexico,2020-05-30,24265,2621,17626,11439,1003,6418,0.6487455197132617,0.1351569869289853,0.8648430130710147,7421,-0.00900697913232218
14,Mexico,Ciudad de Mexico,2020-06-09,32256,3941,24424,12009,1320,6798,0.6759930052460654,0.16260162601626016,0.8373983739837398,8118,-0.027444639087274902
15,Mexico,Ciudad de Mexico,2020-06-19,41007,5314,31451,12642,1373,7027,0.6644518272425249,0.16345238095238096,0.8365476190476191,8400,-0.0008507549361207456
16,Mexico,Ciudad de Mexico,2020-06-29,47437,6456,37550,10672,1142,6099,0.6785044977511244,0.15771302306311283,0.8422869769368871,7241,0.005739357889268049
17,Mexico,Ciudad de Mexico,2020-07-09,55344,7450,43623,11338,994,6073,0.6233021696948315,0.1406537427479836,0.8593462572520164,7067,0.017059280315129266
18,Mexico,Ciudad de Mexico,2020-07-19,62789,8205,48089,11716,755,4466,0.44562990781836803,0.1446083125837962,0.8553916874162037,5221,-0.00395456983581266
19,Mexico,Ciudad de Mexico,2020-07-29,71296,8828,56202,15002,623,8113,0.5823223570190641,0.07131410256410256,0.9286858974358975,8736,0.07329421001969372
20,Mexico,Ciudad de Mexico,2020-08-08,79899,9365,64278,14869,537,8076,0.5792588607169278,0.062347614071752,0.937652385928248,8613,0.008966488492350488
21,Mexico,Ciudad de Mexico,2020-08-18,87329,9890,71664,13686,525,7386,0.5780359491451118,0.06636329161926431,0.9336367083807356,7911,-0.0040156775475123085
22,Mexico,Ciudad de Mexico,2020-08-28,96239,10419,78508,14685,529,6844,0.5020769492679605,0.0717482707174827,0.9282517292825173,7373,-0.005384979098218334
23,Mexico,Ciudad de Mexico,2020-09-07,105610,10900,87156,16683,481,8648,0.5472037403344722,0.05268923211742798,0.9473107678825721,9129,0.019059038600054756
24,Mexico,Ciudad de Mexico,2020-09-17,114736,11403,97388,16680,503,10232,0.6435851318944844,0.046856078248719145,0.9531439217512808,10735,0.005833153868708751
25,Mexico,Ciudad de Mexico,2020-09-27,123655,11962,104149,14864,559,6761,0.492465016146394,0.07636612021857923,0.9236338797814208,7320,-0.029510041969860068
26,Mexico,Ciudad de Mexico,2020-10-07,136154,13779,115149,20043,1817,11000,0.6394751284737814,0.1417648435671374,0.8582351564328626,12817,-0.06539872334855812
27,Mexico,Ciudad de Mexico,2020-10-17,146167,14368,123145,17239,589,7996,0.4979987238238877,0.06860803727431566,0.9313919627256844,8585,0.07315680629282173
28,Mexico,Ciudad de Mexico,2020-10-27,157255,14920,131028,19742,552,7883,0.42726167561543915,0.06544161232957914,0.9345583876704209,8435,0.0031664249447365123
29,Mexico,Ciudad de Mexico,2020-11-06,166895,15526,140024,20947,606,8996,0.45839499689693036,0.063111851697563,0.9368881483024369,9602,0.0023297606320160646
30,Mexico,Ciudad de Mexico,2020-11-16,180210,12686,0,24660,-2840,-140024,-5.793349553933496,0.019879045805801323,0.9801209541941986,-142864,0.043232805891761705
31,Mexico,Ciudad de Mexico,2020-11-26,196028,13315,0,183342,629,0,0.003430746910146066,1.0,0.0,629,-0.9801209541941986
32,Mexico,Ciudad de Mexico,2020-12-06,232009,14021,0,218694,706,0,0.003228255004709777,1.0,0.0,706,0.0
33,Mexico,Ciudad de Mexico,2020-12-16,273444,14969,0,259423,948,0,0.003654263500152261,1.0,0.0,948,0.0
34,Mexico,Ciudad de Mexico,2020-12-26,312342,16064,0,297373,1095,0,0.003682244184912551,1.0,0.0,1095,0.0
35,Mexico,Ciudad de Mexico,2021-01-05,342928,17345,0,326864,1281,0,0.003919061138577512,1.0,0.0,1281,0.0
36,Mexico,Ciudad de Mexico,2021-01-15,395506,19131,0,378161,1786,0,0.0047228561379941345,1.0,0.0,1786,0.0
37,Mexico,Ciudad de Mexico,2021-01-25,450590,21018,0,431459,1887,0,0.004373532595217622,1.0,0.0,1887,0.0
38,Mexico,Ciudad de Mexico,2021-02-04,488328,22916,0,467310,1898,0,0.0040615437290021615,1.0,0.0,1898,0.0
39,Mexico,Ciudad de Mexico,2021-02-14,522875,25169,0,499959,2253,0,0.004506369522300829,1.0,0.0,2253,0.0
40,Mexico,Ciudad de Mexico,2021-02-24,546877,26713,0,521708,1544,0,0.002959509917425073,1.0,0.0,1544,0.0
41,Mexico,Ciudad de Mexico,2021-03-06,569851,28163,0,543138,1450,0,0.002669671427887572,1.0,0.0,1450,0.0
42,Mexico,Ciudad de Mexico,2021-03-16,585348,29257,0,557185,1094,0,0.0019634412268815563,1.0,0.0,1094,0.0
43,Mexico,Ciudad de Mexico,2021-03-26,603039,30141,0,573782,884,0,0.0015406548131520334,1.0,0.0,884,0.0
44,Mexico,Ciudad de Mexico,2021-04-05,613058,30741,0,582917,600,0,0.0010293060590101165,1.0,0.0,600,0.0
45,Mexico,Ciudad de Mexico,2021-04-15,626047,31813,0,595306,1072,0,0.0018007545699186636,1.0,0.0,1072,0.0
46,Mexico,Ciudad de Mexico,2021-04-25,636109,32313,0,604296,500,0,0.0008274090842898183,1.0,0.0,500,0.0
47,Mexico,Ciudad de Mexico,2021-05-05,643861,32690,0,611548,377,0,0.0006164683720656433,1.0,0.0,377,0.0
48,Mexico,Ciudad de Mexico,2021-05-15,650406,32981,0,617716,291,0,0.0004710902744950754,1.0,0.0,291,0.0
49,Mexico,Ciudad de Mexico,2021-05-25,654758,33128,0,621777,147,0,0.00023641916635707013,1.0,0.0,147,0.0
50,Mexico,Ciudad de Mexico,2021-06-04,662053,34276,0,628925,1148,0,0.0018253368843661804,1.0,0.0,1148,0.0
51,Mexico,Ciudad de Mexico,2021-06-14,668038,34380,0,633762,104,0,0.00016409945689391286,1.0,0.0,104,0.0
52,Mexico,Ciudad de Mexico,2021-06-24,677496,34564,0,643116,184,0,0.0002861070164635929,1.0,0.0,184,0.0
53,Mexico,Ciudad de Mexico,2021-06-28,681574,34646,0,647010,82,0,0.0001267368355975951,1.0,0.0,82,0.0
