Index,Region,Subregion,Stage,Confirmed,Deaths,Recovered,Stage_Confirmed,Stage_Deaths,Stage_Recovered,Stage_Treated%,Stage_Deaths%,Stage_Recovered%,Stage_Treated,Recovered_Change
9,US,Mississippi,2020-04-20,4512,169,,4512,169,,,,,,
10,US,Mississippi,2020-04-30,6815,261,3413,,92,,,,,,
11,US,Mississippi,2020-05-10,9501,430,4421,5827,169,1008,0.20199073279560667,0.14358538657604078,0.8564146134239592,1177,
12,US,Mississippi,2020-05-20,11967,570,7681,7116,140,3260,0.477796514896009,0.041176470588235294,0.9588235294117647,3400,0.10240891598780555
13,US,Mississippi,2020-05-30,15229,723,9401,6978,153,1720,0.26841501862997996,0.08168713294180459,0.9183128670581954,1873,-0.04051066235356937
14,US,Mississippi,2020-06-09,18123,847,13356,7999,124,3955,0.5099387423427928,0.030399607746996814,0.9696003922530032,4079,0.05128752519480784
15,US,Mississippi,2020-06-19,20641,938,15323,6438,91,1967,0.3196644920782852,0.04421768707482993,0.95578231292517,2058,-0.013818079327833188
16,US,Mississippi,2020-06-29,26567,1059,19388,10306,121,4065,0.4061711624296526,0.028905876731963688,0.9710941232680363,4186,0.015311810342866328
17,US,Mississippi,2020-07-09,33591,1204,22167,13144,145,2779,0.22245891661594644,0.04958960328317374,0.9504103967168263,2924,-0.02068372655121009
18,US,Mississippi,2020-07-19,42638,1355,25932,19267,151,3765,0.203249078735662,0.038559754851889685,0.9614402451481103,3916,0.011029848431284073
19,US,Mississippi,2020-07-29,55804,1563,35071,28517,208,9139,0.3277694007083494,0.022253129346314324,0.9777468706536857,9347,0.01630662550557538
20,US,Mississippi,2020-08-08,66646,1874,42391,30012,311,7320,0.25426496068239374,0.04075481588258419,0.9592451841174158,7631,-0.018501686536269935
21,US,Mississippi,2020-08-18,73207,2127,56577,28942,253,14186,0.49889434040494784,0.017521989057413947,0.982478010942586,14439,0.02323282682517025
22,US,Mississippi,2020-08-28,81294,2413,62707,22590,286,6130,0.28401947764497565,0.044576059850374064,0.955423940149626,6416,-0.027054070792960072
23,US,Mississippi,2020-09-07,87130,2585,67918,22010,172,5211,0.2445706497046797,0.03195244287571986,0.9680475571242801,5383,0.012623616974654195
24,US,Mississippi,2020-09-17,91935,2780,78971,21432,195,11053,0.524822695035461,0.01733641536273115,0.9826635846372689,11248,0.014616027512988738
25,US,Mississippi,2020-09-27,96859,2919,85327,15108,139,6356,0.4299046862589357,0.021401077752117012,0.978598922247883,6495,-0.0040646623893858536
26,US,Mississippi,2020-10-07,102241,3051,90577,13995,132,5250,0.38456591639871385,0.024526198439241916,0.9754738015607581,5382,-0.0031251206871248938
27,US,Mississippi,2020-10-17,110006,3171,94165,16378,120,3588,0.22640126999633656,0.032362459546925564,0.9676375404530745,3708,-0.00783626110768365
28,US,Mississippi,2020-10-27,116617,3283,101385,19281,112,7220,0.38027073284580676,0.015275504637206765,0.9847244953627933,7332,0.017086954909718788
29,US,Mississippi,2020-11-06,124854,3419,105839,20186,136,4454,0.22738531655602892,0.02962962962962963,0.9703703703703703,4590,-0.014354124992422945
30,US,Mississippi,2020-11-16,134898,3545,116683,25640,126,10844,0.4278471138845554,0.011485870556061987,0.988514129443938,10970,0.01814375907356769
31,US,Mississippi,2020-11-26,147382,3763,121637,27154,218,4954,0.19046917581203507,0.04215003866976025,0.9578499613302398,5172,-0.03066416811369821
32,US,Mississippi,2020-12-06,164931,3961,128746,39531,198,7109,0.18484227568237585,0.027097303955111538,0.9729026960448884,7307,0.01505273471464863
33,US,Mississippi,2020-12-16,185643,4294,148466,52936,333,19720,0.37881592866858094,0.016605994115593676,0.9833940058844063,20053,0.010491309839517848
34,US,Mississippi,2020-12-26,205023,4565,154669,52263,271,6203,0.12387348602261639,0.041859746679023785,0.9581402533209762,6474,-0.0252537525634301
35,US,Mississippi,2021-01-05,225444,4975,182103,66210,410,27434,0.42054070382117503,0.014724895848297658,0.9852751041517024,27844,0.027134850830726198
36,US,Mississippi,2021-01-10,239082,5167,182103,52004,192,0,0.0036920236904853473,1.0,0.0,192,-0.9852751041517024
