Index,Region,Subregion,Stage,Confirmed,Deaths,Recovered,Stage_Confirmed,Stage_Deaths,Stage_Recovered,Stage_Treated%,Stage_Deaths%,Stage_Recovered%,Stage_Treated,Recovered_Change
29,India,Arunachal Pradesh,2020-06-14,87,0,4,87,0,4,0.04597701149425287,0.0,1.0,4,
30,India,Arunachal Pradesh,2020-06-19,103,0,11,99,0,7,0.0707070707070707,0.0,1.0,7,0.0
31,India,Arunachal Pradesh,2020-06-24,158,0,38,147,0,27,0.1836734693877551,0.0,1.0,27,0.0
32,India,Arunachal Pradesh,2020-06-29,187,1,61,149,1,23,0.1610738255033557,0.041666666666666664,0.9583333333333334,24,-0.04166666666666663
33,India,Arunachal Pradesh,2020-07-04,259,1,76,197,0,15,0.07614213197969544,0.0,1.0,15,0.04166666666666663
34,India,Arunachal Pradesh,2020-07-09,302,2,120,225,1,44,0.2,0.022222222222222223,0.9777777777777777,45,-0.022222222222222254
35,India,Arunachal Pradesh,2020-07-14,462,3,153,340,1,33,0.1,0.029411764705882353,0.9705882352941176,34,-0.007189542483660105
36,India,Arunachal Pradesh,2020-07-19,740,3,282,584,0,129,0.2208904109589041,0.0,1.0,129,0.02941176470588236
37,India,Arunachal Pradesh,2020-07-24,1056,3,392,771,0,110,0.14267185473411154,0.0,1.0,110,0.0
38,India,Arunachal Pradesh,2020-07-29,1410,3,677,1015,0,285,0.28078817733990147,0.0,1.0,285,0.0
39,India,Arunachal Pradesh,2020-08-03,1758,3,1063,1078,0,386,0.3580705009276438,0.0,1.0,386,0.0
40,India,Arunachal Pradesh,2020-08-08,2117,3,1430,1051,0,367,0.3491912464319695,0.0,1.0,367,0.0
41,India,Arunachal Pradesh,2020-08-13,2512,4,1718,1079,1,288,0.267840593141798,0.0034602076124567475,0.9965397923875432,289,-0.0034602076124568004
42,India,Arunachal Pradesh,2020-08-18,2875,5,1949,1153,1,231,0.20121422376409367,0.004310344827586207,0.9956896551724138,232,-0.0008501372151293873
43,India,Arunachal Pradesh,2020-08-23,3263,5,2297,1309,0,348,0.26585179526355995,0.0,1.0,348,0.004310344827586188
44,India,Arunachal Pradesh,2020-08-28,3745,5,2709,1443,0,412,0.2855162855162855,0.0,1.0,412,0.0
45,India,Arunachal Pradesh,2020-09-02,4360,7,3075,1646,2,366,0.2235722964763062,0.005434782608695652,0.9945652173913043,368,-0.005434782608695676
46,India,Arunachal Pradesh,2020-09-07,5180,8,3596,2098,1,521,0.24880838894184937,0.0019157088122605363,0.9980842911877394,522,0.0035190737964351237
47,India,Arunachal Pradesh,2020-09-12,5975,10,4253,2371,2,657,0.2779417967102488,0.0030349013657056147,0.9969650986342944,659,-0.0011191925534450586
48,India,Arunachal Pradesh,2020-09-17,6851,13,4967,2588,3,714,0.27704791344667695,0.0041841004184100415,0.99581589958159,717,-0.001149199052704386
49,India,Arunachal Pradesh,2020-09-22,7844,14,5778,2864,1,811,0.2835195530726257,0.0012315270935960591,0.9987684729064039,812,0.002952573324813912
50,India,Arunachal Pradesh,2020-09-27,9004,14,6495,3212,0,717,0.22322540473225405,0.0,1.0,717,0.0012315270935960854
51,India,Arunachal Pradesh,2020-10-02,10220,18,7183,3711,4,688,0.18647264888170303,0.005780346820809248,0.9942196531791907,692,-0.005780346820809301
52,India,Arunachal Pradesh,2020-10-07,11267,21,8396,4066,3,1213,0.29906542056074764,0.0024671052631578946,0.9975328947368421,1216,0.0033132415576514473
53,India,Arunachal Pradesh,2020-10-12,12367,24,9403,3950,3,1007,0.25569620253164554,0.0029702970297029703,0.997029702970297,1010,-0.0005031917665451191
54,India,Arunachal Pradesh,2020-10-17,13348,30,10315,3921,6,912,0.234123947972456,0.006535947712418301,0.9934640522875817,918,-0.0035656506827153045
55,India,Arunachal Pradesh,2020-10-22,14077,32,11407,3732,2,1092,0.29314040728831725,0.0018281535648994515,0.9981718464351006,1094,0.004707794147518873
56,India,Arunachal Pradesh,2020-10-27,14472,36,12297,3033,4,890,0.29475766567754697,0.0044742729306487695,0.9955257270693513,894,-0.002646119365749322
57,India,Arunachal Pradesh,2020-11-01,14881,37,13073,2548,1,776,0.30494505494505497,0.001287001287001287,0.9987129987129987,777,0.0031872716436474047
58,India,Arunachal Pradesh,2020-11-06,15325,43,13679,2215,6,606,0.2762979683972912,0.00980392156862745,0.9901960784313726,612,-0.008516920281626095
59,India,Arunachal Pradesh,2020-11-11,15657,46,14126,1935,3,447,0.23255813953488372,0.006666666666666667,0.9933333333333333,450,0.0031372549019607066
60,India,Arunachal Pradesh,2020-11-16,15868,48,14588,1696,2,462,0.27358490566037735,0.004310344827586207,0.9956896551724138,464,0.002356321839080522
61,India,Arunachal Pradesh,2020-11-21,16037,49,14937,1401,1,349,0.24982155603140613,0.002857142857142857,0.9971428571428571,350,0.0014532019704432964
62,India,Arunachal Pradesh,2020-11-26,16204,49,15229,1218,0,292,0.23973727422003285,0.0,1.0,292,0.0028571428571428914
63,India,Arunachal Pradesh,2020-12-01,16296,54,15456,1018,5,227,0.22789783889980353,0.021551724137931036,0.978448275862069,232,-0.02155172413793105
64,India,Arunachal Pradesh,2020-12-06,16395,55,15605,885,1,149,0.1694915254237288,0.006666666666666667,0.9933333333333333,150,0.01488505747126434
65,India,Arunachal Pradesh,2020-12-11,16497,55,16163,837,0,558,0.6666666666666666,0.0,1.0,558,0.00666666666666671
66,India,Arunachal Pradesh,2020-12-16,16574,55,16278,356,0,115,0.32303370786516855,0.0,1.0,115,0.0
67,India,Arunachal Pradesh,2020-12-21,16652,56,16369,319,1,91,0.2884012539184953,0.010869565217391304,0.9891304347826086,92,-0.010869565217391353
68,India,Arunachal Pradesh,2020-12-26,16687,56,16477,262,0,108,0.4122137404580153,0.0,1.0,108,0.010869565217391353
69,India,Arunachal Pradesh,2020-12-31,16711,56,16549,178,0,72,0.4044943820224719,0.0,1.0,72,0.0
70,India,Arunachal Pradesh,2021-01-05,16744,56,16609,139,0,60,0.4316546762589928,0.0,1.0,60,0.0
71,India,Arunachal Pradesh,2021-01-10,16772,56,16650,107,0,41,0.38317757009345793,0.0,1.0,41,0.0
72,India,Arunachal Pradesh,2021-01-15,16802,56,16682,96,0,32,0.3333333333333333,0.0,1.0,32,0.0
73,India,Arunachal Pradesh,2021-01-20,16815,56,16713,77,0,31,0.4025974025974026,0.0,1.0,31,0.0
74,India,Arunachal Pradesh,2021-01-25,16820,56,16749,51,0,36,0.7058823529411765,0.0,1.0,36,0.0
75,India,Arunachal Pradesh,2021-01-30,16828,56,16758,23,0,9,0.391304347826087,0.0,1.0,9,0.0
76,India,Arunachal Pradesh,2021-02-04,16829,56,16765,15,0,7,0.4666666666666667,0.0,1.0,7,0.0
77,India,Arunachal Pradesh,2021-02-09,16831,56,16771,10,0,6,0.6,0.0,1.0,6,0.0
78,India,Arunachal Pradesh,2021-02-14,16832,56,16773,5,0,2,0.4,0.0,1.0,2,0.0
79,India,Arunachal Pradesh,2021-02-19,16836,56,16775,7,0,2,0.2857142857142857,0.0,1.0,2,0.0
80,India,Arunachal Pradesh,2021-02-24,16836,56,16776,5,0,1,0.2,0.0,1.0,1,0.0
81,India,Arunachal Pradesh,2021-03-01,16837,56,16780,5,0,4,0.8,0.0,1.0,4,0.0
82,India,Arunachal Pradesh,2021-03-06,16839,56,16780,3,0,0,0.0,,,0,
83,India,Arunachal Pradesh,2021-03-11,16840,56,16780,4,0,0,0.0,,,0,
84,India,Arunachal Pradesh,2021-03-16,16841,56,16783,5,0,3,0.6,0.0,1.0,3,
85,India,Arunachal Pradesh,2021-03-21,16842,56,16783,3,0,0,0.0,,,0,
86,India,Arunachal Pradesh,2021-03-26,16843,56,16785,4,0,2,0.5,0.0,1.0,2,
87,India,Arunachal Pradesh,2021-03-31,16845,56,16785,4,0,0,0.0,,,0,
88,India,Arunachal Pradesh,2021-04-05,16851,56,16785,10,0,0,0.0,,,0,
89,India,Arunachal Pradesh,2021-04-10,16878,56,16790,37,0,5,0.13513513513513514,0.0,1.0,5,
90,India,Arunachal Pradesh,2021-04-15,16920,56,16798,74,0,8,0.10810810810810811,0.0,1.0,8,0.0
91,India,Arunachal Pradesh,2021-04-20,17113,56,16835,259,0,37,0.14285714285714285,0.0,1.0,37,0.0
92,India,Arunachal Pradesh,2021-04-25,17607,58,16968,716,2,133,0.18854748603351956,0.014814814814814815,0.9851851851851852,135,-0.014814814814814836
93,India,Arunachal Pradesh,2021-04-30,18419,59,17134,1393,1,166,0.1198851399856425,0.005988023952095809,0.9940119760479041,167,0.00882679086271898
94,India,Arunachal Pradesh,2021-05-05,19412,59,17577,2219,0,443,0.1996394772420009,0.0,1.0,443,0.005988023952095856
95,India,Arunachal Pradesh,2021-05-10,20370,64,18351,2734,5,774,0.2849305047549378,0.006418485237483954,0.993581514762516,779,-0.006418485237484006
96,India,Arunachal Pradesh,2021-05-15,21622,78,19293,3207,14,942,0.2980979108200811,0.014644351464435146,0.9853556485355649,956,-0.008225866226951095
97,India,Arunachal Pradesh,2021-05-20,23159,89,20339,3788,11,1046,0.279039070749736,0.010406811731315043,0.9895931882686849,1057,0.0042375397331200215
98,India,Arunachal Pradesh,2021-05-25,25002,104,21575,4574,15,1236,0.2735024048972453,0.011990407673860911,0.988009592326139,1251,-0.0015835959425458679
99,India,Arunachal Pradesh,2021-05-30,26950,115,23052,5271,11,1477,0.28229937393284005,0.00739247311827957,0.9926075268817204,1488,0.004597934555581329
100,India,Arunachal Pradesh,2021-06-04,28786,122,24835,5619,7,1783,0.3185620217120484,0.003910614525139665,0.9960893854748604,1790,0.003481858593139986
101,India,Arunachal Pradesh,2021-06-09,30247,128,26848,5290,6,2013,0.38166351606805293,0.0029717682020802376,0.9970282317979198,2019,0.0009388463230594057
102,India,Arunachal Pradesh,2021-06-14,31648,151,28608,4672,23,1760,0.3816352739726027,0.012899607403252944,0.9871003925967471,1783,-0.009927839201172683
103,India,Arunachal Pradesh,2021-06-19,32923,159,30163,4164,8,1555,0.3753602305475504,0.005118362124120281,0.9948816378758797,1563,0.007781245279132598
104,India,Arunachal Pradesh,2021-06-24,34214,162,31487,3892,3,1324,0.3409558067831449,0.002260738507912585,0.9977392614920875,1327,0.002857623616207783
105,India,Arunachal Pradesh,2021-06-29,35571,168,32716,3922,6,1229,0.3148903620601734,0.004858299595141701,0.9951417004048583,1235,-0.0025975610872291943
106,India,Arunachal Pradesh,2021-07-04,37105,177,33967,4221,9,1251,0.29850746268656714,0.007142857142857143,0.9928571428571429,1260,-0.0022845575477153934
107,India,Arunachal Pradesh,2021-07-09,39085,186,35342,4941,9,1375,0.28010524185387575,0.006502890173410405,0.9934971098265896,1384,0.0006399669694466814
108,India,Arunachal Pradesh,2021-07-14,41279,195,36903,5751,9,1561,0.2729960006955312,0.005732484076433121,0.9942675159235669,1570,0.0007704060969773163
109,India,Arunachal Pradesh,2021-07-19,43328,203,38865,6230,8,1962,0.3162118780096308,0.0040609137055837565,0.9959390862944163,1970,0.0016715703708494178
110,India,Arunachal Pradesh,2021-07-24,45703,213,41025,6635,10,2160,0.32705350414468726,0.004608294930875576,0.9953917050691244,2170,-0.0005473812252918542
111,India,Arunachal Pradesh,2021-07-29,47477,225,43000,6239,12,1975,0.31848052572527646,0.006039255158530448,0.9939607448414696,1987,-0.001430960227654876
112,India,Arunachal Pradesh,2021-08-03,48565,234,44823,5340,9,1823,0.3430711610486891,0.0049126637554585155,0.9950873362445415,1832,0.0011265914030719193
