Index,Region,Subregion,Stage,Confirmed,Deaths,Recovered,Stage_Confirmed,Stage_Deaths,Stage_Recovered,Stage_Treated%,Stage_Deaths%,Stage_Recovered%,Stage_Treated,Recovered_Change
29,India,Assam,2020-06-14,3718,8,1584,3718,8,1584,0.4281871974179666,0.005025125628140704,0.9949748743718593,1592,
30,India,Assam,2020-06-19,4904,9,3039,3312,1,1455,0.4396135265700483,0.0006868131868131869,0.9993131868131868,1456,0.004338312441327541
31,India,Assam,2020-06-24,6198,9,3958,3150,0,919,0.29174603174603175,0.0,1.0,919,0.0006868131868131844
32,India,Assam,2020-06-29,7752,11,5333,3785,2,1375,0.36380449141347426,0.0014524328249818446,0.9985475671750181,1377,-0.001452432824981864
33,India,Assam,2020-07-04,10668,14,6657,5324,3,1324,0.24924868519909843,0.002260738507912585,0.9977392614920875,1327,-0.0008083056829306656
34,India,Assam,2020-07-09,14032,22,8726,7361,8,2069,0.28216274962640947,0.0038517091959557053,0.9961482908040443,2077,-0.0015909706880431473
35,India,Assam,2020-07-14,17807,40,11416,9059,18,2690,0.2989292416381499,0.0066469719350073855,0.9933530280649926,2708,-0.0027952627390517293
36,India,Assam,2020-07-19,23999,57,16023,12543,17,4607,0.36865183767838633,0.003676470588235294,0.9963235294117647,4624,0.0029705013467721253
37,India,Assam,2020-07-24,29921,76,21761,13841,19,5738,0.4159381547576042,0.0033003300330033004,0.9966996699669967,5757,0.0003761405552319408
38,India,Assam,2020-07-29,36295,92,27832,14458,16,6071,0.42101258818647114,0.0026285526531953343,0.9973714473468047,6087,0.0006717773798080584
39,India,Assam,2020-08-03,45275,109,33428,17351,17,5596,0.32349720477205923,0.0030286834135043648,0.9969713165864956,5613,-0.000400130760309092
40,India,Assam,2020-08-08,57714,140,40591,24177,31,7163,0.2975555279811391,0.004309146510981373,0.9956908534890186,7194,-0.0012804630974769804
41,India,Assam,2020-08-13,71795,169,49383,31064,29,8792,0.2839621426731908,0.0032876091146128556,0.9967123908853871,8821,0.0010215373963684549
42,India,Assam,2020-08-18,82201,203,58294,32649,34,8911,0.2739747006033875,0.003801006148686417,0.9961989938513136,8945,-0.0005133970340734928
43,India,Assam,2020-08-23,90740,242,70900,32243,39,12606,0.3921781471947399,0.0030842230130486356,0.9969157769869513,12645,0.0007167831356377219
44,India,Assam,2020-08-28,101367,286,81070,30225,44,10170,0.3379321753515302,0.004307812805952614,0.9956921871940474,10214,-0.001223589792903934
45,India,Assam,2020-09-02,115279,323,88729,33923,37,7659,0.22686672758895146,0.004807692307692308,0.9951923076923077,7696,-0.0004998795017396862
46,India,Assam,2020-09-07,128244,370,99076,39192,47,10347,0.26520718513982444,0.004521839522801616,0.9954781604771984,10394,0.00028585278489068333
47,India,Assam,2020-09-12,140471,453,110885,41025,83,11809,0.289872029250457,0.006979482004709048,0.9930205179952909,11892,-0.002457642481907496
48,India,Assam,2020-09-17,150349,528,121613,39011,75,10728,0.27692189382481863,0.0069425159677867256,0.9930574840322133,10803,3.696603692238121e-05
49,India,Assam,2020-09-22,161393,586,130950,39252,58,9337,0.23935086110261897,0.006173496540713145,0.9938265034592868,9395,0.0007690194270735251
50,India,Assam,2020-09-27,169985,655,139980,38449,69,9030,0.23665114827433745,0.007583250906693043,0.9924167490933069,9099,-0.0014097543659798983
51,India,Assam,2020-10-02,183812,721,148963,43177,66,8983,0.20957917409732033,0.007293623604818212,0.9927063763951818,9049,0.00028962730187487296
52,India,Assam,2020-10-07,190209,785,157638,40525,64,8675,0.21564466378778532,0.007323492390433688,0.9926765076095663,8739,-2.9868785615505544e-05
53,India,Assam,2020-10-12,195304,826,166039,36881,41,8401,0.22889834874325535,0.004856669035773514,0.9951433309642265,8442,0.002466823354660197
54,India,Assam,2020-10-17,200391,865,171084,33526,39,5045,0.15164350056672432,0.007671125098347758,0.9923288749016522,5084,-0.0028144560625742443
55,India,Assam,2020-10-22,203282,896,177662,31333,31,6578,0.2109277758274024,0.004690573460432743,0.9953094265395672,6609,0.0029805516379149966
56,India,Assam,2020-10-27,204789,914,191030,26231,18,13368,0.5103122259921467,0.001344688480502017,0.9986553115194979,13386,0.0033458849799307133
57,India,Assam,2020-11-01,206517,931,196784,14573,17,5754,0.39600631304467165,0.0029457632992548953,0.9970542367007451,5771,-0.0016010748187528234
58,India,Assam,2020-11-06,208389,938,200384,10674,7,3600,0.3379239272999813,0.0019406709176601053,0.9980593290823399,3607,0.001005092381594741
59,India,Assam,2020-11-11,209633,954,203308,8311,16,2924,0.3537480447599567,0.005442176870748299,0.9945578231292517,2940,-0.00350150595308818
60,India,Assam,2020-11-16,210454,964,206044,6192,10,2736,0.4434754521963824,0.003641660597232338,0.9963583394027676,2746,0.0018005162735159619
61,India,Assam,2020-11-21,211427,973,207222,4419,9,1178,0.2686128083276759,0.007582139848357203,0.9924178601516428,1187,-0.00394047925112484
62,India,Assam,2020-11-26,212171,978,207908,3976,5,686,0.1737927565392354,0.00723589001447178,0.9927641099855282,691,0.00034624983388542585
63,India,Assam,2020-12-01,212998,981,208531,4112,3,623,0.1522373540856031,0.004792332268370607,0.9952076677316294,626,0.002443557746101166
64,India,Assam,2020-12-06,213759,993,209214,4247,12,683,0.16364492582999765,0.017266187050359712,0.9827338129496402,695,-0.012473854781989147
65,India,Assam,2020-12-11,214432,1000,209939,4225,7,725,0.17325443786982248,0.009562841530054645,0.9904371584699454,732,0.00770334552030516
66,India,Assam,2020-12-16,215042,1007,210491,4103,7,552,0.1362417743114794,0.012522361359570662,0.9874776386404294,559,-0.002959519829516033
67,India,Assam,2020-12-21,215510,1020,210965,4012,13,474,0.12138584247258226,0.026694045174537988,0.973305954825462,487,-0.014171683814967362
68,India,Assam,2020-12-26,215910,1035,211486,3925,15,521,0.13656050955414012,0.027985074626865673,0.9720149253731343,536,-0.00129102945232773
69,India,Assam,2020-12-31,216139,1043,211838,3618,8,352,0.09950248756218906,0.022222222222222223,0.9777777777777777,360,0.00576285240464347
70,India,Assam,2021-01-05,216381,1057,212249,3500,14,411,0.12142857142857143,0.03294117647058824,0.9670588235294117,425,-0.010718954248365997
71,India,Assam,2021-01-10,216590,1061,212515,3284,4,266,0.08221680876979294,0.014814814814814815,0.9851851851851852,270,0.018126361655773415
72,India,Assam,2021-01-15,216777,1066,212748,3201,5,233,0.07435176507341455,0.02100840336134454,0.9789915966386554,238,-0.006193588546529738
73,India,Assam,2021-01-20,216919,1077,213179,3105,11,431,0.14235104669887277,0.024886877828054297,0.9751131221719457,442,-0.003878474466709747
74,India,Assam,2021-01-25,217017,1078,213674,2761,1,495,0.17964505613908005,0.0020161290322580645,0.9979838709677419,496,0.022870748795796203
75,India,Assam,2021-01-30,217120,1082,214124,2368,4,450,0.19172297297297297,0.00881057268722467,0.9911894273127754,454,-0.006794443654966509
76,India,Assam,2021-02-04,217186,1084,214374,1980,2,250,0.12727272727272726,0.007936507936507936,0.9920634920634921,252,0.0008740647507167187
77,India,Assam,2021-02-09,217256,1086,214490,1798,2,116,0.06562847608453838,0.01694915254237288,0.9830508474576272,118,-0.009012644605864928
78,India,Assam,2021-02-14,217293,1087,214585,1717,1,95,0.05591147350029121,0.010416666666666666,0.9895833333333334,96,0.0065324858757062065
79,India,Assam,2021-02-19,217367,1091,214658,1695,4,73,0.04542772861356932,0.05194805194805195,0.948051948051948,77,-0.041531385281385336
80,India,Assam,2021-02-24,217454,1091,214757,1705,0,99,0.05806451612903226,0.0,1.0,99,0.051948051948051965
81,India,Assam,2021-03-01,217570,1093,214846,1722,2,89,0.052845528455284556,0.02197802197802198,0.978021978021978,91,-0.02197802197802201
82,India,Assam,2021-03-06,217649,1094,214930,1710,1,84,0.049707602339181284,0.011764705882352941,0.9882352941176471,85,0.010213316095669112
83,India,Assam,2021-03-11,217745,1097,215023,1721,3,93,0.0557815223707147,0.03125,0.96875,96,-0.0194852941176471
84,India,Assam,2021-03-16,217839,1099,215127,1719,2,104,0.061663757998836534,0.018867924528301886,0.9811320754716981,106,0.012382075471698117
85,India,Assam,2021-03-21,217976,1100,215213,1750,1,86,0.04971428571428571,0.011494252873563218,0.9885057471264368,87,0.007373671654738678
86,India,Assam,2021-03-26,218176,1104,215325,1863,4,112,0.062265163714439076,0.034482758620689655,0.9655172413793104,116,-0.02298850574712641
87,India,Assam,2021-03-31,218412,1105,215445,1983,1,120,0.06101865859808371,0.008264462809917356,0.9917355371900827,121,0.026218295810772285
88,India,Assam,2021-04-05,218740,1109,215657,2190,4,212,0.09863013698630137,0.018518518518518517,0.9814814814814815,216,-0.010254055708601162
89,India,Assam,2021-04-10,219958,1117,215907,3192,8,250,0.08082706766917293,0.031007751937984496,0.9689922480620154,258,-0.012489233419466061
90,India,Assam,2021-04-15,222367,1123,216284,5343,6,377,0.07168257533221037,0.015665796344647518,0.9843342036553525,383,0.015341955593337064
91,India,Assam,2021-04-20,227473,1145,217296,10066,22,1012,0.10272203457182595,0.02127659574468085,0.9787234042553191,1034,-0.005610799400033395
92,India,Assam,2021-04-25,237533,1200,219516,19092,55,2220,0.11915985753195056,0.024175824175824177,0.9758241758241758,2275,-0.002899228431143319
93,India,Assam,2021-04-30,253123,1307,226643,32407,107,7127,0.22322337766531922,0.014791263478020459,0.9852087365219795,7234,0.00938456069780369
94,India,Assam,2021-05-05,272751,1485,240004,44801,178,13361,0.30220307582420036,0.013147204372553364,0.9868527956274467,13539,0.001644059105467166
95,India,Assam,2021-05-10,298171,1753,257571,56682,268,17567,0.3146501534878797,0.01502663302495094,0.9849733669750491,17835,-0.0018794286523975412
96,India,Assam,2021-05-15,324979,2123,277501,65655,370,19930,0.30919198842433937,0.018226600985221674,0.9817733990147783,20300,-0.0031999679602707776
97,India,Assam,2021-05-20,353574,2507,297902,73950,384,20401,0.2810682893847194,0.0184748616790955,0.9815251383209045,20785,-0.0002482606938738474
98,India,Assam,2021-05-25,381171,2915,323368,80762,408,25466,0.3203734429558456,0.01576872536136662,0.9842312746386334,25874,0.002706136317728869
99,India,Assam,2021-05-30,406868,3300,349773,80585,385,26405,0.3324440032264069,0.01437103396789847,0.9856289660321015,26790,0.0013976913934681257
100,India,Assam,2021-06-04,428933,3577,373244,75860,277,23471,0.31305035591879776,0.011664140138116895,0.9883358598618831,23748,0.0027068938297816203
101,India,Assam,2021-06-09,446445,3793,392806,69624,216,19562,0.28406871193841204,0.010921225604206695,0.9890787743957933,19778,0.0007429145339101773
102,India,Assam,2021-06-14,463175,3994,418472,66576,201,25666,0.3885334054313867,0.007770518421154366,0.9922294815788456,25867,0.003150707183052326
103,India,Assam,2021-06-19,480730,4178,441184,58264,184,22712,0.39296992997391184,0.00803633822501747,0.9919636617749825,22896,-0.0002658198038630877
104,India,Assam,2021-06-24,493688,4344,458330,48326,166,17146,0.35823366303853,0.009588724584103512,0.9904112754158965,17312,-0.0015523863590860554
105,India,Assam,2021-06-29,506005,4509,474457,43331,165,16127,0.3759894763564192,0.010127670022096734,0.9898723299779033,16292,-0.0005389454379931546
106,India,Assam,2021-07-04,517194,4652,489040,38228,143,14583,0.38521502563565974,0.009710715740866495,0.9902892842591335,14726,0.0004169542812302307
107,India,Assam,2021-07-09,529693,4788,501869,36001,136,12829,0.36012888530874143,0.010489780177400694,0.9895102198225993,12965,-0.0007790644365341937
108,India,Assam,2021-07-14,540453,4910,514543,33796,122,12674,0.37862468931234466,0.009534229446702094,0.9904657705532979,12796,0.0009555507306985289
109,India,Assam,2021-07-19,549080,5019,526607,29627,109,12064,0.4108752151753468,0.008954242996796188,0.9910457570032039,12173,0.0005799864499059781
110,India,Assam,2021-07-24,557437,5114,536597,25811,95,9990,0.39072488473906475,0.009419930589985127,0.9905800694100149,10085,-0.00046568759318899033
111,India,Assam,2021-07-29,564030,5221,544695,22319,107,8098,0.367623997490927,0.013040828762949421,0.9869591712370506,8205,-0.003620898172964293
112,India,Assam,2021-08-03,569439,5307,551692,19523,86,6997,0.36280284792296263,0.012141747846957504,0.9878582521530425,7083,0.00089908091599189
113,India,Assam,2021-08-06,571571,5343,,14572,36,,,,,,
