Index,Region,Subregion,Stage,Confirmed,Deaths,Recovered,Stage_Confirmed,Stage_Deaths,Stage_Recovered,Stage_Treated%,Stage_Deaths%,Stage_Recovered%,Stage_Treated,Recovered_Change
29,India,Kerala,2020-06-14,2407,19,1046,2407,19,1046,0.4424594931449938,0.01784037558685446,0.9821596244131455,1065,
30,India,Kerala,2020-06-19,2912,21,1511,1847,2,465,0.25284244721169463,0.004282655246252677,0.9957173447537473,467,0.013557720340601764
31,India,Kerala,2020-06-24,3603,22,1888,2071,1,377,0.18252052148720424,0.0026455026455026454,0.9973544973544973,378,0.0016371526007500359
32,India,Kerala,2020-06-29,4189,22,2152,2279,0,264,0.11584028082492322,0.0,1.0,264,0.002645502645502673
33,India,Kerala,2020-07-04,5204,25,3048,3030,3,896,0.2966996699669967,0.0033370411568409346,0.996662958843159,899,-0.0033370411568409697
34,India,Kerala,2020-07-09,6534,27,3708,3461,2,660,0.19127419820861022,0.0030211480362537764,0.9969788519637462,662,0.0003158931205872184
35,India,Kerala,2020-07-14,8930,34,4438,5195,7,730,0.1418671799807507,0.009497964721845319,0.9905020352781547,737,-0.006476816685591524
36,India,Kerala,2020-07-19,12480,42,5371,8008,8,933,0.11750749250749251,0.008501594048884165,0.9914984059511158,941,0.0009963706729611
37,India,Kerala,2020-07-24,16995,54,7562,11582,12,2191,0.19020894491452253,0.005447117566954153,0.9945528824330458,2203,0.003054476481930024
38,India,Kerala,2020-07-29,21797,68,11365,14181,14,3803,0.26916296453000493,0.0036678019386953103,0.9963321980613047,3817,0.0017793156282588374
39,India,Kerala,2020-08-03,26873,84,15278,15440,16,3913,0.2544689119170985,0.004072283023670145,0.9959277169763299,3929,-0.00040448108497481705
40,India,Kerala,2020-08-08,33120,106,20862,17758,22,5584,0.3156887036828472,0.00392436674991081,0.9960756332500892,5606,0.0001479162737593187
41,India,Kerala,2020-08-13,39708,129,25688,18740,23,4826,0.2587513340448239,0.004743246030109301,0.9952567539698907,4849,-0.0008188792801985256
42,India,Kerala,2020-08-18,47898,175,31390,22081,46,5702,0.260314297359721,0.008002783576896311,0.9919972164231037,5748,-0.0032595375467869836
43,India,Kerala,2020-08-23,58262,223,37645,26697,48,6255,0.2360939431396786,0.007615421227986673,0.9923845787720134,6303,0.00038736234890968113
44,India,Kerala,2020-08-28,69304,274,45854,31436,51,8209,0.2627560758366204,0.006174334140435836,0.9938256658595641,8260,0.001441087087550752
45,India,Kerala,2020-09-02,78072,305,55778,31944,31,9924,0.3116391184573003,0.00311401305876444,0.9968859869412355,9955,0.0030603210816714244
46,India,Kerala,2020-09-07,89489,359,66997,33406,54,11219,0.33745434951805064,0.004790206688547858,0.9952097933114521,11273,-0.0016761936297834401
47,India,Kerala,2020-09-12,105139,425,75844,37783,66,8847,0.23589974327078317,0.007404914170313026,0.992595085829687,8913,-0.002614707481765066
48,India,Kerala,2020-09-17,122214,489,87345,45945,64,11501,0.2517140058765916,0.005533938607868569,0.9944660613921315,11565,0.0018709755624444213
49,India,Kerala,2020-09-22,142756,572,101731,54922,83,14386,0.26344634208513895,0.005736401962817057,0.9942635980371829,14469,-0.0002024633549485566
50,India,Kerala,2020-09-27,175384,677,117921,73081,105,16190,0.22297177104856256,0.006443694384780607,0.9935563056152193,16295,-0.0007072924219635457
51,India,Kerala,2020-10-02,213499,791,135144,94901,114,17223,0.18268511396086448,0.006575532098979062,0.9934244679010209,17337,-0.00013183771419844614
52,India,Kerala,2020-10-07,253405,906,160253,117470,115,25109,0.2147271643823955,0.004559150015857913,0.9954408499841421,25224,0.00201638208312116
53,India,Kerala,2020-10-12,295132,1025,199634,133973,119,39381,0.29483552656132206,0.003012658227848101,0.9969873417721519,39500,0.0015464917880098072
54,India,Kerala,2020-10-17,334228,1139,236989,133569,114,37355,0.2805216779342512,0.0030425151458539058,0.9969574848541461,37469,-2.9856918005721766e-05
55,India,Kerala,2020-10-22,369323,1255,274675,131195,116,37686,0.2881359807919509,0.003068620707899053,0.996931379292101,37802,-2.610556204518666e-05
56,India,Kerala,2020-10-27,402674,1376,309032,126744,121,34357,0.27202865618885314,0.003509484308834619,0.9964905156911654,34478,-0.0004408636009355371
57,India,Kerala,2020-11-01,440130,1512,348835,129722,136,39803,0.3078814696042306,0.003405192919201783,0.9965948070807982,39939,0.00010429138963274909
58,India,Kerala,2020-11-06,473468,1640,388504,123121,128,39669,0.32323486651342986,0.0032163228384049047,0.9967836771615951,39797,0.00018887008079693235
59,India,Kerala,2020-11-11,502719,1771,422410,112575,131,33906,0.3023495447479458,0.003848752827805036,0.9961512471721949,34037,-0.0006324299894001628
60,India,Kerala,2020-11-16,527708,1888,454774,103527,117,32364,0.31374424063287837,0.0036021058464948737,0.9963978941535051,32481,0.0002466469813101613
61,India,Kerala,2020-11-21,557441,2022,488437,100779,134,33663,0.33535756457198423,0.003964848951090333,0.9960351510489097,33797,-0.0003627431045953866
62,India,Kerala,2020-11-26,583741,2148,516978,93282,126,28541,0.3073154520700671,0.0043952977290961735,0.9956047022709038,28667,-0.00043044877800590964
63,India,Kerala,2020-12-01,608357,2270,544864,89231,122,27886,0.31388194685703397,0.004355898314767209,0.9956441016852328,28008,3.939941432895555e-05
64,India,Kerala,2020-12-06,636392,2418,572911,89258,148,28047,0.3158820497882543,0.005249157652065969,0.994750842347934,28195,-0.0008932593372987796
65,India,Kerala,2020-12-11,658683,2562,596593,83354,144,23682,0.28584111140437174,0.0060438176781667085,0.9939561823218332,23826,-0.0007946600261007353
66,India,Kerala,2020-12-16,683440,2707,622394,84285,145,25801,0.30783650708904314,0.005588530023895783,0.9944114699761042,25946,0.00045528765427094164
67,India,Kerala,2020-12-21,709292,2843,645779,84191,136,23385,0.27937665546198526,0.005782067088984312,0.9942179329110157,23521,-0.00019353706508851154
68,India,Kerala,2020-12-26,735611,2951,668733,86989,108,22954,0.2651139799284967,0.0046830283583383925,0.9953169716416617,23062,0.0010990387306459848
69,India,Kerala,2020-12-31,755718,3042,687104,84034,91,18371,0.21969678939476878,0.004929043440580652,0.9950709565594194,18462,-0.0002460150822423124
70,India,Kerala,2021-01-05,784488,3184,717311,94342,142,30207,0.32169129337940683,0.004678902105505947,0.9953210978944941,30349,0.00025014133507472724
71,India,Kerala,2021-01-10,811148,3302,743467,90653,118,26156,0.2898304523843668,0.004491131917484966,0.995508868082515,26274,0.00018777018802096368
72,India,Kerala,2021-01-15,836883,3415,765757,90114,113,22290,0.24860731961737356,0.005043967325804579,0.9949560326741954,22403,-0.0005528354083196296
73,India,Kerala,2021-01-20,864195,3524,790757,95023,109,25000,0.26424128895109605,0.004341072922059819,0.9956589270779401,25109,0.0007028944037447138
74,India,Kerala,2021-01-25,893639,3624,819156,99358,100,28399,0.28683145796010384,0.003508895048949086,0.9964911049510509,28499,0.0008321778731107399
75,India,Kerala,2021-01-30,923912,3722,848476,101132,98,29320,0.29088715737847565,0.003331293765721667,0.9966687062342783,29418,0.0001776012832274132
76,India,Kerala,2021-02-04,950811,3813,877889,98613,91,29413,0.2991897619989251,0.0030843275488069413,0.9969156724511931,29504,0.00024696621691477905
77,India,Kerala,2021-02-09,977394,3902,909102,95692,89,31213,0.32711198428290766,0.002843268800715609,0.9971567311992844,31302,0.00024105874809132732
78,India,Kerala,2021-02-14,1004135,3985,936398,91131,83,27296,0.30043563661103245,0.003031520508418861,0.9969684794915812,27379,-0.000188251707703202
79,India,Kerala,2021-02-19,1025937,4061,961789,85554,76,25391,0.2976716459779788,0.002984254132799309,0.9970157458672007,25467,4.7266375619470224e-05
80,India,Kerala,2021-02-24,1045009,4136,987720,79159,75,25931,0.3285286575120959,0.0028839498577251403,0.9971160501422749,26006,0.00010030427507423667
81,India,Kerala,2021-03-01,1061341,4210,1008972,69485,74,21252,0.30691516154565734,0.003469942792835037,0.9965300572071649,21326,-0.0005859929351099691
82,India,Kerala,2021-03-06,1075227,4287,1027826,62045,77,18854,0.3051172536062535,0.004067402672864613,0.9959325973271353,18931,-0.0005974598800295716
83,India,Kerala,2021-03-11,1085663,4355,1047226,53550,68,19400,0.36354808590102705,0.003492911444421615,0.9965070885555783,19468,0.000574491228442997
84,India,Kerala,2021-03-16,1094294,4422,1063444,42713,67,16218,0.3812656568257907,0.004114215535769112,0.9958857844642309,16285,-0.0006213040913474188
85,India,Kerala,2021-03-21,1104228,4495,1074805,36362,73,11361,0.3144491502117595,0.006384467377995452,0.9936155326220045,11434,-0.0022702518422264006
86,India,Kerala,2021-03-26,1113722,4553,1084585,34422,58,9780,0.28580558944860845,0.005895507216914007,0.994104492783086,9838,0.0004889601610814642
87,India,Kerala,2021-03-31,1124584,4621,1094404,35446,68,9819,0.2789313321672403,0.00687771821583898,0.9931222817841611,9887,-0.0009822109989249261
88,India,Kerala,2021-04-05,1137590,4680,1104225,38565,59,9821,0.25619084662258523,0.00597165991902834,0.9940283400809716,9880,0.0009060582968105635
89,India,Kerala,2021-04-10,1160204,4767,1115342,51299,87,11117,0.21840581687752197,0.0077650838986076404,0.9922349161013924,11204,-0.0017934239795792672
90,India,Kerala,2021-04-15,1197301,4856,1128475,77192,89,13133,0.17128718001865478,0.006731205566480109,0.9932687944335199,13222,0.0010338783321275358
91,India,Kerala,2021-04-20,1272645,4978,1148671,139314,122,20196,0.14584320312387844,0.006004528004724874,0.9939954719952752,20318,0.0007266775617552623
92,India,Kerala,2021-04-25,1405655,5110,1181324,252006,132,32653,0.1300961088228058,0.004026231508311728,0.9959737684916883,32785,0.0019782964964131233
93,India,Kerala,2021-04-30,1571183,5308,1261801,384749,198,80477,0.2096821564188601,0.0024542919119925626,0.9975457080880075,80675,0.001571939596319183
94,India,Kerala,2021-05-05,1743932,5565,1362363,476823,257,100562,0.2114390455158413,0.0025491226852081455,0.9974508773147919,100819,-9.483077321559286e-05
95,India,Kerala,2021-05-10,1930115,5879,1504160,562187,314,141797,0.2527824371605889,0.0022095404296641357,0.9977904595703359,142111,0.0003395822555439798
96,India,Kerala,2021-05-15,2118263,6339,1666232,608224,460,162072,0.2672239175040774,0.0028302118967341817,0.9971697881032658,162532,-0.0006206714670700109
97,India,Kerala,2021-05-20,2263959,6852,1938887,591388,513,272655,0.4619099474456702,0.0018779652082235108,0.9981220347917765,273168,0.0009522466885106828
98,India,Kerala,2021-05-25,2395590,7731,2132071,449851,879,193184,0.43139395044136836,0.004529456928935449,0.9954705430710645,194063,-0.002651491720711996
99,India,Kerala,2021-05-30,2514279,8641,2281518,374477,910,149447,0.4015119753683137,0.006052262282434473,0.9939477377175655,150357,-0.0015228053534990238
100,India,Kerala,2021-06-04,2601082,9510,2416639,310923,869,135121,0.4373751700581816,0.006390175748216781,0.9936098242517832,135990,-0.0003379134657822691
101,India,Kerala,2021-06-05,2601082,9510,2416639,174933,0,0,0.0,,,0,
