Index,Region,Subregion,Stage,Confirmed,Deaths,Recovered,Stage_Confirmed,Stage_Deaths,Stage_Recovered,Stage_Treated%,Stage_Deaths%,Stage_Recovered%,Stage_Treated,Recovered_Change
29,India,Mizoram,2020-06-14,107,0,1,107,0,1,0.009345794392523364,0.0,1.0,1,
30,India,Mizoram,2020-06-19,130,0,1,129,0,0,0.0,,,0,
31,India,Mizoram,2020-06-24,142,0,19,141,0,18,0.1276595744680851,0.0,1.0,18,
32,India,Mizoram,2020-06-29,148,0,55,129,0,36,0.27906976744186046,0.0,1.0,36,0.0
33,India,Mizoram,2020-07-04,164,0,130,109,0,75,0.6880733944954128,0.0,1.0,75,0.0
34,India,Mizoram,2020-07-09,197,0,133,67,0,3,0.04477611940298507,0.0,1.0,3,0.0
35,India,Mizoram,2020-07-14,238,0,159,105,0,26,0.24761904761904763,0.0,1.0,26,0.0
36,India,Mizoram,2020-07-19,284,0,167,125,0,8,0.064,0.0,1.0,8,0.0
37,India,Mizoram,2020-07-24,361,0,183,194,0,16,0.08247422680412371,0.0,1.0,16,0.0
38,India,Mizoram,2020-07-29,398,0,215,215,0,32,0.14883720930232558,0.0,1.0,32,0.0
39,India,Mizoram,2020-08-03,501,0,266,286,0,51,0.17832167832167833,0.0,1.0,51,0.0
40,India,Mizoram,2020-08-08,593,0,296,327,0,30,0.09174311926605505,0.0,1.0,30,0.0
41,India,Mizoram,2020-08-13,649,0,343,353,0,47,0.13314447592067988,0.0,1.0,47,0.0
42,India,Mizoram,2020-08-18,860,0,379,517,0,36,0.06963249516441006,0.0,1.0,36,0.0
43,India,Mizoram,2020-08-23,918,0,459,539,0,80,0.14842300556586271,0.0,1.0,80,0.0
44,India,Mizoram,2020-08-28,1003,0,509,544,0,50,0.09191176470588236,0.0,1.0,50,0.0
45,India,Mizoram,2020-09-02,1020,0,661,511,0,152,0.2974559686888454,0.0,1.0,152,0.0
46,India,Mizoram,2020-09-07,1114,0,735,453,0,74,0.16335540838852097,0.0,1.0,74,0.0
47,India,Mizoram,2020-09-12,1414,0,823,679,0,88,0.12960235640648013,0.0,1.0,88,0.0
48,India,Mizoram,2020-09-17,1534,0,949,711,0,126,0.17721518987341772,0.0,1.0,126,0.0
49,India,Mizoram,2020-09-22,1713,0,1023,764,0,74,0.0968586387434555,0.0,1.0,74,0.0
50,India,Mizoram,2020-09-27,1908,0,1373,885,0,350,0.3954802259887006,0.0,1.0,350,0.0
51,India,Mizoram,2020-10-02,2103,0,1759,730,0,386,0.5287671232876713,0.0,1.0,386,0.0
52,India,Mizoram,2020-10-07,2150,0,1919,391,0,160,0.4092071611253197,0.0,1.0,160,0.0
53,India,Mizoram,2020-10-12,2202,0,2046,283,0,127,0.44876325088339225,0.0,1.0,127,0.0
54,India,Mizoram,2020-10-17,2253,0,2145,207,0,99,0.4782608695652174,0.0,1.0,99,0.0
55,India,Mizoram,2020-10-22,2359,0,2175,214,0,30,0.14018691588785046,0.0,1.0,30,0.0
56,India,Mizoram,2020-10-27,2607,0,2233,432,0,58,0.13425925925925927,0.0,1.0,58,0.0
57,India,Mizoram,2020-11-01,2757,1,2323,524,1,90,0.1736641221374046,0.01098901098901099,0.989010989010989,91,-0.01098901098901095
58,India,Mizoram,2020-11-06,3032,2,2485,708,1,162,0.23022598870056496,0.006134969325153374,0.9938650306748467,163,0.004854041663857611
59,India,Mizoram,2020-11-11,3242,2,2688,755,0,203,0.26887417218543047,0.0,1.0,203,0.006134969325153339
60,India,Mizoram,2020-11-16,3444,5,2915,754,3,227,0.3050397877984085,0.013043478260869565,0.9869565217391304,230,-0.013043478260869601
61,India,Mizoram,2020-11-21,3647,5,3157,727,0,242,0.3328748280605227,0.0,1.0,242,0.013043478260869601
62,India,Mizoram,2020-11-26,3788,5,3352,626,0,195,0.31150159744408945,0.0,1.0,195,0.0
63,India,Mizoram,2020-12-01,3869,6,3572,512,1,220,0.431640625,0.004524886877828055,0.995475113122172,221,-0.004524886877828038
64,India,Mizoram,2020-12-06,3936,6,3728,358,0,156,0.43575418994413406,0.0,1.0,156,0.004524886877828038
65,India,Mizoram,2020-12-11,4024,7,3820,290,1,92,0.32068965517241377,0.010752688172043012,0.989247311827957,93,-0.010752688172043001
66,India,Mizoram,2020-12-16,4085,7,3907,258,0,87,0.3372093023255814,0.0,1.0,87,0.010752688172043001
67,India,Mizoram,2020-12-21,4133,7,3973,219,0,66,0.3013698630136986,0.0,1.0,66,0.0
68,India,Mizoram,2020-12-26,4182,8,4046,202,1,73,0.36633663366336633,0.013513513513513514,0.9864864864864865,74,-0.013513513513513487
69,India,Mizoram,2020-12-31,4204,8,4091,150,0,45,0.3,0.0,1.0,45,0.013513513513513487
70,India,Mizoram,2021-01-05,4247,8,4153,148,0,62,0.4189189189189189,0.0,1.0,62,0.0
71,India,Mizoram,2021-01-10,4293,9,4192,132,1,39,0.30303030303030304,0.025,0.975,40,-0.025000000000000022
72,India,Mizoram,2021-01-15,4314,9,4225,113,0,33,0.2920353982300885,0.0,1.0,33,0.025000000000000022
73,India,Mizoram,2021-01-20,4346,9,4268,112,0,43,0.38392857142857145,0.0,1.0,43,0.0
74,India,Mizoram,2021-01-25,4356,9,4298,79,0,30,0.379746835443038,0.0,1.0,30,0.0
75,India,Mizoram,2021-01-30,4372,9,4323,65,0,25,0.38461538461538464,0.0,1.0,25,0.0
76,India,Mizoram,2021-02-04,4376,9,4342,44,0,19,0.4318181818181818,0.0,1.0,19,0.0
77,India,Mizoram,2021-02-09,4388,9,4358,37,0,16,0.43243243243243246,0.0,1.0,16,0.0
78,India,Mizoram,2021-02-14,4392,9,4366,25,0,8,0.32,0.0,1.0,8,0.0
79,India,Mizoram,2021-02-19,4407,10,4373,32,1,7,0.25,0.125,0.875,8,-0.125
80,India,Mizoram,2021-02-24,4413,10,4380,30,0,7,0.23333333333333334,0.0,1.0,7,0.125
81,India,Mizoram,2021-03-01,4426,10,4396,36,0,16,0.4444444444444444,0.0,1.0,16,0.0
82,India,Mizoram,2021-03-06,4428,10,4409,22,0,13,0.5909090909090909,0.0,1.0,13,0.0
83,India,Mizoram,2021-03-11,4435,10,4416,16,0,7,0.4375,0.0,1.0,7,0.0
84,India,Mizoram,2021-03-16,4442,10,4417,16,0,1,0.0625,0.0,1.0,1,0.0
85,India,Mizoram,2021-03-21,4448,11,4423,21,1,6,0.3333333333333333,0.14285714285714285,0.8571428571428571,7,-0.1428571428571429
86,India,Mizoram,2021-03-26,4463,11,4426,29,0,3,0.10344827586206896,0.0,1.0,3,0.1428571428571429
87,India,Mizoram,2021-03-31,4476,11,4434,39,0,8,0.20512820512820512,0.0,1.0,8,0.0
88,India,Mizoram,2021-04-05,4500,11,4444,55,0,10,0.18181818181818182,0.0,1.0,10,0.0
89,India,Mizoram,2021-04-10,4612,11,4458,157,0,14,0.08917197452229299,0.0,1.0,14,0.0
90,India,Mizoram,2021-04-15,4747,12,4477,278,1,19,0.07194244604316546,0.05,0.95,20,-0.050000000000000044
91,India,Mizoram,2021-04-20,5085,12,4569,596,0,92,0.15436241610738255,0.0,1.0,92,0.050000000000000044
92,India,Mizoram,2021-04-25,5410,13,4671,829,1,102,0.12424607961399277,0.009708737864077669,0.9902912621359223,103,-0.009708737864077666
93,India,Mizoram,2021-04-30,6020,15,4926,1336,2,255,0.19236526946107785,0.007782101167315175,0.9922178988326849,257,0.0019266366967625181
94,India,Mizoram,2021-05-05,6964,17,5305,2023,2,379,0.1883341571922887,0.005249343832020997,0.994750656167979,381,0.0025327573352941224
95,India,Mizoram,2021-05-10,7796,22,5920,2474,5,615,0.25060630557801133,0.008064516129032258,0.9919354838709677,620,-0.002815172297011226
96,India,Mizoram,2021-05-15,8680,24,6498,2738,2,578,0.21183345507669832,0.0034482758620689655,0.996551724137931,580,0.0046162402669632785
97,India,Mizoram,2021-05-20,9740,30,7407,3218,6,909,0.2843380981976383,0.006557377049180328,0.9934426229508196,915,-0.003109101187111385
98,India,Mizoram,2021-05-25,10937,34,8160,3500,4,753,0.21628571428571428,0.005284015852047556,0.9947159841479525,757,0.0012733611971328385
99,India,Mizoram,2021-05-30,12087,38,9015,3893,4,855,0.22065245312098639,0.004656577415599534,0.9953434225844005,859,0.000627438436447969
100,India,Mizoram,2021-06-04,13300,51,9816,4247,13,801,0.1916647044972922,0.01597051597051597,0.984029484029484,814,-0.01131393855491647
101,India,Mizoram,2021-06-09,14534,58,10891,4667,7,1075,0.23184058281551317,0.006469500924214418,0.9935304990757856,1082,0.00950101504630163
102,India,Mizoram,2021-06-14,15631,70,11879,4682,12,988,0.21358393848782573,0.012,0.988,1000,-0.005530499075785622
103,India,Mizoram,2021-06-19,16750,76,12858,4801,6,979,0.20516559050197875,0.006091370558375634,0.9939086294416244,985,0.005908629441624402
104,India,Mizoram,2021-06-24,18859,88,14316,5925,12,1458,0.2481012658227848,0.00816326530612245,0.9918367346938776,1470,-0.0020718947477468275
105,India,Mizoram,2021-06-29,20075,92,15512,5671,4,1196,0.2116028919061894,0.0033333333333333335,0.9966666666666667,1200,0.0048299319727891366
106,India,Mizoram,2021-07-04,21337,95,17661,5733,3,2149,0.3753706610849468,0.0013940520446096654,0.9986059479553904,2152,0.001939281288723671
107,India,Mizoram,2021-07-09,23014,101,19007,5258,6,1346,0.25713198934956255,0.004437869822485207,0.9955621301775148,1352,-0.003043817777875546
