Index,Region,Subregion,Stage,Confirmed,Deaths,Recovered,Stage_Confirmed,Stage_Deaths,Stage_Recovered,Stage_Treated%,Stage_Deaths%,Stage_Recovered%,Stage_Treated,Recovered_Change
29,India,Tamil Nadu,2020-06-14,42687,397,23409,42687,397,23409,0.5576873521212548,0.016676468117281358,0.9833235318827186,23806,
30,India,Tamil Nadu,2020-06-19,54449,666,30271,30643,269,6862,0.232712201807917,0.03772261954845043,0.9622773804515495,7131,-0.021046151431169058
31,India,Tamil Nadu,2020-06-24,67468,866,37763,36531,200,7492,0.21056089348772275,0.026001040041601663,0.9739989599583984,7692,0.011721579506848823
32,India,Tamil Nadu,2020-06-29,86224,1141,47749,47595,275,9986,0.21558987288580733,0.026800506773218984,0.973199493226781,10261,-0.0007994667316173487
33,India,Tamil Nadu,2020-07-04,107001,1450,60592,58111,309,12843,0.22632548054585191,0.023494525547445255,0.9765054744525548,13152,0.0033059812257737464
34,India,Tamil Nadu,2020-07-09,126581,1765,78161,64539,315,17569,0.27710376671469966,0.01761350928203981,0.9823864907179601,17884,0.005881016265405381
35,India,Tamil Nadu,2020-07-14,147324,2099,97310,67398,334,19149,0.2890738597584498,0.01714315043884412,0.9828568495611559,19483,0.000470358843195795
36,India,Tamil Nadu,2020-07-19,170693,2481,117915,71284,382,20605,0.2944138937208911,0.018201743936722733,0.9817982560632773,20987,-0.0010585934978786238
37,India,Tamil Nadu,2020-07-24,199749,3320,143297,79353,839,25382,0.3304348921905914,0.0319972541093017,0.9680027458906983,26221,-0.013795510172578962
38,India,Tamil Nadu,2020-07-29,234114,3741,172883,87497,421,29586,0.3429489011051807,0.014030059652747692,0.9859699403472523,30007,0.017967194456553925
39,India,Tamil Nadu,2020-08-03,263222,4241,202283,86598,500,29400,0.345273562899836,0.016722408026755852,0.9832775919732442,29900,-0.0026923483740081133
40,India,Tamil Nadu,2020-08-08,290907,4808,232618,84383,567,30335,0.36621120367846605,0.018348326969128213,0.9816516730308718,30902,-0.0016259189423724063
41,India,Tamil Nadu,2020-08-13,320355,5397,261459,82929,589,28841,0.3548818869153131,0.0200135915732246,0.9799864084267754,29430,-0.0016652646040963281
42,India,Tamil Nadu,2020-08-18,349654,6007,289787,82798,610,28328,0.3495011956810551,0.021079549381436174,0.9789204506185638,28938,-0.001065957808211615
43,India,Tamil Nadu,2020-08-23,379385,6517,319327,83591,510,29540,0.3594884616764963,0.01697171381031614,0.9830282861896839,30050,0.004107835571120044
44,India,Tamil Nadu,2020-08-28,409238,7050,349682,83394,533,30355,0.37038635873084397,0.017255892255892257,0.9827441077441077,30888,-0.00028417844557615535
45,India,Tamil Nadu,2020-09-02,439959,7516,380063,83227,466,30381,0.37063693272615855,0.015106817518721432,0.9848931824812786,30847,0.002149074737170853
46,India,Tamil Nadu,2020-09-07,469256,7925,410116,81677,409,30053,0.3729568911688725,0.013426564243976102,0.9865734357560239,30462,0.0016802532747453025
47,India,Tamil Nadu,2020-09-12,497066,8307,441649,79025,382,31533,0.40385953812084785,0.011969293435688548,0.9880307065643115,31915,0.001457270808287614
48,India,Tamil Nadu,2020-09-17,525420,8618,470192,75464,311,28543,0.38235450015901623,0.010778401608095931,0.989221598391904,28854,0.0011908918275925773
49,India,Tamil Nadu,2020-09-22,552674,8947,497377,73864,329,27185,0.37249539694573813,0.011957548884204404,0.9880424511157956,27514,-0.001179147276108461
50,India,Tamil Nadu,2020-09-27,580808,9313,525154,74484,366,27777,0.3778395360077332,0.013005010126852148,0.9869949898731478,28143,-0.0010474612426477625
51,India,Tamil Nadu,2020-10-02,608885,9653,552938,74418,340,27784,0.37791932059447986,0.01208931873133267,0.9879106812686673,28124,0.0009156913955195023
52,India,Tamil Nadu,2020-10-07,635855,9984,580736,73264,331,27798,0.383940270801485,0.011767215329375377,0.9882327846706246,28129,0.0003221034019572633
53,India,Tamil Nadu,2020-10-12,661264,10314,607203,70544,330,26467,0.3798622136538898,0.01231481135948054,0.9876851886405195,26797,-0.0005475960301051241
54,India,Tamil Nadu,2020-10-17,683486,10586,632708,65969,272,25505,0.3907441373978687,0.010552042518524266,0.9894479574814757,25777,0.0017627688409562747
55,India,Tamil Nadu,2020-10-22,700193,10825,655170,56899,239,22462,0.39897010492275786,0.01052817056517334,0.9894718294348267,22701,2.387195335096237e-05
56,India,Tamil Nadu,2020-10-27,714235,10983,675518,48240,158,20348,0.42508291873963516,0.007705061933092753,0.9922949380669073,20506,0.002823108632080573
57,India,Tamil Nadu,2020-11-01,727026,11152,694880,40525,169,19362,0.48194941394201113,0.008652910757257692,0.9913470892427423,19531,-0.0009478488241649874
58,India,Tamil Nadu,2020-11-06,739147,11299,708846,33115,147,13966,0.42618148875132117,0.010415928576489762,0.9895840714235102,14113,-0.001763017819232049
59,India,Tamil Nadu,2020-11-11,750409,11415,720339,30264,116,11493,0.38359106529209624,0.009992247394263071,0.9900077526057369,11609,0.00042368118222668727
60,India,Tamil Nadu,2020-11-16,759916,11495,732656,28162,80,12317,0.44020311057453304,0.006453174155037509,0.9935468258449625,12397,0.003539073239225532
61,India,Tamil Nadu,2020-11-21,768340,11586,743838,24189,91,11182,0.46603828186365703,0.008072385345515834,0.9919276146544842,11273,-0.0016192111904782536
62,India,Tamil Nadu,2020-11-26,776174,11669,753332,20750,83,9494,0.46154216867469877,0.008666597055445337,0.9913334029445546,9577,-0.0005942117099295707
63,India,Tamil Nadu,2020-12-01,783319,11722,760617,18318,53,7285,0.40058958401572226,0.007222676478604524,0.9927773235213955,7338,0.0014439205768408403
64,India,Tamil Nadu,2020-12-06,790240,11793,767759,17901,71,7142,0.4029383833305402,0.00984333841674754,0.9901566615832524,7213,-0.002620661938143032
65,India,Tamil Nadu,2020-12-11,796475,11870,774306,16923,77,6547,0.39141996099982274,0.0116243961352657,0.9883756038647343,6624,-0.0017810577185181087
66,India,Tamil Nadu,2020-12-16,802342,11931,780531,16166,61,6225,0.38884077693925523,0.009704104358892778,0.9902958956411072,6286,0.0019202917763728733
67,India,Tamil Nadu,2020-12-21,807962,11995,786472,15500,64,5941,0.38741935483870965,0.010657785179017486,0.9893422148209825,6005,-0.0009536808201247027
68,India,Tamil Nadu,2020-12-26,813161,12059,792063,14694,64,5591,0.3848509595753369,0.011317418213969938,0.9886825817860301,5655,-0.0006596330349524226
69,India,Tamil Nadu,2020-12-31,817077,12109,796353,12955,50,4290,0.3350057892705519,0.01152073732718894,0.988479262672811,4340,-0.00020331911321902485
70,India,Tamil Nadu,2021-01-05,822370,12177,802385,13908,68,6032,0.43859649122807015,0.011147540983606558,0.9888524590163934,6100,0.0003731963435823493
71,India,Tamil Nadu,2021-01-10,826261,12222,806875,11699,45,4490,0.38763996922813915,0.009922822491730982,0.9900771775082691,4535,0.0012247184918756648
72,India,Tamil Nadu,2021-01-15,829573,12251,811023,10476,29,4148,0.3987208858342879,0.006942781900885803,0.9930572180991142,4177,0.002980040590845112
73,India,Tamil Nadu,2021-01-20,832415,12290,814811,9141,39,3788,0.4186631659555847,0.01019074993467468,0.9898092500653253,3827,-0.003247968033788906
74,India,Tamil Nadu,2021-01-25,835280,12320,818147,8179,30,3336,0.41154175327057096,0.008912655971479501,0.9910873440285205,3366,0.001278093963195226
75,India,Tamil Nadu,2021-01-30,837832,12350,820907,7365,30,2760,0.3788187372708758,0.010752688172043012,0.989247311827957,2790,-0.0018400322005635017
76,India,Tamil Nadu,2021-02-04,840360,12375,823518,7103,25,2611,0.37111079825425874,0.009484066767830045,0.9905159332321699,2636,0.0012686214042129107
77,India,Tamil Nadu,2021-02-09,842730,12391,826011,6837,16,2493,0.3669738189264297,0.006377042646472699,0.9936229573535273,2509,0.003107024121357438
78,India,Tamil Nadu,2021-02-14,845120,12419,828441,6718,28,2430,0.3658827031854719,0.011391375101708706,0.9886086248982913,2458,-0.005014332455236081
79,India,Tamil Nadu,2021-02-19,847385,12451,830787,6525,32,2346,0.36444444444444446,0.01345668629100084,0.9865433137089992,2378,-0.002065311189292096
80,India,Tamil Nadu,2021-02-24,849629,12478,833089,6391,27,2302,0.3644187138163042,0.011592958351223702,0.9884070416487764,2329,0.0018637279397771822
81,India,Tamil Nadu,2021-03-01,852016,12501,835506,6449,23,2417,0.37835323305938906,0.009426229508196722,0.9905737704918033,2440,0.0021667288430269327
82,India,Tamil Nadu,2021-03-06,854554,12517,838085,6547,16,2579,0.39636474721246373,0.006165703275529865,0.9938342967244701,2595,0.003260526232666816
83,India,Tamil Nadu,2021-03-11,857602,12535,840723,7000,18,2638,0.37942857142857145,0.00677710843373494,0.9932228915662651,2656,-0.000611405158205014
84,India,Tamil Nadu,2021-03-16,861429,12556,843423,8171,21,2700,0.3330069758903439,0.007717750826901874,0.9922822491730982,2721,-0.000940642393166935
85,India,Tamil Nadu,2021-03-21,866982,12599,846480,11003,43,3057,0.28174134327001726,0.013870967741935483,0.9861290322580645,3100,-0.006153216915033677
86,India,Tamil Nadu,2021-03-26,875190,12650,851222,16111,51,4742,0.2974986034386444,0.010640517421239308,0.9893594825787607,4793,0.003230450320696243
87,India,Tamil Nadu,2021-03-31,886673,12719,858075,22801,69,6853,0.3035831761764835,0.009968217278243282,0.9900317827217567,6922,0.0006723001429960185
88,India,Tamil Nadu,2021-04-05,903479,12789,866913,32685,70,8838,0.2725409209117332,0.007858105074090705,0.9921418949259093,8908,0.002110112204152581
89,India,Tamil Nadu,2021-04-10,926816,12886,876257,47114,97,9344,0.2003862970666893,0.01027433534583201,0.989725664654168,9441,-0.0024162302717413153
90,India,Tamil Nadu,2021-04-15,962935,12999,891839,73792,113,15582,0.21269243278404162,0.007199745141764894,0.9928002548582351,15695,0.0030745902040670847
91,India,Tamil Nadu,2021-04-20,1013378,13205,920369,108540,206,28530,0.2647503224617653,0.007168708240534521,0.9928312917594655,28736,3.103690123040792e-05
92,India,Tamil Nadu,2021-04-25,1081988,13557,963251,148414,352,42882,0.2913067500370585,0.00814174029698848,0.9918582597030116,43234,-0.0009730320564539374
93,India,Tamil Nadu,2021-04-30,1166756,14046,1037582,189948,489,74331,0.39389727714953565,0.006535685645549318,0.9934643143544507,74820,0.0016060546514391483
94,India,Tamil Nadu,2021-05-05,1272602,14779,1129512,220974,733,91930,0.41933892675156353,0.007910384943289123,0.9920896150567109,92663,-0.001374699297739812
95,India,Tamil Nadu,2021-05-10,1409237,15880,1240968,264946,1101,111456,0.4248299653514301,0.009781710599962686,0.9902182894000373,112557,-0.0018713256566735836
96,India,Tamil Nadu,2021-05-15,1565035,17359,1339887,308187,1479,98919,0.32576974369457506,0.014731369150779897,0.9852686308492201,100398,-0.004949658550817193
97,India,Tamil Nadu,2021-05-20,1734804,19131,1452283,377558,1772,112396,0.30238532887662295,0.015520986616214701,0.9844790133837853,114168,-0.000789617465434822
98,India,Tamil Nadu,2021-05-25,1911496,21340,1583504,440082,2209,131221,0.3031934957576088,0.01655549726448325,0.9834445027355168,133430,-0.0010345106482685384
99,India,Tamil Nadu,2021-05-30,2068580,23754,1739280,463736,2414,155776,0.3411208101161005,0.015260130223149378,0.9847398697768506,158190,0.001295367041333817
100,India,Tamil Nadu,2021-06-04,2195402,26128,1900306,432368,2374,161026,0.3779188099026755,0.014528763769889841,0.9854712362301101,163400,0.0007313664532595521
101,India,Tamil Nadu,2021-06-09,2292025,28170,2059597,365591,2042,159291,0.4412936861137172,0.012657050944320132,0.9873429490556799,161333,0.001871712825569749
102,India,Tamil Nadu,2021-06-14,2366493,29801,2199808,278726,1631,140211,0.5088940393074202,0.011498709832066665,0.9885012901679333,141842,0.001158341112253436
103,India,Tamil Nadu,2021-06-19,2414680,31015,2304885,185071,1214,105077,0.5743255291212561,0.011421475007291303,0.9885785249927087,106291,7.723482477539623e-05
104,India,Tamil Nadu,2021-06-24,2449577,31901,2367831,113677,886,62946,0.5615208001618621,0.01388018548690312,0.9861198145130968,63832,-0.002458710479611881
105,India,Tamil Nadu,2021-06-29,2475190,32506,2403349,75458,605,35518,0.47871663706962814,0.016748332087589624,0.9832516679124104,36123,-0.002868146600686461
106,India,Tamil Nadu,2021-07-04,2496287,33005,2427988,60432,499,24639,0.41597167063807255,0.019850425650409738,0.9801495743495903,25138,-0.0031020935628200963
107,India,Tamil Nadu,2021-07-09,2513098,33322,2446552,52105,317,18564,0.36236445638614334,0.016789364970075736,0.9832106350299242,18881,0.00306106068033396
108,India,Tamil Nadu,2021-07-14,2526401,33557,2462244,46527,235,15692,0.34231736411116126,0.014754818861053556,0.9852451811389464,15927,0.002034546109022206
109,India,Tamil Nadu,2021-07-19,2537373,33752,2476339,41572,195,14095,0.34374097950543636,0.01364590622813156,0.9863540937718684,14290,0.00110891263292201
110,India,Tamil Nadu,2021-07-20,2539277,33782,2478778,29186,30,2439,0.08459535393681902,0.012150668286755772,0.9878493317132442,2469,0.0014952379413757377
