Index,Region,Subregion,Stage,Confirmed,Deaths,Recovered,Stage_Confirmed,Stage_Deaths,Stage_Recovered,Stage_Treated%,Stage_Deaths%,Stage_Recovered%,Stage_Treated,Recovered_Change
136,Sweden,Skane,2020-06-05,1928,192,0,1928,192,0,0.0995850622406639,1.0,0.0,192,
137,Sweden,Skane,2020-06-06,1957,200,0,1765,8,0,0.004532577903682719,1.0,0.0,8,0.0
138,Sweden,Skane,2020-06-07,1985,200,0,1785,0,0,0.0,,,0,
139,Sweden,Skane,2020-06-08,1995,200,0,1795,0,0,0.0,,,0,
140,Sweden,Skane,2020-06-09,2028,202,0,1828,2,0,0.0010940919037199124,1.0,0.0,2,
141,Sweden,Skane,2020-06-10,2088,205,0,1886,3,0,0.0015906680805938495,1.0,0.0,3,0.0
142,Sweden,Skane,2020-06-11,2144,205,0,1939,0,0,0.0,,,0,
143,Sweden,Skane,2020-06-12,2198,205,0,1993,0,0,0.0,,,0,
144,Sweden,Skane,2020-06-13,2254,218,0,2049,13,0,0.00634455832113226,1.0,0.0,13,
145,Sweden,Skane,2020-06-14,2270,218,0,2052,0,0,0.0,,,0,
146,Sweden,Skane,2020-06-15,2300,218,0,2082,0,0,0.0,,,0,
147,Sweden,Skane,2020-06-16,2336,223,0,2118,5,0,0.002360717658168083,1.0,0.0,5,
148,Sweden,Skane,2020-06-17,2437,224,0,2214,1,0,0.00045167118337850043,1.0,0.0,1,0.0
149,Sweden,Skane,2020-06-18,2532,224,0,2308,0,0,0.0,,,0,
150,Sweden,Skane,2020-06-19,2532,224,0,2308,0,0,0.0,,,0,
151,Sweden,Skane,2020-06-20,2532,224,0,2308,0,0,0.0,,,0,
152,Sweden,Skane,2020-06-21,2532,224,0,2308,0,0,0.0,,,0,
153,Sweden,Skane,2020-06-22,2707,224,0,2483,0,0,0.0,,,0,
154,Sweden,Skane,2020-06-23,2742,225,0,2518,1,0,0.0003971405877680699,1.0,0.0,1,
155,Sweden,Skane,2020-06-24,2809,235,0,2584,10,0,0.003869969040247678,1.0,0.0,10,0.0
156,Sweden,Skane,2020-06-25,2897,236,0,2662,1,0,0.0003756574004507889,1.0,0.0,1,0.0
157,Sweden,Skane,2020-06-26,2952,236,0,2716,0,0,0.0,,,0,
158,Sweden,Skane,2020-06-27,2952,236,0,2716,0,0,0.0,,,0,
159,Sweden,Skane,2020-06-28,2952,236,0,2716,0,0,0.0,,,0,
160,Sweden,Skane,2020-06-29,3020,244,0,2784,8,0,0.0028735632183908046,1.0,0.0,8,
161,Sweden,Skane,2020-06-30,3051,245,0,2807,1,0,0.0003562522265764161,1.0,0.0,1,0.0
162,Sweden,Skane,2020-07-01,3072,246,0,2827,1,0,0.00035373187124159886,1.0,0.0,1,0.0
163,Sweden,Skane,2020-07-02,3095,246,0,2849,0,0,0.0,,,0,
164,Sweden,Skane,2020-07-03,3121,250,0,2875,4,0,0.001391304347826087,1.0,0.0,4,
165,Sweden,Skane,2020-07-04,3121,250,0,2871,0,0,0.0,,,0,
166,Sweden,Skane,2020-07-05,3121,250,0,2871,0,0,0.0,,,0,
167,Sweden,Skane,2020-07-06,3153,250,0,2903,0,0,0.0,,,0,
168,Sweden,Skane,2020-07-07,3173,252,0,2923,2,0,0.0006842285323297981,1.0,0.0,2,
169,Sweden,Skane,2020-07-08,3186,252,0,2934,0,0,0.0,,,0,
170,Sweden,Skane,2020-07-09,3210,252,0,2958,0,0,0.0,,,0,
171,Sweden,Skane,2020-07-10,3245,255,0,2993,3,0,0.0010023387905111927,1.0,0.0,3,
172,Sweden,Skane,2020-07-11,3245,255,0,2990,0,0,0.0,,,0,
173,Sweden,Skane,2020-07-12,3245,255,0,2990,0,0,0.0,,,0,
174,Sweden,Skane,2020-07-13,3278,255,0,3023,0,0,0.0,,,0,
175,Sweden,Skane,2020-07-14,3301,256,0,3046,1,0,0.00032829940906106366,1.0,0.0,1,
176,Sweden,Skane,2020-07-15,3330,258,0,3074,2,0,0.0006506180871828237,1.0,0.0,2,0.0
177,Sweden,Skane,2020-07-16,3357,258,0,3099,0,0,0.0,,,0,
178,Sweden,Skane,2020-07-17,3391,258,0,3133,0,0,0.0,,,0,
179,Sweden,Skane,2020-07-18,3391,258,0,3133,0,0,0.0,,,0,
180,Sweden,Skane,2020-07-19,3391,258,0,3133,0,0,0.0,,,0,
181,Sweden,Skane,2020-07-20,3429,260,0,3171,2,0,0.000630715862503942,1.0,0.0,2,
182,Sweden,Skane,2020-07-21,3464,260,0,3204,0,0,0.0,,,0,
183,Sweden,Skane,2020-07-22,3492,261,0,3232,1,0,0.0003094059405940594,1.0,0.0,1,
184,Sweden,Skane,2020-07-23,3520,261,0,3259,0,0,0.0,,,0,
185,Sweden,Skane,2020-07-24,3535,261,0,3274,0,0,0.0,,,0,
186,Sweden,Skane,2020-07-25,3535,261,0,3274,0,0,0.0,,,0,
187,Sweden,Skane,2020-07-26,3535,261,0,3274,0,0,0.0,,,0,
188,Sweden,Skane,2020-07-27,3568,262,0,3307,1,0,0.0003023888720895071,1.0,0.0,1,
189,Sweden,Skane,2020-07-28,3598,263,0,3336,1,0,0.00029976019184652276,1.0,0.0,1,0.0
190,Sweden,Skane,2020-07-29,3612,263,0,3349,0,0,0.0,,,0,
191,Sweden,Skane,2020-07-30,3653,264,0,3390,1,0,0.0002949852507374631,1.0,0.0,1,
192,Sweden,Skane,2020-07-31,3684,264,0,3420,0,0,0.0,,,0,
193,Sweden,Skane,2020-08-01,3684,264,0,3420,0,0,0.0,,,0,
194,Sweden,Skane,2020-08-02,3684,264,0,3420,0,0,0.0,,,0,
195,Sweden,Skane,2020-08-03,3732,264,0,3468,0,0,0.0,,,0,
196,Sweden,Skane,2020-08-04,3766,264,0,3502,0,0,0.0,,,0,
197,Sweden,Skane,2020-08-05,3777,272,0,3513,8,0,0.002277255906632508,1.0,0.0,8,
198,Sweden,Skane,2020-08-06,3826,272,0,3554,0,0,0.0,,,0,
199,Sweden,Skane,2020-08-07,3861,272,0,3589,0,0,0.0,,,0,
200,Sweden,Skane,2020-08-08,3861,272,0,3589,0,0,0.0,,,0,
201,Sweden,Skane,2020-08-09,3861,272,0,3589,0,0,0.0,,,0,
202,Sweden,Skane,2020-08-10,3904,274,0,3632,2,0,0.0005506607929515419,1.0,0.0,2,
203,Sweden,Skane,2020-08-11,3949,274,0,3675,0,0,0.0,,,0,
204,Sweden,Skane,2020-08-12,3984,277,0,3710,3,0,0.0008086253369272237,1.0,0.0,3,
205,Sweden,Skane,2020-08-13,4052,278,0,3775,1,0,0.00026490066225165563,1.0,0.0,1,0.0
206,Sweden,Skane,2020-08-14,4096,278,0,3818,0,0,0.0,,,0,
207,Sweden,Skane,2020-08-15,4096,278,0,3818,0,0,0.0,,,0,
208,Sweden,Skane,2020-08-16,4096,278,0,3818,0,0,0.0,,,0,
209,Sweden,Skane,2020-08-17,4153,280,0,3875,2,0,0.0005161290322580645,1.0,0.0,2,
210,Sweden,Skane,2020-08-18,4227,280,0,3947,0,0,0.0,,,0,
211,Sweden,Skane,2020-08-19,4272,282,0,3992,2,0,0.000501002004008016,1.0,0.0,2,
212,Sweden,Skane,2020-08-20,4326,282,0,4044,0,0,0.0,,,0,
213,Sweden,Skane,2020-08-21,4381,282,0,4099,0,0,0.0,,,0,
214,Sweden,Skane,2020-08-22,4381,282,0,4099,0,0,0.0,,,0,
215,Sweden,Skane,2020-08-23,4381,282,0,4099,0,0,0.0,,,0,
216,Sweden,Skane,2020-08-24,4448,284,0,4166,2,0,0.00048007681228996637,1.0,0.0,2,
217,Sweden,Skane,2020-08-25,4534,284,0,4250,0,0,0.0,,,0,
218,Sweden,Skane,2020-08-26,4580,285,0,4296,1,0,0.00023277467411545624,1.0,0.0,1,
219,Sweden,Skane,2020-08-27,4631,285,0,4346,0,0,0.0,,,0,
220,Sweden,Skane,2020-08-28,4685,285,0,4400,0,0,0.0,,,0,
221,Sweden,Skane,2020-08-29,4685,285,0,4400,0,0,0.0,,,0,
222,Sweden,Skane,2020-08-30,4685,285,0,4400,0,0,0.0,,,0,
223,Sweden,Skane,2020-08-31,4734,269,0,4449,-16,0,-0.0035963137783771634,1.0,-0.0,-16,
224,Sweden,Skane,2020-09-01,4802,270,0,4533,1,0,0.00022060445621001543,1.0,0.0,1,0.0
225,Sweden,Skane,2020-09-02,4807,272,0,4537,2,0,0.00044081992506061276,1.0,0.0,2,0.0
226,Sweden,Skane,2020-09-03,4847,273,0,4575,1,0,0.0002185792349726776,1.0,0.0,1,0.0
227,Sweden,Skane,2020-09-04,4887,273,0,4614,0,0,0.0,,,0,
228,Sweden,Skane,2020-09-05,4887,273,0,4614,0,0,0.0,,,0,
229,Sweden,Skane,2020-09-06,4887,273,0,4614,0,0,0.0,,,0,
230,Sweden,Skane,2020-09-07,4934,274,0,4661,1,0,0.00021454623471358077,1.0,0.0,1,
231,Sweden,Skane,2020-09-08,4992,275,0,4718,1,0,0.000211954217888936,1.0,0.0,1,0.0
232,Sweden,Skane,2020-09-09,5011,276,0,4736,1,0,0.00021114864864864866,1.0,0.0,1,0.0
233,Sweden,Skane,2020-09-10,5061,276,0,4785,0,0,0.0,,,0,
234,Sweden,Skane,2020-09-11,5106,276,0,4830,0,0,0.0,,,0,
235,Sweden,Skane,2020-09-12,5106,276,0,4830,0,0,0.0,,,0,
236,Sweden,Skane,2020-09-13,5106,276,0,4830,0,0,0.0,,,0,
237,Sweden,Skane,2020-09-14,5106,276,0,4830,0,0,0.0,,,0,
238,Sweden,Skane,2020-09-15,5239,276,0,4963,0,0,0.0,,,0,
239,Sweden,Skane,2020-09-16,5282,276,0,5006,0,0,0.0,,,0,
240,Sweden,Skane,2020-09-17,5320,276,0,5044,0,0,0.0,,,0,
241,Sweden,Skane,2020-09-18,5366,276,0,5090,0,0,0.0,,,0,
242,Sweden,Skane,2020-09-19,5366,276,0,5090,0,0,0.0,,,0,
243,Sweden,Skane,2020-09-20,5366,276,0,5090,0,0,0.0,,,0,
244,Sweden,Skane,2020-09-21,5366,276,0,5090,0,0,0.0,,,0,
245,Sweden,Skane,2020-09-22,5508,276,0,5232,0,0,0.0,,,0,
246,Sweden,Skane,2020-09-23,5556,277,0,5280,1,0,0.0001893939393939394,1.0,0.0,1,
247,Sweden,Skane,2020-09-24,5596,276,0,5319,-1,0,-0.00018800526414739614,1.0,-0.0,-1,-0.0
248,Sweden,Skane,2020-09-25,5640,276,0,5364,0,0,0.0,,,0,
249,Sweden,Skane,2020-09-26,5640,276,0,5364,0,0,0.0,,,0,
250,Sweden,Skane,2020-09-27,5640,276,0,5364,0,0,0.0,,,0,
251,Sweden,Skane,2020-09-28,5640,276,0,5364,0,0,0.0,,,0,
252,Sweden,Skane,2020-09-29,5793,279,0,5517,3,0,0.000543773790103317,1.0,0.0,3,
253,Sweden,Skane,2020-09-30,5861,279,0,5582,0,0,0.0,,,0,
254,Sweden,Skane,2020-10-01,5950,279,0,5671,0,0,0.0,,,0,
255,Sweden,Skane,2020-10-02,6034,279,0,5755,0,0,0.0,,,0,
256,Sweden,Skane,2020-10-03,6034,279,0,5755,0,0,0.0,,,0,
257,Sweden,Skane,2020-10-04,6034,279,0,5755,0,0,0.0,,,0,
258,Sweden,Skane,2020-10-05,6034,279,0,5755,0,0,0.0,,,0,
259,Sweden,Skane,2020-10-06,6217,280,0,5938,1,0,0.0001684068710003368,1.0,0.0,1,
260,Sweden,Skane,2020-10-07,6247,281,0,5967,1,0,0.00016758840288252054,1.0,0.0,1,0.0
261,Sweden,Skane,2020-10-08,6309,281,0,6028,0,0,0.0,,,0,
262,Sweden,Skane,2020-10-09,6403,281,0,6122,0,0,0.0,,,0,
263,Sweden,Skane,2020-10-10,6403,281,0,6122,0,0,0.0,,,0,
264,Sweden,Skane,2020-10-11,6403,281,0,6122,0,0,0.0,,,0,
265,Sweden,Skane,2020-10-12,6403,281,0,6122,0,0,0.0,,,0,
266,Sweden,Skane,2020-10-13,6594,282,0,6313,1,0,0.0001584032947885316,1.0,0.0,1,
267,Sweden,Skane,2020-10-14,6675,282,0,6393,0,0,0.0,,,0,
268,Sweden,Skane,2020-10-15,6807,282,0,6525,0,0,0.0,,,0,
269,Sweden,Skane,2020-10-16,6920,282,0,6638,0,0,0.0,,,0,
270,Sweden,Skane,2020-10-17,6920,282,0,6638,0,0,0.0,,,0,
271,Sweden,Skane,2020-10-18,6920,282,0,6638,0,0,0.0,,,0,
272,Sweden,Skane,2020-10-19,6920,282,0,6638,0,0,0.0,,,0,
273,Sweden,Skane,2020-10-20,7424,283,0,7142,1,0,0.00014001680201624196,1.0,0.0,1,
274,Sweden,Skane,2020-10-21,7513,283,0,7230,0,0,0.0,,,0,
275,Sweden,Skane,2020-10-22,7831,283,0,7548,0,0,0.0,,,0,
276,Sweden,Skane,2020-10-23,8106,284,0,7823,1,0,0.0001278281989006775,1.0,0.0,1,
277,Sweden,Skane,2020-10-24,8106,284,0,7822,0,0,0.0,,,0,
278,Sweden,Skane,2020-10-25,8106,284,0,7822,0,0,0.0,,,0,
279,Sweden,Skane,2020-10-26,8106,284,0,7822,0,0,0.0,,,0,
280,Sweden,Skane,2020-10-27,8652,287,0,8368,3,0,0.00035850860420650097,1.0,0.0,3,
281,Sweden,Skane,2020-10-28,9001,287,0,8714,0,0,0.0,,,0,
282,Sweden,Skane,2020-10-29,9512,287,0,9225,0,0,0.0,,,0,
283,Sweden,Skane,2020-10-30,9981,287,0,9694,0,0,0.0,,,0,
284,Sweden,Skane,2020-10-31,9981,287,0,9694,0,0,0.0,,,0,
285,Sweden,Skane,2020-11-01,9981,287,0,9694,0,0,0.0,,,0,
286,Sweden,Skane,2020-11-02,9981,287,0,9694,0,0,0.0,,,0,
287,Sweden,Skane,2020-11-03,11146,290,0,10859,3,0,0.0002762685330140897,1.0,0.0,3,
288,Sweden,Skane,2020-11-04,11624,297,0,11334,7,0,0.0006176107287806599,1.0,0.0,7,0.0
289,Sweden,Skane,2020-11-05,12202,297,0,11905,0,0,0.0,,,0,
290,Sweden,Skane,2020-11-06,12641,297,0,12344,0,0,0.0,,,0,
291,Sweden,Skane,2020-11-07,12641,297,0,12344,0,0,0.0,,,0,
292,Sweden,Skane,2020-11-08,12641,297,0,12344,0,0,0.0,,,0,
293,Sweden,Skane,2020-11-09,12641,297,0,12344,0,0,0.0,,,0,
294,Sweden,Skane,2020-11-10,14787,310,0,14490,13,0,0.0008971704623878537,1.0,0.0,13,
295,Sweden,Skane,2020-11-11,15475,321,0,15165,11,0,0.0007253544345532477,1.0,0.0,11,0.0
296,Sweden,Skane,2020-11-12,15956,322,0,15635,1,0,6.395906619763352e-05,1.0,0.0,1,0.0
297,Sweden,Skane,2020-11-13,16639,322,0,16317,0,0,0.0,,,0,
298,Sweden,Skane,2020-11-14,16639,322,0,16317,0,0,0.0,,,0,
299,Sweden,Skane,2020-11-15,16639,322,0,16317,0,0,0.0,,,0,
300,Sweden,Skane,2020-11-16,16639,322,0,16317,0,0,0.0,,,0,
301,Sweden,Skane,2020-11-17,18574,332,0,18252,10,0,0.0005478851632697787,1.0,0.0,10,
302,Sweden,Skane,2020-11-18,19158,351,0,18826,19,0,0.0010092425369170295,1.0,0.0,19,0.0
303,Sweden,Skane,2020-11-19,19855,352,0,19504,1,0,5.127153404429861e-05,1.0,0.0,1,0.0
304,Sweden,Skane,2020-11-20,20999,353,0,20647,1,0,4.843318641933453e-05,1.0,0.0,1,0.0
305,Sweden,Skane,2020-11-21,20999,353,0,20646,0,0,0.0,,,0,
306,Sweden,Skane,2020-11-22,20999,353,0,20646,0,0,0.0,,,0,
307,Sweden,Skane,2020-11-23,20999,353,0,20646,0,0,0.0,,,0,
308,Sweden,Skane,2020-11-24,23233,369,0,22880,16,0,0.0006993006993006993,1.0,0.0,16,
309,Sweden,Skane,2020-11-25,24183,385,0,23814,16,0,0.0006718736877467036,1.0,0.0,16,0.0
310,Sweden,Skane,2020-11-26,25115,385,0,24730,0,0,0.0,,,0,
311,Sweden,Skane,2020-11-27,25867,385,0,25482,0,0,0.0,,,0,
312,Sweden,Skane,2020-11-28,25867,385,0,25482,0,0,0.0,,,0,
313,Sweden,Skane,2020-11-29,25867,385,0,25482,0,0,0.0,,,0,
314,Sweden,Skane,2020-11-30,25867,385,0,25482,0,0,0.0,,,0,
315,Sweden,Skane,2020-12-01,28748,416,0,28363,31,0,0.001092973239784226,1.0,0.0,31,
316,Sweden,Skane,2020-12-02,29581,447,0,29165,31,0,0.0010629178810217727,1.0,0.0,31,0.0
317,Sweden,Skane,2020-12-03,30619,450,0,30172,3,0,9.942993503910911e-05,1.0,0.0,3,0.0
318,Sweden,Skane,2020-12-04,32005,450,0,31555,0,0,0.0,,,0,
319,Sweden,Skane,2020-12-05,32005,450,0,31555,0,0,0.0,,,0,
320,Sweden,Skane,2020-12-06,32005,450,0,31555,0,0,0.0,,,0,
321,Sweden,Skane,2020-12-07,32005,450,0,31555,0,0,0.0,,,0,
322,Sweden,Skane,2020-12-08,36469,476,0,36019,26,0,0.0007218412504511508,1.0,0.0,26,
323,Sweden,Skane,2020-12-09,37913,495,0,37437,19,0,0.0005075192990891364,1.0,0.0,19,0.0
324,Sweden,Skane,2020-12-10,39287,496,0,38792,1,0,2.5778511033202723e-05,1.0,0.0,1,0.0
325,Sweden,Skane,2020-12-11,40584,496,0,40088,0,0,0.0,,,0,
326,Sweden,Skane,2020-12-12,40584,496,0,40088,0,0,0.0,,,0,
