Index,Region,Subregion,Stage,Confirmed,Deaths,Recovered,Stage_Confirmed,Stage_Deaths,Stage_Recovered,Stage_Treated%,Stage_Deaths%,Stage_Recovered%,Stage_Treated,Recovered_Change
9,Japan,Kagawa,2020-06-04,28,0,28,28,0,28,1.0,0.0,1.0,28,
10,Japan,Kagawa,2020-06-19,28,0,28,0,0,0,,,,0,
11,Japan,Kagawa,2020-07-04,28,0,28,0,0,0,,,,0,
12,Japan,Kagawa,2020-07-19,44,0,28,16,0,0,0.0,,,0,
13,Japan,Kagawa,2020-08-03,46,0,42,18,0,14,0.7777777777777778,0.0,1.0,14,
14,Japan,Kagawa,2020-08-18,68,1,56,26,1,14,0.5769230769230769,0.06666666666666667,0.9333333333333333,15,-0.06666666666666665
15,Japan,Kagawa,2020-09-02,83,1,69,26,0,13,0.5,0.0,1.0,13,0.06666666666666665
16,Japan,Kagawa,2020-09-17,94,2,78,24,1,9,0.4166666666666667,0.1,0.9,10,-0.09999999999999998
17,Japan,Kagawa,2020-10-02,94,2,88,14,0,10,0.7142857142857143,0.0,1.0,10,0.09999999999999998
18,Japan,Kagawa,2020-10-17,99,2,91,9,0,3,0.3333333333333333,0.0,1.0,3,0.0
19,Japan,Kagawa,2020-11-01,102,2,95,9,0,4,0.4444444444444444,0.0,1.0,4,0.0
20,Japan,Kagawa,2020-11-16,122,2,101,25,0,6,0.24,0.0,1.0,6,0.0
21,Japan,Kagawa,2020-12-01,149,2,121,46,0,20,0.43478260869565216,0.0,1.0,20,0.0
22,Japan,Kagawa,2020-12-16,205,3,150,82,1,29,0.36585365853658536,0.03333333333333333,0.9666666666666667,30,-0.033333333333333326
23,Japan,Kagawa,2020-12-31,304,3,203,151,0,53,0.3509933774834437,0.0,1.0,53,0.033333333333333326
24,Japan,Kagawa,2021-01-15,514,5,302,308,2,99,0.32792207792207795,0.019801980198019802,0.9801980198019802,101,-0.01980198019801982
25,Japan,Kagawa,2021-01-30,633,15,457,326,10,155,0.5061349693251533,0.06060606060606061,0.9393939393939394,165,-0.04080408040804073
26,Japan,Kagawa,2021-02-14,719,17,644,247,2,187,0.7651821862348178,0.010582010582010581,0.9894179894179894,189,0.05002405002404997
27,Japan,Kagawa,2021-03-01,750,18,707,89,1,63,0.7191011235955056,0.015625,0.984375,64,-0.005042989417989419
28,Japan,Kagawa,2021-03-16,767,18,735,42,0,28,0.6666666666666666,0.0,1.0,28,0.015625
29,Japan,Kagawa,2021-03-31,836,19,752,83,1,17,0.21686746987951808,0.05555555555555555,0.9444444444444444,18,-0.05555555555555558
30,Japan,Kagawa,2021-04-15,1028,19,871,257,0,119,0.46303501945525294,0.0,1.0,119,0.05555555555555558
31,Japan,Kagawa,2021-04-30,1259,22,1046,369,3,175,0.4823848238482385,0.016853932584269662,0.9831460674157303,178,-0.016853932584269704
32,Japan,Kagawa,2021-05-15,1790,24,1319,722,2,273,0.3808864265927978,0.007272727272727273,0.9927272727272727,275,0.009581205311542385
33,Japan,Kagawa,2021-05-30,1997,24,1826,654,0,507,0.7752293577981652,0.0,1.0,507,0.0072727272727273196
34,Japan,Kagawa,2021-06-14,2067,27,1984,217,3,158,0.7419354838709677,0.018633540372670808,0.9813664596273292,161,-0.018633540372670843
35,Japan,Kagawa,2021-06-29,2095,29,2044,84,2,60,0.7380952380952381,0.03225806451612903,0.967741935483871,62,-0.013624524143458161
36,Japan,Kagawa,2021-07-14,2123,30,2069,50,1,25,0.52,0.038461538461538464,0.9615384615384616,26,-0.006203473945409432
37,Japan,Kagawa,2021-07-22,2148,31,2090,49,1,21,0.4489795918367347,0.045454545454545456,0.9545454545454546,22,-0.006993006993006978
