Index,Region,Subregion,Stage,Confirmed,Deaths,Recovered,Stage_Confirmed,Stage_Deaths,Stage_Recovered,Stage_Treated%,Stage_Deaths%,Stage_Recovered%,Stage_Treated,Recovered_Change
9,Japan,Miyazaki,2020-06-04,17,0,17,17,0,17,1.0,0.0,1.0,17,
10,Japan,Miyazaki,2020-06-19,17,0,17,0,0,0,,,,0,
11,Japan,Miyazaki,2020-07-04,17,0,17,0,0,0,,,,0,
12,Japan,Miyazaki,2020-07-19,20,0,17,3,0,0,0.0,,,0,
13,Japan,Miyazaki,2020-08-03,195,0,25,178,0,8,0.0449438202247191,0.0,1.0,8,
14,Japan,Miyazaki,2020-08-18,315,1,191,290,1,166,0.5758620689655173,0.005988023952095809,0.9940119760479041,167,-0.005988023952095856
15,Japan,Miyazaki,2020-09-02,359,1,302,167,0,111,0.6646706586826348,0.0,1.0,111,0.005988023952095856
16,Japan,Miyazaki,2020-09-17,365,1,338,62,0,36,0.5806451612903226,0.0,1.0,36,0.0
17,Japan,Miyazaki,2020-10-02,365,1,343,26,0,5,0.19230769230769232,0.0,1.0,5,0.0
18,Japan,Miyazaki,2020-10-17,366,1,365,22,0,22,1.0,0.0,1.0,22,0.0
19,Japan,Miyazaki,2020-11-01,367,1,366,1,0,1,1.0,0.0,1.0,1,0.0
20,Japan,Miyazaki,2020-11-16,374,1,370,7,0,4,0.5714285714285714,0.0,1.0,4,0.0
21,Japan,Miyazaki,2020-12-01,512,1,408,141,0,38,0.2695035460992908,0.0,1.0,38,0.0
22,Japan,Miyazaki,2020-12-16,624,5,536,215,4,128,0.6139534883720931,0.030303030303030304,0.9696969696969697,132,-0.030303030303030276
23,Japan,Miyazaki,2020-12-31,757,9,647,216,4,111,0.5324074074074074,0.034782608695652174,0.9652173913043478,115,-0.004479578392621919
24,Japan,Miyazaki,2021-01-15,1472,11,923,816,2,276,0.34068627450980393,0.007194244604316547,0.9928057553956835,278,0.027588364091335693
25,Japan,Miyazaki,2021-01-30,1809,17,1571,875,6,648,0.7474285714285714,0.009174311926605505,0.9908256880733946,654,-0.0019800673222889476
26,Japan,Miyazaki,2021-02-14,1928,20,1775,340,3,204,0.6088235294117647,0.014492753623188406,0.9855072463768116,207,-0.0053184416965829096
27,Japan,Miyazaki,2021-03-01,1947,20,1896,152,0,121,0.7960526315789473,0.0,1.0,121,0.01449275362318836
28,Japan,Miyazaki,2021-03-16,1949,21,1918,33,1,22,0.696969696969697,0.043478260869565216,0.9565217391304348,23,-0.04347826086956519
29,Japan,Miyazaki,2021-03-31,1962,21,1924,23,0,6,0.2608695652173913,0.0,1.0,6,0.04347826086956519
30,Japan,Miyazaki,2021-04-15,2034,21,1938,89,0,14,0.15730337078651685,0.0,1.0,14,0.0
31,Japan,Miyazaki,2021-04-25,2136,21,2008,177,0,70,0.3954802259887006,0.0,1.0,70,0.0
