Index,Region,Subregion,Stage,Confirmed,Deaths,Recovered,Stage_Confirmed,Stage_Deaths,Stage_Recovered,Stage_Treated%,Stage_Deaths%,Stage_Recovered%,Stage_Treated,Recovered_Change
9,Japan,Nagano,2020-06-04,75,0,71,75,0,71,0.9466666666666667,0.0,1.0,71,
10,Japan,Nagano,2020-06-19,76,0,75,5,0,4,0.8,0.0,1.0,4,0.0
11,Japan,Nagano,2020-07-04,76,0,76,1,0,1,1.0,0.0,1.0,1,0.0
12,Japan,Nagano,2020-07-19,83,0,76,7,0,0,0.0,,,0,
13,Japan,Nagano,2020-08-03,121,0,83,45,0,7,0.15555555555555556,0.0,1.0,7,
14,Japan,Nagano,2020-08-18,151,0,119,68,0,36,0.5294117647058824,0.0,1.0,36,0.0
15,Japan,Nagano,2020-09-02,267,1,180,148,1,61,0.4189189189189189,0.016129032258064516,0.9838709677419355,62,-0.016129032258064502
16,Japan,Nagano,2020-09-17,298,1,288,117,0,108,0.9230769230769231,0.0,1.0,108,0.016129032258064502
17,Japan,Nagano,2020-10-02,310,1,307,21,0,19,0.9047619047619048,0.0,1.0,19,0.0
18,Japan,Nagano,2020-10-17,325,4,315,17,3,8,0.6470588235294118,0.2727272727272727,0.7272727272727273,11,-0.2727272727272727
19,Japan,Nagano,2020-11-01,342,6,329,23,2,14,0.6956521739130435,0.125,0.875,16,0.1477272727272727
20,Japan,Nagano,2020-11-16,470,6,345,135,0,16,0.11851851851851852,0.0,1.0,16,0.125
21,Japan,Nagano,2020-12-01,735,6,587,384,0,242,0.6302083333333334,0.0,1.0,242,0.0
22,Japan,Nagano,2020-12-16,1005,7,788,412,1,201,0.49029126213592233,0.0049504950495049506,0.995049504950495,202,-0.004950495049504955
23,Japan,Nagano,2020-12-31,1182,13,1021,387,6,233,0.6175710594315246,0.02510460251046025,0.9748953974895398,239,-0.02015410746095525
24,Japan,Nagano,2021-01-15,1875,20,1337,841,7,316,0.38406658739595717,0.021671826625386997,0.978328173374613,323,0.0034327758850731804
25,Japan,Nagano,2021-01-30,2280,35,2036,923,15,699,0.7735644637053087,0.02100840336134454,0.9789915966386554,714,0.0006634232640424509
26,Japan,Nagano,2021-02-14,2345,38,2276,274,3,240,0.8868613138686131,0.012345679012345678,0.9876543209876543,243,0.00866272434899884
27,Japan,Nagano,2021-03-01,2364,40,2338,50,2,62,1.28,0.03125,0.96875,64,-0.018904320987654266
28,Japan,Nagano,2021-03-16,2438,40,2363,60,0,25,0.4166666666666667,0.0,1.0,25,0.03125
29,Japan,Nagano,2021-03-31,2810,40,2513,407,0,150,0.36855036855036855,0.0,1.0,150,0.0
30,Japan,Nagano,2021-04-15,3350,48,2943,797,8,430,0.5495608531994981,0.0182648401826484,0.9817351598173516,438,-0.0182648401826484
31,Japan,Nagano,2021-04-30,3853,67,3469,862,19,526,0.6322505800464037,0.03486238532110092,0.9651376146788991,545,-0.016597545138452463
32,Japan,Nagano,2021-05-15,4310,72,3884,774,5,415,0.5426356589147286,0.011904761904761904,0.9880952380952381,420,0.022957623416339
33,Japan,Nagano,2021-05-30,4777,82,4439,821,10,555,0.6881851400730816,0.017699115044247787,0.9823008849557522,565,-0.005794353139485953
34,Japan,Nagano,2021-06-14,4935,88,4794,414,6,355,0.8719806763285024,0.01662049861495845,0.9833795013850416,361,0.001078616429289414
35,Japan,Nagano,2021-06-29,5030,90,4939,148,2,145,0.9932432432432432,0.013605442176870748,0.9863945578231292,147,0.0030150564380876377
36,Japan,Nagano,2021-07-05,5040,92,4975,11,2,36,3.4545454545454546,0.05263157894736842,0.9473684210526315,38,-0.03902613677049771
