Index,Region,Subregion,Stage,Confirmed,Deaths,Recovered,Stage_Confirmed,Stage_Deaths,Stage_Recovered,Stage_Treated%,Stage_Deaths%,Stage_Recovered%,Stage_Treated,Recovered_Change
9,Japan,Yamagata,2020-06-04,69,0,66,69,0,66,0.9565217391304348,0.0,1.0,66,
10,Japan,Yamagata,2020-06-19,69,0,68,3,0,2,0.6666666666666666,0.0,1.0,2,0.0
11,Japan,Yamagata,2020-07-04,70,0,68,2,0,0,0.0,,,0,
12,Japan,Yamagata,2020-07-19,75,1,70,7,1,2,0.42857142857142855,0.3333333333333333,0.6666666666666666,3,
13,Japan,Yamagata,2020-08-03,76,1,75,5,0,5,1.0,0.0,1.0,5,0.33333333333333337
14,Japan,Yamagata,2020-08-18,76,1,76,0,0,1,,0.0,1.0,1,0.0
15,Japan,Yamagata,2020-09-02,78,1,76,1,0,0,0.0,,,0,
16,Japan,Yamagata,2020-09-17,78,1,76,1,0,0,0.0,,,0,
17,Japan,Yamagata,2020-10-02,78,1,76,1,0,0,0.0,,,0,
18,Japan,Yamagata,2020-10-17,81,1,78,4,0,2,0.5,0.0,1.0,2,
19,Japan,Yamagata,2020-11-01,86,1,80,7,0,2,0.2857142857142857,0.0,1.0,2,0.0
20,Japan,Yamagata,2020-11-16,98,1,84,17,0,4,0.23529411764705882,0.0,1.0,4,0.0
21,Japan,Yamagata,2020-12-01,138,1,101,53,0,17,0.32075471698113206,0.0,1.0,17,0.0
22,Japan,Yamagata,2020-12-16,296,1,154,194,0,53,0.27319587628865977,0.0,1.0,53,0.0
23,Japan,Yamagata,2020-12-31,390,6,292,235,5,138,0.6085106382978723,0.03496503496503497,0.965034965034965,143,-0.034965034965035
24,Japan,Yamagata,2021-01-15,442,13,369,144,7,77,0.5833333333333334,0.08333333333333333,0.9166666666666666,84,-0.04836829836829837
25,Japan,Yamagata,2021-01-30,503,13,430,121,0,61,0.5041322314049587,0.0,1.0,61,0.08333333333333337
26,Japan,Yamagata,2021-02-14,534,15,489,91,2,59,0.6703296703296703,0.03278688524590164,0.9672131147540983,61,-0.032786885245901676
27,Japan,Yamagata,2021-03-01,543,15,514,39,0,25,0.6410256410256411,0.0,1.0,25,0.032786885245901676
28,Japan,Yamagata,2021-03-16,565,15,524,36,0,10,0.2777777777777778,0.0,1.0,10,0.0
29,Japan,Yamagata,2021-03-31,977,17,596,438,2,72,0.1689497716894977,0.02702702702702703,0.972972972972973,74,-0.027027027027026973
30,Japan,Yamagata,2021-04-15,1314,23,983,701,6,387,0.5606276747503567,0.015267175572519083,0.9847328244274809,393,0.011759851454507864
31,Japan,Yamagata,2021-04-30,1520,33,1293,514,10,310,0.622568093385214,0.03125,0.96875,320,-0.01598282442748089
32,Japan,Yamagata,2021-05-15,1709,38,1482,383,5,189,0.5065274151436031,0.02577319587628866,0.9742268041237113,194,0.005476804123711321
33,Japan,Yamagata,2021-05-30,1963,42,1730,443,4,248,0.5688487584650113,0.015873015873015872,0.9841269841269841,252,0.009900180003272752
34,Japan,Yamagata,2021-06-14,2019,47,1907,247,5,177,0.7368421052631579,0.027472527472527472,0.9725274725274725,182,-0.011599511599511558
35,Japan,Yamagata,2021-06-29,2027,48,1961,73,1,54,0.7534246575342466,0.01818181818181818,0.9818181818181818,55,0.009290709290709298
36,Japan,Yamagata,2021-07-14,2082,48,1978,73,0,17,0.2328767123287671,0.0,1.0,17,0.018181818181818188
37,Japan,Yamagata,2021-07-29,2156,48,2033,130,0,55,0.4230769230769231,0.0,1.0,55,0.0
38,Japan,Yamagata,2021-08-10,2423,48,,342,0,,,,,,
