Index,Region,Subregion,Stage,Confirmed,Deaths,Recovered,Stage_Confirmed,Stage_Deaths,Stage_Recovered,Stage_Treated%,Stage_Deaths%,Stage_Recovered%,Stage_Treated,Recovered_Change
142,United Kingdom,England,2020-06-11,156018,36883,0,156018,36883,0,0.2364022100014101,1.0,0.0,36883,
143,United Kingdom,England,2020-06-12,156410,37069,0,119527,186,0,0.0015561337605729249,1.0,0.0,186,0.0
144,United Kingdom,England,2020-06-13,156782,37240,0,119713,171,0,0.0014284162956404067,1.0,0.0,171,0.0
145,United Kingdom,England,2020-06-14,157074,37266,0,119834,26,0,0.00021696680407897592,1.0,0.0,26,0.0
146,United Kingdom,England,2020-06-15,157293,37299,0,120027,33,0,0.0002749381389187433,1.0,0.0,33,0.0
147,United Kingdom,England,2020-06-16,157545,37524,0,120246,225,0,0.0018711641135671874,1.0,0.0,225,0.0
148,United Kingdom,England,2020-06-17,157797,37692,0,120273,168,0,0.0013968222294280512,1.0,0.0,168,0.0
149,United Kingdom,England,2020-06-18,158078,37812,0,120386,120,0,0.0009967936471018224,1.0,0.0,120,0.0
150,United Kingdom,England,2020-06-19,158401,37979,0,120589,167,0,0.001384869266682699,1.0,0.0,167,0.0
151,United Kingdom,England,2020-06-20,158725,38099,0,120746,120,0,0.000993821741506965,1.0,0.0,120,0.0
152,United Kingdom,England,2020-06-21,158940,38138,0,120841,39,0,0.0003227381435108945,1.0,0.0,39,0.0
153,United Kingdom,England,2020-06-22,159118,38152,0,120980,14,0,0.00011572160687716979,1.0,0.0,14,0.0
154,United Kingdom,England,2020-06-23,159328,38427,0,121176,275,0,0.0022694262890341323,1.0,0.0,275,0.0
155,United Kingdom,England,2020-06-24,159435,38568,0,121008,141,0,0.0011652122173740579,1.0,0.0,141,0.0
156,United Kingdom,England,2020-06-25,159696,38706,0,121128,138,0,0.0011392906677234,1.0,0.0,138,0.0
157,United Kingdom,England,2020-06-26,159958,38888,0,121252,182,0,0.0015010061689704087,1.0,0.0,182,0.0
158,United Kingdom,England,2020-06-27,160150,38982,0,121262,94,0,0.0007751810130131451,1.0,0.0,94,0.0
159,United Kingdom,England,2020-06-28,160292,39015,0,121310,33,0,0.00027203033550408045,1.0,0.0,33,0.0
160,United Kingdom,England,2020-06-29,160391,39036,0,121376,21,0,0.00017301608225678882,1.0,0.0,21,0.0
161,United Kingdom,England,2020-06-30,160587,39187,0,121551,151,0,0.0012422769043446784,1.0,0.0,151,0.0
162,United Kingdom,England,2020-07-01,160764,39354,0,121577,167,0,0.0013736150752198196,1.0,0.0,167,0.0
163,United Kingdom,England,2020-07-02,243910,39434,0,204556,80,0,0.0003910909482000039,1.0,0.0,80,0.0
164,United Kingdom,England,2020-07-03,244412,39567,0,204978,133,0,0.0006488501205007366,1.0,0.0,133,0.0
165,United Kingdom,England,2020-07-04,244991,39626,0,205424,59,0,0.0002872108419658852,1.0,0.0,59,0.0
166,United Kingdom,England,2020-07-05,245483,39647,0,205857,21,0,0.00010201256211836372,1.0,0.0,21,0.0
167,United Kingdom,England,2020-07-06,245814,39663,0,206167,16,0,7.760698850931526e-05,1.0,0.0,16,0.0
168,United Kingdom,England,2020-07-07,246386,39815,0,206723,152,0,0.000735283446931401,1.0,0.0,152,0.0
169,United Kingdom,England,2020-07-08,246992,39936,0,207177,121,0,0.0005840416648566202,1.0,0.0,121,0.0
170,United Kingdom,England,2020-07-09,247609,40018,0,207673,82,0,0.00039485152138217294,1.0,0.0,82,0.0
171,United Kingdom,England,2020-07-10,248089,40066,0,208071,48,0,0.00023069048545929034,1.0,0.0,48,0.0
172,United Kingdom,England,2020-07-11,248895,40213,0,208829,147,0,0.0007039252211139258,1.0,0.0,147,0.0
173,United Kingdom,England,2020-07-12,249510,40234,0,209297,21,0,0.0001003358863242187,1.0,0.0,21,0.0
174,United Kingdom,England,2020-07-13,250007,40245,0,209773,11,0,5.243763496732182e-05,1.0,0.0,11,0.0
175,United Kingdom,England,2020-07-14,250379,40379,0,210134,134,0,0.0006376883322070679,1.0,0.0,134,0.0
176,United Kingdom,England,2020-07-15,250885,40462,0,210506,83,0,0.0003942880487967089,1.0,0.0,83,0.0
177,United Kingdom,England,2020-07-16,251482,40528,0,211020,66,0,0.0003127665624111459,1.0,0.0,66,0.0
178,United Kingdom,England,2020-07-17,252117,40640,0,211589,112,0,0.0005293280841631654,1.0,0.0,112,0.0
179,United Kingdom,England,2020-07-18,252913,40680,0,212273,40,0,0.00018843658873243416,1.0,0.0,40,0.0
180,United Kingdom,England,2020-07-19,253585,40706,0,212905,26,0,0.000122120194452925,1.0,0.0,26,0.0
181,United Kingdom,England,2020-07-20,254120,40718,0,213414,12,0,5.6228738508251566e-05,1.0,0.0,12,0.0
182,United Kingdom,England,2020-07-21,254519,40828,0,213801,110,0,0.0005144971258319652,1.0,0.0,110,0.0
183,United Kingdom,England,2020-07-22,255038,40906,0,214210,78,0,0.00036412865879277345,1.0,0.0,78,0.0
184,United Kingdom,England,2020-07-23,255740,40959,0,214834,53,0,0.0002467021048809779,1.0,0.0,53,0.0
185,United Kingdom,England,2020-07-24,256428,41082,0,215469,123,0,0.0005708477785667543,1.0,0.0,123,0.0
186,United Kingdom,England,2020-07-25,257138,41143,0,216056,61,0,0.00028233420964935015,1.0,0.0,61,0.0
187,United Kingdom,England,2020-07-26,257859,41156,0,216716,13,0,5.998634157145758e-05,1.0,0.0,13,0.0
188,United Kingdom,England,2020-07-27,258475,41163,0,217319,7,0,3.221071328323801e-05,1.0,0.0,7,0.0
189,United Kingdom,England,2020-07-28,259022,41282,0,217859,119,0,0.0005462248518537219,1.0,0.0,119,0.0
190,United Kingdom,England,2020-07-29,259722,41360,0,218440,78,0,0.0003570774583409632,1.0,0.0,78,0.0
191,United Kingdom,England,2020-07-30,260534,41398,0,219174,38,0,0.0001733782291695183,1.0,0.0,38,0.0
192,United Kingdom,England,2020-07-31,261348,41512,0,219950,114,0,0.0005182996135485338,1.0,0.0,114,0.0
193,United Kingdom,England,2020-08-01,262070,41584,0,220558,72,0,0.00032644474469300594,1.0,0.0,72,0.0
194,United Kingdom,England,2020-08-02,262746,41589,0,221162,5,0,2.260786211012742e-05,1.0,0.0,5,0.0
195,United Kingdom,England,2020-08-03,263602,41598,0,222013,9,0,4.053816668393292e-05,1.0,0.0,9,0.0
196,United Kingdom,England,2020-08-04,264219,41686,0,222621,88,0,0.0003952906509269117,1.0,0.0,88,0.0
197,United Kingdom,England,2020-08-05,265023,41749,0,223337,63,0,0.0002820849209938344,1.0,0.0,63,0.0
198,United Kingdom,England,2020-08-06,265849,41795,0,224100,46,0,0.00020526550647032574,1.0,0.0,46,0.0
199,United Kingdom,England,2020-08-07,266645,41886,0,224850,91,0,0.00040471425394707585,1.0,0.0,91,0.0
200,United Kingdom,England,2020-08-08,267324,41940,0,225438,54,0,0.00023953370771564688,1.0,0.0,54,0.0
201,United Kingdom,England,2020-08-09,268312,41948,0,226372,8,0,3.534005972470094e-05,1.0,0.0,8,0.0
202,United Kingdom,England,2020-08-10,269011,41900,0,227063,-48,0,-0.00021139507537555656,1.0,-0.0,-48,-0.0
203,United Kingdom,England,2020-08-11,269011,41900,0,227111,0,0,0.0,,,0,
204,United Kingdom,England,2020-08-12,270971,42072,0,229071,172,0,0.0007508589040079276,1.0,0.0,172,
205,United Kingdom,England,2020-08-13,270971,42072,0,228899,0,0,0.0,,,0,
206,United Kingdom,England,2020-08-14,270971,42072,0,228899,0,0,0.0,,,0,
207,United Kingdom,England,2020-08-15,274248,42072,0,232176,0,0,0.0,,,0,
208,United Kingdom,England,2020-08-16,275200,42072,0,233128,0,0,0.0,,,0,
209,United Kingdom,England,2020-08-17,275834,36731,0,233762,-5341,0,-0.022848024914229003,1.0,-0.0,-5341,
210,United Kingdom,England,2020-08-18,276809,36742,0,240078,11,0,4.581844233957297e-05,1.0,0.0,11,0.0
211,United Kingdom,England,2020-08-19,277516,36757,0,240774,15,0,6.22990854494256e-05,1.0,0.0,15,0.0
212,United Kingdom,England,2020-08-20,278551,36763,0,241794,6,0,2.4814511526340603e-05,1.0,0.0,6,0.0
213,United Kingdom,England,2020-08-21,279459,36765,0,242696,2,0,8.240762105679534e-06,1.0,0.0,2,0.0
214,United Kingdom,England,2020-08-22,280519,36782,0,243754,17,0,6.974244525218047e-05,1.0,0.0,17,0.0
215,United Kingdom,England,2020-08-23,281457,36786,0,244675,4,0,1.6348217022580974e-05,1.0,0.0,4,0.0
216,United Kingdom,England,2020-08-24,282215,36789,0,245429,3,0,1.2223494371080842e-05,1.0,0.0,3,0.0
217,United Kingdom,England,2020-08-25,283280,36805,0,246491,16,0,6.491109208855495e-05,1.0,0.0,16,0.0
218,United Kingdom,England,2020-08-26,284155,36818,0,247350,13,0,5.255710531635335e-05,1.0,0.0,13,0.0
219,United Kingdom,England,2020-08-27,285505,36828,0,248687,10,0,4.021118916549719e-05,1.0,0.0,10,0.0
220,United Kingdom,England,2020-08-28,286611,36837,0,249783,9,0,3.603127514682745e-05,1.0,0.0,9,0.0
221,United Kingdom,England,2020-08-29,287502,36849,0,250665,12,0,4.7872658727784097e-05,1.0,0.0,12,0.0
222,United Kingdom,England,2020-08-30,288989,36850,0,252140,1,0,3.966050606805743e-06,1.0,0.0,1,0.0
223,United Kingdom,England,2020-08-31,290138,36852,0,253288,2,0,7.896149837339314e-06,1.0,0.0,2,0.0
224,United Kingdom,England,2020-09-01,291179,36854,0,254327,2,0,7.863891761393796e-06,1.0,0.0,2,0.0
225,United Kingdom,England,2020-09-02,292418,36861,0,255564,7,0,2.7390399273763127e-05,1.0,0.0,7,0.0
226,United Kingdom,England,2020-09-03,293925,36872,0,257064,11,0,4.279090032054274e-05,1.0,0.0,11,0.0
227,United Kingdom,England,2020-09-04,295594,36881,0,258722,9,0,3.478637301814303e-05,1.0,0.0,9,0.0
228,United Kingdom,England,2020-09-05,297071,36892,0,260190,11,0,4.227679772473961e-05,1.0,0.0,11,0.0
229,United Kingdom,England,2020-09-06,299647,36894,0,262755,2,0,7.611653441418812e-06,1.0,0.0,2,0.0
230,United Kingdom,England,2020-09-07,302175,36896,0,265281,2,0,7.539175440382085e-06,1.0,0.0,2,0.0
231,United Kingdom,England,2020-09-08,304269,36923,0,267373,27,0,0.00010098252254341314,1.0,0.0,27,0.0
232,United Kingdom,England,2020-09-09,306555,36931,0,269632,8,0,2.9670068834559697e-05,1.0,0.0,8,0.0
233,United Kingdom,England,2020-09-10,309133,36944,0,272202,13,0,4.775864982623199e-05,1.0,0.0,13,0.0
234,United Kingdom,England,2020-09-11,312276,36950,0,275332,6,0,2.1791873084131158e-05,1.0,0.0,6,0.0
235,United Kingdom,England,2020-09-12,315284,36959,0,278334,9,0,3.233525189161224e-05,1.0,0.0,9,0.0
236,United Kingdom,England,2020-09-13,318121,36964,0,281162,5,0,1.7783341987893102e-05,1.0,0.0,5,0.0
237,United Kingdom,England,2020-09-14,320380,36971,0,283416,7,0,2.469867615095831e-05,1.0,0.0,7,0.0
238,United Kingdom,England,2020-09-15,323029,36996,0,286058,25,0,8.739486397863371e-05,1.0,0.0,25,0.0
239,United Kingdom,England,2020-09-16,326425,37013,0,289429,17,0,5.873633948222189e-05,1.0,0.0,17,0.0
240,United Kingdom,England,2020-09-17,329213,37031,0,292200,18,0,6.160164271047228e-05,1.0,0.0,18,0.0
241,United Kingdom,England,2020-09-18,332984,37054,0,295953,23,0,7.771504259122225e-05,1.0,0.0,23,0.0
242,United Kingdom,England,2020-09-19,336622,37076,0,299568,22,0,7.343908561662127e-05,1.0,0.0,22,0.0
243,United Kingdom,England,2020-09-20,339901,37094,0,302825,18,0,5.944027078345579e-05,1.0,0.0,18,0.0
244,United Kingdom,England,2020-09-21,343655,37103,0,306561,9,0,2.9357941812559327e-05,1.0,0.0,9,0.0
245,United Kingdom,England,2020-09-22,347842,37139,0,310739,36,0,0.00011585285400287702,1.0,0.0,36,0.0
246,United Kingdom,England,2020-09-23,352925,37172,0,315786,33,0,0.00010450114951264464,1.0,0.0,33,0.0
247,United Kingdom,England,2020-09-24,358557,37209,0,321385,37,0,0.00011512671717721736,1.0,0.0,37,0.0
248,United Kingdom,England,2020-09-25,364280,37240,0,327071,31,0,9.47806439580397e-05,1.0,0.0,31,0.0
249,United Kingdom,England,2020-09-26,368919,37270,0,331679,30,0,9.044889788017933e-05,1.0,0.0,30,0.0
250,United Kingdom,England,2020-09-27,373719,37286,0,336449,16,0,4.755549875315427e-05,1.0,0.0,16,0.0
251,United Kingdom,England,2020-09-28,377035,37299,0,339749,13,0,3.8263541614544856e-05,1.0,0.0,13,0.0
252,United Kingdom,England,2020-09-29,382686,37367,0,345387,68,0,0.00019688060060164397,1.0,0.0,68,0.0
253,United Kingdom,England,2020-09-30,388342,37429,0,350975,62,0,0.00017665075860103996,1.0,0.0,62,0.0
254,United Kingdom,England,2020-10-01,393931,37477,0,356502,48,0,0.00013464160088863457,1.0,0.0,48,0.0
255,United Kingdom,England,2020-10-02,398728,37535,0,361251,58,0,0.00016055318878010027,1.0,0.0,58,0.0
256,United Kingdom,England,2020-10-03,409534,37574,0,371999,39,0,0.00010483899150266533,1.0,0.0,39,0.0
257,United Kingdom,England,2020-10-04,430843,37606,0,393269,32,0,8.136924090126606e-05,1.0,0.0,32,0.0
258,United Kingdom,England,2020-10-05,441528,37625,0,403922,19,0,4.703878471586098e-05,1.0,0.0,19,0.0
259,United Kingdom,England,2020-10-06,454176,37688,0,416551,63,0,0.00015124198477497352,1.0,0.0,63,0.0
260,United Kingdom,England,2020-10-07,465704,37753,0,428016,65,0,0.0001518634817390004,1.0,0.0,65,0.0
261,United Kingdom,England,2020-10-08,480656,37823,0,442903,70,0,0.00015804815049796456,1.0,0.0,70,0.0
262,United Kingdom,England,2020-10-09,491428,37902,0,453605,79,0,0.00017416033773878155,1.0,0.0,79,0.0
263,United Kingdom,England,2020-10-10,504056,37956,0,466154,54,0,0.00011584154592688254,1.0,0.0,54,0.0
264,United Kingdom,England,2020-10-11,514439,38018,0,476483,62,0,0.0001301200672426928,1.0,0.0,62,0.0
265,United Kingdom,England,2020-10-12,526086,38061,0,488068,43,0,8.810247752362376e-05,1.0,0.0,43,0.0
266,United Kingdom,England,2020-10-13,540396,38185,0,502335,124,0,0.00024684722346641184,1.0,0.0,124,0.0
267,United Kingdom,England,2020-10-14,556528,38293,0,518343,108,0,0.00020835624287392711,1.0,0.0,108,0.0
268,United Kingdom,England,2020-10-15,572667,38404,0,534374,111,0,0.0002077196869608177,1.0,0.0,111,0.0
269,United Kingdom,England,2020-10-16,584843,38524,0,546439,120,0,0.0002196036520087329,1.0,0.0,120,0.0
270,United Kingdom,England,2020-10-17,598142,38652,0,559618,128,0,0.00022872745336997738,1.0,0.0,128,0.0
271,United Kingdom,England,2020-10-18,612846,38711,0,574194,59,0,0.00010275272817201155,1.0,0.0,59,0.0
272,United Kingdom,England,2020-10-19,629211,38783,0,590500,72,0,0.00012193056731583403,1.0,0.0,72,0.0
273,United Kingdom,England,2020-10-20,647025,38996,0,608242,213,0,0.0003501895627069489,1.0,0.0,213,0.0
274,United Kingdom,England,2020-10-21,669973,39140,0,630977,144,0,0.00022821751030544695,1.0,0.0,144,0.0
275,United Kingdom,England,2020-10-22,687327,39300,0,648187,160,0,0.0002468423464216345,1.0,0.0,160,0.0
276,United Kingdom,England,2020-10-23,704443,39488,0,665143,188,0,0.0002826459874042123,1.0,0.0,188,0.0
277,United Kingdom,England,2020-10-24,723775,39629,0,684287,141,0,0.00020605389259185109,1.0,0.0,141,0.0
278,United Kingdom,England,2020-10-25,740262,39766,0,700633,137,0,0.00019553746397900183,1.0,0.0,137,0.0
279,United Kingdom,England,2020-10-26,758145,39856,0,718379,90,0,0.00012528205863478748,1.0,0.0,90,0.0
280,United Kingdom,England,2020-10-27,777774,40178,0,737918,322,0,0.0004363628479045097,1.0,0.0,322,0.0
281,United Kingdom,England,2020-10-28,799019,40414,0,758841,236,0,0.0003110005916918037,1.0,0.0,236,0.0
282,United Kingdom,England,2020-10-29,818759,40628,0,778345,214,0,0.00027494234561794575,1.0,0.0,214,0.0
283,United Kingdom,England,2020-10-30,839580,40854,0,798952,226,0,0.00028287056043416875,1.0,0.0,226,0.0
284,United Kingdom,England,2020-10-31,858444,41132,0,817590,278,0,0.00034002372827456306,1.0,0.0,278,0.0
285,United Kingdom,England,2020-11-01,879046,41264,0,837914,132,0,0.00015753406674193294,1.0,0.0,132,0.0
286,United Kingdom,England,2020-11-02,894906,41389,0,853642,125,0,0.0001464314080141324,1.0,0.0,125,0.0
287,United Kingdom,England,2020-11-03,912236,41748,0,870847,359,0,0.00041224233418729123,1.0,0.0,359,0.0
288,United Kingdom,England,2020-11-04,934099,42136,0,892351,388,0,0.00043480648309913924,1.0,0.0,388,0.0
289,United Kingdom,England,2020-11-05,955236,42433,0,913100,297,0,0.000325265578797503,1.0,0.0,297,0.0
290,United Kingdom,England,2020-11-06,975504,42736,0,933071,303,0,0.0003247341306288589,1.0,0.0,303,0.0
291,United Kingdom,England,2020-11-07,997379,43064,0,954643,328,0,0.00034358393661295376,1.0,0.0,328,0.0
292,United Kingdom,England,2020-11-08,1015672,43191,0,972608,127,0,0.00013057675857077055,1.0,0.0,127,0.0
293,United Kingdom,England,2020-11-09,1034708,43366,0,991517,175,0,0.00017649722596788559,1.0,0.0,175,0.0
294,United Kingdom,England,2020-11-10,1053330,43826,0,1009964,460,0,0.00045546177883568127,1.0,0.0,460,0.0
295,United Kingdom,England,2020-11-11,1073300,44304,0,1029474,478,0,0.0004643147859975094,1.0,0.0,478,0.0
296,United Kingdom,England,2020-11-12,1104143,44773,0,1059839,469,0,0.00044252004313862766,1.0,0.0,469,0.0
297,United Kingdom,England,2020-11-13,1128683,45053,0,1083910,280,0,0.0002583240305929459,1.0,0.0,280,0.0
298,United Kingdom,England,2020-11-14,1152981,45449,0,1107928,396,0,0.0003574239481265931,1.0,0.0,396,0.0
299,United Kingdom,England,2020-11-15,1174979,45592,0,1129530,143,0,0.00012660132975662443,1.0,0.0,143,0.0
300,United Kingdom,England,2020-11-16,1194402,45783,0,1148810,191,0,0.00016625899844186593,1.0,0.0,191,0.0
301,United Kingdom,England,2020-11-17,1211951,46301,0,1166168,518,0,0.00044418985943706226,1.0,0.0,518,0.0
302,United Kingdom,England,2020-11-18,1229140,46724,0,1182839,423,0,0.00035761418079721755,1.0,0.0,423,0.0
303,United Kingdom,England,2020-11-19,1249431,47140,0,1202707,416,0,0.0003458864045856555,1.0,0.0,416,0.0
304,United Kingdom,England,2020-11-20,1267276,47576,0,1220136,436,0,0.0003573372148678508,1.0,0.0,436,0.0
305,United Kingdom,England,2020-11-21,1284891,47842,0,1237315,266,0,0.000214981633617955,1.0,0.0,266,0.0
306,United Kingdom,England,2020-11-22,1301559,48212,0,1253717,370,0,0.0002951224239601122,1.0,0.0,370,0.0
307,United Kingdom,England,2020-11-23,1314888,48406,0,1266676,194,0,0.0001531567662133016,1.0,0.0,194,0.0
308,United Kingdom,England,2020-11-24,1324742,48941,0,1276336,535,0,0.0004191686201752517,1.0,0.0,535,0.0
309,United Kingdom,England,2020-11-25,1340635,49545,0,1291694,604,0,0.00046760300814279544,1.0,0.0,604,0.0
310,United Kingdom,England,2020-11-26,1355272,49956,0,1305727,411,0,0.00031476717568067447,1.0,0.0,411,0.0
311,United Kingdom,England,2020-11-27,1367546,50407,0,1317590,451,0,0.0003422916081633892,1.0,0.0,451,0.0
312,United Kingdom,England,2020-11-28,1380869,50804,0,1330462,397,0,0.0002983925884392038,1.0,0.0,397,0.0
313,United Kingdom,England,2020-11-29,1390923,50998,0,1340119,194,0,0.00014476326356092258,1.0,0.0,194,0.0
314,United Kingdom,England,2020-11-30,1401792,51187,0,1350794,189,0,0.000139917707659347,1.0,0.0,189,0.0
315,United Kingdom,England,2020-12-01,1413410,51718,0,1362223,531,0,0.0003898040188720936,1.0,0.0,531,0.0
316,United Kingdom,England,2020-12-02,1426733,52273,0,1375015,555,0,0.00040363196037861404,1.0,0.0,555,0.0
317,United Kingdom,England,2020-12-03,1438725,52601,0,1386452,328,0,0.00023657508518145598,1.0,0.0,328,0.0
318,United Kingdom,England,2020-12-04,1452137,53025,0,1399536,424,0,0.0003029575516456883,1.0,0.0,424,0.0
319,United Kingdom,England,2020-12-05,1464803,53369,0,1411778,344,0,0.0002436643721604955,1.0,0.0,344,0.0
320,United Kingdom,England,2020-12-06,1479097,53570,0,1425728,201,0,0.00014098060780176863,1.0,0.0,201,0.0
321,United Kingdom,England,2020-12-07,1490720,53747,0,1437150,177,0,0.00012316042166788435,1.0,0.0,177,0.0
322,United Kingdom,England,2020-12-08,1501179,54285,0,1447432,538,0,0.00037169276345969967,1.0,0.0,538,0.0
323,United Kingdom,England,2020-12-09,1514139,54736,0,1459854,451,0,0.00030893500308935005,1.0,0.0,451,0.0
324,United Kingdom,England,2020-12-10,1531761,55155,0,1477025,419,0,0.00028367833990623043,1.0,0.0,419,0.0
325,United Kingdom,England,2020-12-11,1549660,55508,0,1494505,353,0,0.00023619860756571575,1.0,0.0,353,0.0
326,United Kingdom,England,2020-12-12,1567128,55948,0,1511620,440,0,0.00029107844564110026,1.0,0.0,440,0.0
