Index,Region,Subregion,Stage,Confirmed,Deaths,Recovered,Stage_Confirmed,Stage_Deaths,Stage_Recovered,Stage_Treated%,Stage_Deaths%,Stage_Recovered%,Stage_Treated,Recovered_Change
6,Chile,Atacama,2020-05-20,163,0,0,163,0,0,0.0,,,0,
7,Chile,Atacama,2020-06-09,348,0,0,348,0,0,0.0,,,0,
8,Chile,Atacama,2020-06-29,1006,2,689,1006,2,689,0.6868787276341949,0.002894356005788712,0.9971056439942113,691,
9,Chile,Atacama,2020-07-19,1857,9,1437,1166,7,748,0.6475128644939966,0.009271523178807948,0.990728476821192,755,-0.0063771671730192825
10,Chile,Atacama,2020-08-08,3551,19,2680,2105,10,1243,0.5952494061757719,0.007980845969672785,0.9920191540303273,1253,0.001290677209135227
11,Chile,Atacama,2020-08-28,5480,46,4845,2781,27,2165,0.7882056814095649,0.012317518248175183,0.9876824817518248,2192,-0.004336672278502429
12,Chile,Atacama,2020-09-17,6433,55,5966,1542,9,1121,0.7328145265888456,0.007964601769911504,0.9920353982300885,1130,0.004352916478263635
13,Chile,Atacama,2020-10-07,7260,69,6858,1239,14,892,0.7312348668280871,0.01545253863134658,0.9845474613686535,906,-0.007487936861435007
14,Chile,Atacama,2020-10-27,7783,84,7549,856,15,691,0.8247663551401869,0.021246458923512748,0.9787535410764873,706,-0.005793920292166188
15,Chile,Atacama,2020-11-16,7985,101,7833,352,17,284,0.8551136363636364,0.05647840531561462,0.9435215946843853,301,-0.03523194639210192
16,Chile,Atacama,2020-12-06,8203,107,8039,269,6,206,0.7881040892193308,0.02830188679245283,0.9716981132075472,212,0.02817651852316183
17,Chile,Atacama,2020-12-26,8450,112,8235,304,5,196,0.6611842105263158,0.024875621890547265,0.9751243781094527,201,0.0034262649019055624
18,Chile,Atacama,2021-01-15,9095,118,8651,748,6,416,0.5641711229946524,0.014218009478672985,0.985781990521327,422,0.01065761241187424
19,Chile,Atacama,2021-02-04,10476,130,9914,1707,12,1263,0.7469244288224957,0.009411764705882352,0.9905882352941177,1275,0.00480624477279068
20,Chile,Atacama,2021-02-24,11758,147,11167,1714,17,1253,0.7409568261376897,0.013385826771653543,0.9866141732283464,1270,-0.003974062065771222
21,Chile,Atacama,2021-03-16,13142,163,12464,1828,16,1297,0.7182713347921226,0.012185833968012186,0.9878141660319878,1313,0.0011999928036413587
22,Chile,Atacama,2021-04-05,14762,175,13971,2135,12,1507,0.7114754098360656,0.007899934167215274,0.9921000658327848,1519,0.004285899800796966
23,Chile,Atacama,2021-04-25,17513,196,16241,3367,21,2270,0.6804276804276804,0.009166302924487123,0.9908336970755128,2291,-0.0012663687572719295
24,Chile,Atacama,2021-05-15,19613,214,18656,3176,18,2415,0.7660579345088161,0.007398273736128237,0.9926017262638718,2433,0.0017680291883589438
25,Chile,Atacama,2021-06-04,21838,242,20735,2968,28,2079,0.7099056603773585,0.013289036544850499,0.9867109634551495,2107,-0.00589076280872225
26,Chile,Atacama,2021-06-24,24078,268,23079,3101,26,2344,0.764269590454692,0.010970464135021098,0.9890295358649789,2370,0.002318572409829356
27,Chile,Atacama,2021-07-14,25987,297,25071,2640,29,1992,0.765530303030303,0.014349332013854528,0.9856506679861454,2021,-0.003378867878833458
28,Chile,Atacama,2021-08-03,26789,325,26288,1421,28,1217,0.8761435608726249,0.02248995983935743,0.9775100401606426,1245,-0.008140627825502844
29,Chile,Atacama,2021-08-09,26871,336,,258,11,,,,,,
