Index,Region,Subregion,Stage,Confirmed,Deaths,Recovered,Stage_Confirmed,Stage_Deaths,Stage_Recovered,Stage_Treated%,Stage_Deaths%,Stage_Recovered%,Stage_Treated,Recovered_Change
17,US,Alabama,2020-04-15,4307,118,,4307,118,,,,,,
18,US,Alabama,2020-04-20,5163,163,,,45,,,,,,
19,US,Alabama,2020-04-25,6274,209,,,46,,,,,,
20,US,Alabama,2020-04-30,7187,272,0,,63,,,,,,
21,US,Alabama,2020-05-05,8520,315,,8248,43,,,,,,
22,US,Alabama,2020-05-10,9982,393,,,78,,,,,,
23,US,Alabama,2020-05-15,11494,483,,,90,,,,,,
24,US,Alabama,2020-05-20,13186,522,,,39,,,,,,
25,US,Alabama,2020-05-25,15309,566,7951,,44,,,,,,
26,US,Alabama,2020-05-30,17689,618,9355,9172,52,1404,0.1587440034888792,0.03571428571428571,0.9642857142857143,1456,
27,US,Alabama,2020-06-04,19262,653,11395,9289,35,2040,0.22338249542469588,0.016867469879518072,0.983132530120482,2075,0.01884681583476766
28,US,Alabama,2020-06-09,21834,729,11395,9786,76,0,0.007766196607398324,1.0,0.0,76,-0.983132530120482
29,US,Alabama,2020-06-14,26182,773,13508,14058,44,2113,0.15343576611182244,0.020398701900788133,0.9796012980992118,2157,0.9796012980992118
30,US,Alabama,2020-06-19,29225,822,15974,14944,49,2466,0.16829496788008566,0.0194831013916501,0.9805168986083499,2515,0.0009156005091380814
31,US,Alabama,2020-06-24,32878,891,18866,16082,69,2892,0.18411889068523815,0.02330293819655522,0.9766970618034447,2961,-0.0038198368049051634
32,US,Alabama,2020-06-29,37589,929,18866,17832,38,0,0.0021310004486316736,1.0,0.0,38,-0.9766970618034447
33,US,Alabama,2020-07-04,43216,1007,22082,23421,78,3216,0.14064301268092738,0.023679417122040074,0.97632058287796,3294,0.97632058287796
34,US,Alabama,2020-07-09,49695,1068,25783,26606,61,3701,0.14139667744117868,0.01621477937267411,0.9837852206273259,3762,0.007464637749365899
35,US,Alabama,2020-07-14,58284,1164,25783,31433,96,0,0.003054115101962905,1.0,0.0,96,-0.9837852206273259
36,US,Alabama,2020-07-19,67733,1287,29736,40786,123,3953,0.09993625263570834,0.03017664376840039,0.9698233562315997,4076,0.9698233562315997
37,US,Alabama,2020-07-24,76795,1438,32510,45772,151,2774,0.06390369658306388,0.051623931623931626,0.9483760683760684,2925,-0.021447287855531294
38,US,Alabama,2020-07-29,84652,1538,32510,50704,100,0,0.0019722309876932785,1.0,0.0,100,-0.9483760683760684
39,US,Alabama,2020-08-03,92502,1633,35401,58454,95,2891,0.05108290279536046,0.031815137307434696,0.9681848626925653,2986,0.9681848626925653
40,US,Alabama,2020-08-08,99854,1755,37923,62820,122,2522,0.042088506844953834,0.046142208774583963,0.953857791225416,2644,-0.014327071467149288
41,US,Alabama,2020-08-13,104976,1890,41523,65298,135,3600,0.05719930166314435,0.03614457831325301,0.963855421686747,3735,0.009997630461330953
42,US,Alabama,2020-08-18,110415,1936,41523,67002,46,0,0.0006865466702486493,1.0,0.0,46,-0.963855421686747
43,US,Alabama,2020-08-23,115485,2013,44684,72026,77,3161,0.04495598811540277,0.02378011117974058,0.9762198888202595,3238,0.9762198888202595
44,US,Alabama,2020-08-28,122879,2107,48028,76182,94,3344,0.04512877057572655,0.027341477603257707,0.9726585223967423,3438,-0.0035613664235171205
45,US,Alabama,2020-09-02,128240,2217,51154,78105,110,3126,0.041431406440048654,0.033992583436341164,0.9660074165636588,3236,-0.006651105833083482
46,US,Alabama,2020-09-07,132221,2276,51154,78850,59,0,0.0007482561826252378,1.0,0.0,59,-0.9660074165636588
47,US,Alabama,2020-09-12,137166,2350,54223,83736,74,3069,0.03753463265501099,0.023544384346166083,0.9764556156538339,3143,0.9764556156538339
48,US,Alabama,2020-09-17,141454,2401,61232,84881,51,7009,0.08317526890587999,0.0072237960339943345,0.9927762039660056,7060,0.016320588312171758
49,US,Alabama,2020-09-22,145859,2457,61232,82226,56,0,0.0006810497896042614,1.0,0.0,56,-0.9927762039660056
50,US,Alabama,2020-09-27,151604,2501,64583,87915,44,3351,0.03861684581698231,0.012960235640648013,0.987039764359352,3395,0.987039764359352
51,US,Alabama,2020-10-02,157402,2550,67948,90318,49,3365,0.037799774131402376,0.014352665495020504,0.9856473345049795,3414,-0.00139242985437249
52,US,Alabama,2020-10-07,161085,2601,67948,90587,51,0,0.0005629946901873338,1.0,0.0,51,-0.9856473345049795
53,US,Alabama,2020-10-12,166514,2665,71240,95965,64,3292,0.03497108320741937,0.01907032181168057,0.9809296781883194,3356,0.9809296781883194
54,US,Alabama,2020-10-17,172137,2788,74238,98232,123,2998,0.031771724081765616,0.039410445370073696,0.9605895546299263,3121,-0.020340123558393097
55,US,Alabama,2020-10-22,180437,2843,74439,103411,55,201,0.0024755586929823712,0.21484375,0.78515625,256,-0.17543330462992635
56,US,Alabama,2020-10-27,187267,2892,74439,109985,49,0,0.00044551529754057373,1.0,0.0,49,-0.78515625
57,US,Alabama,2020-11-01,194458,2973,81005,117127,81,6566,0.05675036498843136,0.012185948548217241,0.9878140514517828,6647,0.9878140514517828
58,US,Alabama,2020-11-06,202131,3049,84471,118153,76,3466,0.02997807927009894,0.021456804065499716,0.9785431959345002,3542,-0.009270855517282572
59,US,Alabama,2020-11-11,208637,3201,84471,121117,152,0,0.0012549848493605357,1.0,0.0,152,-0.9785431959345002
60,US,Alabama,2020-11-16,219232,3249,88038,131560,48,3567,0.027477956825782912,0.013278008298755186,0.9867219917012449,3615,0.9867219917012449
61,US,Alabama,2020-11-21,230708,3457,90702,139421,208,2664,0.020599479275001612,0.07242339832869081,0.9275766016713092,2872,-0.059145390029935685
62,US,Alabama,2020-11-26,241957,3572,161946,147798,115,71244,0.4828143817913639,0.0016115696688574672,0.9983884303311426,71359,0.07081182865983338
63,US,Alabama,2020-12-01,252900,3638,161946,87382,66,0,0.0007553042960792841,1.0,0.0,66,-0.9983884303311426
64,US,Alabama,2020-12-06,269877,3889,168387,104293,251,6441,0.06416538022686086,0.03750747160789002,0.96249252839211,6692,0.96249252839211
65,US,Alabama,2020-12-11,288775,4086,174805,116499,197,6418,0.0567816032755646,0.029780801209372636,0.9702191987906273,6615,0.007726670398517377
66,US,Alabama,2020-12-16,305640,4198,183625,126749,112,8820,0.07046998398409456,0.012539184952978056,0.987460815047022,8932,0.017241616256394643
67,US,Alabama,2020-12-21,324832,4389,183625,137009,191,0,0.0013940690027662416,1.0,0.0,191,-0.987460815047022
68,US,Alabama,2020-12-26,343458,4685,193149,155444,296,9524,0.06317387612259077,0.03014256619144603,0.9698574338085539,9820,0.9698574338085539
69,US,Alabama,2020-12-31,361226,4827,202137,163392,142,8988,0.05587788875832354,0.015553121577217962,0.984446878422782,9130,0.014589444614228064
70,US,Alabama,2021-01-05,379593,4886,202137,172629,59,0,0.0003417733984440621,1.0,0.0,59,-0.984446878422782
71,US,Alabama,2021-01-10,401900,5334,211684,194877,448,9547,0.05128876162913017,0.0448224112056028,0.9551775887943972,9995,0.9551775887943972
72,US,Alabama,2021-01-15,417528,6030,221961,200510,696,10277,0.05472545010223929,0.06342841520094777,0.9365715847990522,10973,-0.018606003995344955
73,US,Alabama,2021-01-20,429655,6283,233211,201664,253,11250,0.0570404236750238,0.021994262366339216,0.9780057376336608,11503,0.041434152834608606
74,US,Alabama,2021-01-23,439442,6657,233211,199948,374,0,0.0018704863264448757,1.0,0.0,374,-0.9780057376336608
