Index,Region,Subregion,Stage,Confirmed,Deaths,Recovered,Stage_Confirmed,Stage_Deaths,Stage_Recovered,Stage_Treated%,Stage_Deaths%,Stage_Recovered%,Stage_Treated,Recovered_Change
17,US,Arizona,2020-04-15,3964,142,385,3964,142,385,0.1329465186680121,0.269449715370019,0.7305502846299811,527,
18,US,Arizona,2020-04-20,5068,191,1155,4541,49,770,0.18035674961462234,0.05982905982905983,0.9401709401709402,819,0.2096206555409591
19,US,Arizona,2020-04-25,6286,273,1345,4940,82,190,0.05506072874493927,0.3014705882352941,0.6985294117647058,272,-0.24164152840623432
20,US,Arizona,2020-04-30,7655,320,1499,6037,47,154,0.033294682789464965,0.23383084577114427,0.7661691542288557,201,0.06763974246414983
21,US,Arizona,2020-05-05,9305,395,1671,7486,75,172,0.03299492385786802,0.30364372469635625,0.6963562753036437,247,-0.06981287892521193
22,US,Arizona,2020-05-10,11119,536,2775,9053,141,1104,0.1375234728819176,0.11325301204819277,0.8867469879518072,1245,0.19039071264816343
23,US,Arizona,2020-05-15,13169,651,3145,9858,115,370,0.049198620409819434,0.23711340206185566,0.7628865979381443,485,-0.12386039001366289
24,US,Arizona,2020-05-20,14906,747,3773,11110,96,628,0.06516651665166516,0.13259668508287292,0.8674033149171271,724,0.1045167169789828
25,US,Arizona,2020-05-25,16575,807,4204,12055,60,431,0.04072998755703028,0.12219959266802444,0.8778004073319755,491,0.01039709241484843
26,US,Arizona,2020-05-30,19258,904,4657,14247,97,453,0.03860461851617884,0.17636363636363636,0.8236363636363636,550,-0.054164043695611896
27,US,Arizona,2020-06-04,22886,999,5172,17325,95,515,0.03520923520923521,0.1557377049180328,0.8442622950819673,610,0.02062593144560365
28,US,Arizona,2020-06-09,28296,1076,5764,22125,77,592,0.03023728813559322,0.11509715994020926,0.8849028400597907,669,0.040640544977823434
29,US,Arizona,2020-06-14,35706,1191,6333,28866,115,569,0.02369569736021617,0.16812865497076024,0.8318713450292398,684,-0.053031495030550935
30,US,Arizona,2020-06-19,46910,1321,7018,39386,130,685,0.020692631899659777,0.15950920245398773,0.8404907975460123,815,0.008619452516772541
31,US,Arizona,2020-06-24,60190,1467,7936,51851,146,918,0.020520337119824112,0.13721804511278196,0.8627819548872181,1064,0.02229115734120579
32,US,Arizona,2020-06-29,74545,1598,9179,65142,131,1243,0.021092382794510454,0.09534206695778748,0.9046579330422125,1374,0.04187597815499444
33,US,Arizona,2020-07-04,94567,1817,10903,83790,219,1724,0.02318892469268409,0.11271230056613485,0.8872876994338652,1943,-0.01737023360834733
34,US,Arizona,2020-07-09,112671,2038,13341,99951,221,2438,0.02660303548738882,0.08311395261376457,0.9168860473862355,2659,0.029598347952370263
35,US,Arizona,2020-07-14,128097,2337,15678,112718,299,2337,0.023385794637946024,0.11342943854324734,0.8865705614567526,2636,-0.030315485929482855
36,US,Arizona,2020-07-19,143624,2761,18149,125609,424,2471,0.023047711549331655,0.1464594127806563,0.8535405872193437,2895,-0.03302997423740894
37,US,Arizona,2020-07-24,156301,3143,20171,135391,382,2022,0.01775598082590423,0.1589018302828619,0.8410981697171381,2404,-0.012442417502205538
38,US,Arizona,2020-07-29,168273,3454,21994,144959,311,1823,0.014721403983195248,0.1457357075913777,0.8542642924086223,2134,0.013166122691484206
39,US,Arizona,2020-08-03,179497,3779,23702,154049,325,1708,0.013197099624145564,0.15986227250368912,0.8401377274963109,2033,-0.014126564912311457
40,US,Arizona,2020-08-08,186107,4137,25163,158626,358,1461,0.011467224792909106,0.19681143485431557,0.8031885651456845,1819,-0.0369491623506264
41,US,Arizona,2020-08-13,190794,4383,26736,161494,246,1573,0.011263576355777924,0.13523914238592633,0.8647608576140736,1819,0.061572292468389134
42,US,Arizona,2020-08-18,194920,4529,28027,163801,146,1291,0.008772840214650704,0.10160055671537926,0.8983994432846207,1437,0.033638585670547116
43,US,Arizona,2020-08-23,198103,4771,29147,165547,242,1120,0.008227270805269802,0.1776798825256975,0.8223201174743024,1362,-0.07607932581031829
44,US,Arizona,2020-08-28,200658,4978,30123,166740,207,976,0.00709487825356843,0.1749788672865596,0.8250211327134404,1183,0.002701015239137905
45,US,Arizona,2020-09-02,202861,5065,31021,167760,87,898,0.005871483071053886,0.0883248730964467,0.9116751269035533,985,0.08665399419011299
46,US,Arizona,2020-09-07,205964,5219,31866,169878,154,845,0.005880690848726733,0.15415415415415415,0.8458458458458459,999,-0.06582928105770747
47,US,Arizona,2020-09-12,208128,5315,32628,171043,96,762,0.005016282455289021,0.11188811188811189,0.8881118881118881,858,0.04226604226604225
48,US,Arizona,2020-09-17,211660,5409,33381,173717,94,753,0.004875746184886914,0.11097992916174734,0.8890200708382526,847,0.0009081827263645037
49,US,Arizona,2020-09-22,214846,5498,34053,176056,89,672,0.0043224882991775345,0.11695137976346912,0.8830486202365309,761,-0.005971450601721773
50,US,Arizona,2020-09-27,217237,5623,34872,177686,125,819,0.005312742703420641,0.13241525423728814,0.8675847457627118,944,-0.015463874473819028
51,US,Arizona,2020-10-02,219763,5693,35553,179268,70,681,0.004189258540286052,0.09320905459387484,0.9067909454061251,751,0.03920619964341332
52,US,Arizona,2020-10-07,222538,5733,36336,181292,40,783,0.0045396377115371886,0.04860267314702309,0.951397326852977,823,0.044606381446851806
53,US,Arizona,2020-10-12,226050,5759,37287,183981,26,951,0.005310330958088063,0.02661207778915046,0.9733879222108496,977,0.021990595357872622
54,US,Arizona,2020-10-17,230459,5824,38193,187413,65,906,0.005181070683463794,0.06694129763130793,0.933058702368692,971,-0.04032921984215754
55,US,Arizona,2020-10-22,234906,5859,39089,190889,35,896,0.004877179931792822,0.03759398496240601,0.9624060150375939,931,0.029347312668901893
56,US,Arizona,2020-10-27,240122,5891,40169,195174,32,1080,0.005697480197157408,0.02877697841726619,0.9712230215827338,1112,0.008817006545139838
57,US,Arizona,2020-11-01,247473,5979,41398,201413,88,1229,0.006538803354301857,0.06681852695520121,0.9331814730447988,1317,-0.038041548537934955
58,US,Arizona,2020-11-06,254764,6109,42652,207387,130,1254,0.0066735137689440515,0.09393063583815028,0.9060693641618497,1384,-0.027112108882949126
59,US,Arizona,2020-11-11,265163,6228,43990,216402,119,1338,0.006732839807395495,0.08167467398764584,0.9183253260123542,1457,0.012255961850504482
60,US,Arizona,2020-11-16,276912,6302,45737,226694,74,1747,0.008032854861619629,0.040637012630422846,0.9593629873695771,1821,0.041037661357222976
61,US,Arizona,2020-11-21,295334,6457,47890,243295,155,2153,0.009486425943813066,0.067157712305026,0.932842287694974,2308,-0.026520699674603132
62,US,Arizona,2020-11-26,314324,6568,50352,259977,111,2462,0.009897029352596575,0.043140303148076174,0.9568596968519238,2573,0.02401740915694983
63,US,Arizona,2020-12-01,337139,6687,53026,280219,119,2674,0.009967204222411756,0.042606516290726815,0.9573934837092731,2793,0.0005337868573492832
64,US,Arizona,2020-12-06,364276,6950,56382,304563,263,3356,0.01188259900250523,0.07267200884222161,0.9273279911577784,3619,-0.03006549255149471
65,US,Arizona,2020-12-11,394512,7245,59932,331180,295,3550,0.011610000603901202,0.07672301690507152,0.9232769830949284,3845,-0.00405100806284997
66,US,Arizona,2020-12-16,429219,7530,63697,362042,285,3765,0.011186547417150496,0.07037037037037037,0.9296296296296296,4050,0.006352646534701134
67,US,Arizona,2020-12-21,461345,7972,67734,390118,442,4037,0.011481141603309767,0.09868274168341147,0.9013172583165885,4479,-0.028312371313041096
68,US,Arizona,2020-12-26,493041,8424,71948,417335,452,4214,0.01118046653168318,0.09687098156879555,0.9031290184312044,4666,0.0018117601146159235
69,US,Arizona,2020-12-31,520207,8864,75981,439835,440,4033,0.010169722736935442,0.09836798569192935,0.9016320143080706,4473,-0.001497004123133805
70,US,Arizona,2021-01-05,567474,9317,80302,482629,453,4321,0.00989165590961173,0.09488898198575618,0.9051110180142439,4774,0.003479003706173267
71,US,Arizona,2021-01-10,618546,10141,85004,528927,824,4702,0.010447566488381195,0.14911328266377127,0.8508867173362288,5526,-0.05422430067801509
72,US,Arizona,2021-01-15,658186,11040,89665,563041,899,4661,0.009874946939920894,0.1616906474820144,0.8383093525179857,5560,-0.01257736481824312
73,US,Arizona,2021-01-20,690544,11528,94237,589839,488,4572,0.008578612129750661,0.09644268774703557,0.9035573122529644,5060,0.06524795973497877
74,US,Arizona,2021-01-25,727895,12239,98779,622130,711,4542,0.008443572886695706,0.1353512278697887,0.8646487721302113,5253,-0.03890854012275313
75,US,Arizona,2021-01-30,753379,13098,102678,642361,859,3899,0.007407049929868096,0.1805380411937789,0.8194619588062211,4758,-0.045186813323990216
76,US,Arizona,2021-02-04,771796,13752,106058,656020,654,3380,0.006149202768208286,0.16212196331184928,0.8378780366881508,4034,0.01841607788192967
77,US,Arizona,2021-02-09,787268,14286,108965,667458,534,2907,0.005155380563271397,0.15518744551002617,0.8448125544899738,3441,0.006934517801823081
78,US,Arizona,2021-02-14,797270,14978,111649,674019,692,2684,0.005008760880627994,0.20497630331753555,0.7950236966824644,3376,-0.04978885780750941
79,US,Arizona,2021-02-19,804116,15421,113697,677489,443,2048,0.003676812464851828,0.17784022480931352,0.8221597751906865,2491,0.027136078508222083
80,US,Arizona,2021-02-24,811968,15693,,682850,272,,,,,,
81,US,Arizona,2021-03-01,817821,15979,,,286,,,,,,
82,US,Arizona,2021-03-06,825119,16323,,,344,,,,,,
83,US,Arizona,2021-03-11,830655,16461,,,138,,,,,,
84,US,Arizona,2021-03-16,833878,16574,,,113,,,,,,
85,US,Arizona,2021-03-21,836253,16745,,,171,,,,,,
86,US,Arizona,2021-03-26,838558,16898,,,153,,,,,,
87,US,Arizona,2021-03-31,841811,16967,,,69,,,,,,
88,US,Arizona,2021-04-05,844910,16990,,,23,,,,,,
89,US,Arizona,2021-04-10,849021,17092,,,102,,,,,,
90,US,Arizona,2021-04-15,851725,17123,,,31,,,,,,
91,US,Arizona,2021-04-20,855155,17193,,,70,,,,,,
92,US,Arizona,2021-04-25,858737,17268,,,75,,,,,,
93,US,Arizona,2021-04-30,862497,17324,,,56,,,,,,
94,US,Arizona,2021-05-02,863927,17344,,,20,,,,,,
