Index,Region,Subregion,Stage,Confirmed,Deaths,Recovered,Stage_Confirmed,Stage_Deaths,Stage_Recovered,Stage_Treated%,Stage_Deaths%,Stage_Recovered%,Stage_Treated,Recovered_Change
17,US,Rhode Island,2020-04-15,3251,125,168,3251,125,168,0.09012611504152568,0.42662116040955633,0.5733788395904437,293,
18,US,Rhode Island,2020-04-20,5090,196,267,4797,71,99,0.035438815926620806,0.4176470588235294,0.5823529411764706,170,0.008974101586026961
19,US,Rhode Island,2020-04-25,7129,276,410,6666,80,143,0.03345334533453345,0.35874439461883406,0.6412556053811659,223,0.058902664204695254
20,US,Rhode Island,2020-04-30,8621,364,461,7935,88,51,0.017517328292375553,0.6330935251798561,0.3669064748201439,139,-0.274349130561022
21,US,Rhode Island,2020-05-05,9933,457,639,9108,93,178,0.029754062362758016,0.34317343173431736,0.6568265682656826,271,0.28992009344553876
22,US,Rhode Island,2020-05-10,11274,550,809,10178,93,170,0.025840047160542345,0.35361216730038025,0.6463878326996197,263,-0.010438735566062896
23,US,Rhode Island,2020-05-15,12219,629,919,10860,79,110,0.017403314917127072,0.41798941798941797,0.582010582010582,189,-0.06437725068903777
24,US,Rhode Island,2020-05-20,13356,705,1030,11808,76,111,0.01583672086720867,0.40641711229946526,0.5935828877005348,187,0.011572305689952822
25,US,Rhode Island,2020-05-25,14065,767,1119,12330,62,89,0.012246553122465531,0.4105960264900662,0.5894039735099338,151,-0.004178914190601013
26,US,Rhode Island,2020-05-30,14819,824,1225,12933,57,106,0.012603417613856027,0.3496932515337423,0.6503067484662577,163,0.0609027749563239
27,US,Rhode Island,2020-06-04,15325,865,1326,13276,41,101,0.010695992768906298,0.2887323943661972,0.7112676056338029,142,0.06096085716754518
28,US,Rhode Island,2020-06-09,15691,891,1398,13500,26,72,0.00725925925925926,0.2653061224489796,0.7346938775510204,98,0.023426271917217578
29,US,Rhode Island,2020-06-14,15947,909,1435,13658,18,37,0.0040269439156538295,0.32727272727272727,0.6727272727272727,55,-0.06196660482374772
30,US,Rhode Island,2020-06-19,16337,938,1515,13993,29,80,0.007789609090259416,0.26605504587155965,0.7339449541284404,109,0.06121768140116768
31,US,Rhode Island,2020-06-24,16606,958,1573,14153,20,58,0.005511199039072988,0.2564102564102564,0.7435897435897436,78,0.009644789461303205
32,US,Rhode Island,2020-06-29,16764,972,1627,14233,14,54,0.004777629452680391,0.20588235294117646,0.7941176470588235,68,0.05052790346907987
33,US,Rhode Island,2020-07-04,16991,986,1657,14392,14,30,0.003057254030016676,0.3181818181818182,0.6818181818181818,44,-0.11229946524064172
34,US,Rhode Island,2020-07-09,17243,994,1684,14600,8,27,0.002397260273972603,0.22857142857142856,0.7714285714285715,35,0.0896103896103897
35,US,Rhode Island,2020-07-14,17588,1005,1692,14910,11,8,0.0012743125419181758,0.5789473684210527,0.42105263157894735,19,-0.3503759398496241
36,US,Rhode Island,2020-07-19,17793,1014,1717,15096,9,25,0.0022522522522522522,0.2647058823529412,0.7352941176470589,34,0.31424148606811153
37,US,Rhode Island,2020-07-24,18224,1018,1769,15493,4,52,0.0036145355967211,0.07142857142857142,0.9285714285714286,56,0.19327731092436973
38,US,Rhode Island,2020-07-29,18800,1024,1810,16013,6,41,0.0029351152188846564,0.1276595744680851,0.8723404255319149,47,-0.05623100303951367
39,US,Rhode Island,2020-08-03,19246,1030,1838,16412,6,28,0.0020716548866682913,0.17647058823529413,0.8235294117647058,34,-0.04881101376720909
40,US,Rhode Island,2020-08-08,19738,1037,1876,16870,7,38,0.0026674570243034974,0.15555555555555556,0.8444444444444444,45,0.0209150326797386
41,US,Rhode Island,2020-08-13,20240,1042,1943,17327,5,67,0.004155364460091187,0.06944444444444445,0.9305555555555556,72,0.08611111111111114
42,US,Rhode Island,2020-08-18,20692,1059,2004,17707,17,61,0.0044050375557689045,0.21794871794871795,0.782051282051282,78,-0.14850427350427353
43,US,Rhode Island,2020-08-23,21022,1066,2031,17959,7,27,0.0018932011804666184,0.20588235294117646,0.7941176470588235,34,0.012066365007541435
44,US,Rhode Island,2020-08-28,21683,1073,2084,18586,7,53,0.003228236306897665,0.11666666666666667,0.8833333333333333,60,0.08921568627450982
45,US,Rhode Island,2020-09-02,22078,1082,2130,18921,9,46,0.002906823106601131,0.16363636363636364,0.8363636363636363,55,-0.046969696969696995
46,US,Rhode Island,2020-09-07,22243,1089,2147,19031,7,17,0.0012611003100204928,0.2916666666666667,0.7083333333333334,24,-0.12803030303030294
47,US,Rhode Island,2020-09-12,22905,1096,2201,19669,7,54,0.0031013269612079923,0.11475409836065574,0.8852459016393442,61,0.17691256830601088
48,US,Rhode Island,2020-09-17,23488,1105,2236,20191,9,35,0.0021791887474617404,0.20454545454545456,0.7954545454545454,44,-0.08979135618479883
49,US,Rhode Island,2020-09-22,24044,1118,2272,20703,13,36,0.0023668067429841086,0.2653061224489796,0.7346938775510204,49,-0.06076066790352497
50,US,Rhode Island,2020-09-27,24181,1121,2278,20791,3,6,0.0004328796113703045,0.3333333333333333,0.6666666666666666,9,-0.06802721088435382
51,US,Rhode Island,2020-10-02,25076,1129,2346,21677,8,68,0.003506020205748028,0.10526315789473684,0.8947368421052632,76,0.22807017543859653
52,US,Rhode Island,2020-10-07,25776,1139,2402,22301,10,56,0.002959508542217838,0.15151515151515152,0.8484848484848485,66,-0.046251993620414655
53,US,Rhode Island,2020-10-12,26294,1159,2422,22753,20,20,0.00175800993275612,0.5,0.5,40,-0.3484848484848485
54,US,Rhode Island,2020-10-17,27691,1174,2501,24110,15,79,0.0038987971795935296,0.1595744680851064,0.8404255319148937,94,0.34042553191489366
55,US,Rhode Island,2020-10-22,29594,1187,2595,25919,13,94,0.004128245688491068,0.12149532710280374,0.8785046728971962,107,0.038079140982302584
56,US,Rhode Island,2020-10-27,31445,1201,2672,27663,14,77,0.003289592596609189,0.15384615384615385,0.8461538461538461,91,-0.0323508267433501
57,US,Rhode Island,2020-11-01,32874,1220,2763,29001,19,91,0.0037929726561153065,0.17272727272727273,0.8272727272727273,110,-0.018881118881118875
58,US,Rhode Island,2020-11-06,36380,1240,2891,32397,20,128,0.004568324227551934,0.13513513513513514,0.8648648648648649,148,0.03759213759213764
59,US,Rhode Island,2020-11-11,39776,1266,3020,35645,26,129,0.004348435965773601,0.16774193548387098,0.832258064516129,155,-0.032606800348735865
60,US,Rhode Island,2020-11-16,43923,1297,3172,39637,31,152,0.004616898352549386,0.16939890710382513,0.8306010928961749,183,-0.0016569716199541507
61,US,Rhode Island,2020-11-21,48001,1331,3314,43532,34,142,0.004043002848479279,0.19318181818181818,0.8068181818181818,176,-0.02378291107799313
62,US,Rhode Island,2020-11-26,52317,1386,3510,47672,55,196,0.005265145158583655,0.21912350597609562,0.7808764940239044,251,-0.025941687794277413
63,US,Rhode Island,2020-12-01,57906,1428,3777,53010,42,267,0.0058290888511601585,0.13592233009708737,0.8640776699029126,309,0.08320117587900822
64,US,Rhode Island,2020-12-06,62137,1497,3939,56932,69,162,0.0040574720719454786,0.2987012987012987,0.7012987012987013,231,-0.16277896860421126
65,US,Rhode Island,2020-12-11,70818,1603,4288,65382,106,349,0.006959101893487504,0.23296703296703297,0.7670329670329671,455,0.06573426573426577
66,US,Rhode Island,2020-12-16,76209,1702,4646,70318,99,358,0.006499047185642368,0.21663019693654267,0.7833698030634574,457,0.016336836030490298
67,US,Rhode Island,2020-12-21,80231,1779,4927,73883,77,281,0.004845498964579132,0.21508379888268156,0.7849162011173184,358,0.0015463980538610311
68,US,Rhode Island,2020-12-26,82066,1856,5041,75360,77,114,0.002534501061571125,0.4031413612565445,0.5968586387434555,191,-0.18805756237386295
69,US,Rhode Island,2020-12-31,87949,1930,5381,81052,74,340,0.00510783200908059,0.178743961352657,0.821256038647343,414,0.22439739990388752
70,US,Rhode Island,2021-01-05,93852,2005,5682,86541,75,301,0.0043447614425532405,0.19946808510638298,0.800531914893617,376,-0.02072412375372601
71,US,Rhode Island,2021-01-10,97614,2074,5860,89927,69,178,0.002746672300866258,0.2793522267206478,0.7206477732793523,247,-0.07988414161426471
72,US,Rhode Island,2021-01-15,104443,2146,6229,96509,72,369,0.00456952201349097,0.16326530612244897,0.8367346938775511,441,0.1160869205981988
73,US,Rhode Island,2021-01-20,107876,2223,6495,99501,77,266,0.003447201535662958,0.22448979591836735,0.7755102040816326,343,-0.061224489795918435
74,US,Rhode Island,2021-01-25,111754,2285,6778,103036,62,283,0.003348344268022827,0.17971014492753623,0.8202898550724638,345,0.044779650990831144
75,US,Rhode Island,2021-01-30,114438,2333,6941,105375,48,163,0.002002372479240807,0.22748815165876776,0.7725118483412322,211,-0.04777800673123156
76,US,Rhode Island,2021-02-04,117291,2387,7182,108017,54,241,0.0027310515937306163,0.18305084745762712,0.8169491525423729,295,0.04443730420114067
77,US,Rhode Island,2021-02-09,119434,2427,7385,109865,40,203,0.0022118053975333364,0.1646090534979424,0.8353909465020576,243,0.018441793959684705
78,US,Rhode Island,2021-02-14,120821,2462,7496,111009,35,111,0.0013152086767739552,0.23972602739726026,0.7602739726027398,146,-0.07511697389931782
79,US,Rhode Island,2021-02-19,123145,2482,7705,113187,20,209,0.0020232005442321114,0.08733624454148471,0.9126637554585153,229,0.15238978285577554
80,US,Rhode Island,2021-02-24,124718,2499,,114531,17,,,,,,
81,US,Rhode Island,2021-03-01,126588,2517,,,18,,,,,,
82,US,Rhode Island,2021-03-06,128121,2541,,,24,,,,,,
83,US,Rhode Island,2021-03-11,130120,2563,,,22,,,,,,
84,US,Rhode Island,2021-03-16,131750,2583,,,20,,,,,,
85,US,Rhode Island,2021-03-21,133039,2595,,,12,,,,,,
86,US,Rhode Island,2021-03-26,135775,2608,,,13,,,,,,
87,US,Rhode Island,2021-03-31,137329,2619,,,11,,,,,,
88,US,Rhode Island,2021-04-05,139173,2629,,,10,,,,,,
89,US,Rhode Island,2021-04-10,141097,2638,,,9,,,,,,
