Index,Region,Subregion,Stage,Confirmed,Deaths,Recovered,Stage_Confirmed,Stage_Deaths,Stage_Recovered,Stage_Treated%,Stage_Deaths%,Stage_Recovered%,Stage_Treated,Recovered_Change
9,Russia,Perm Krai,2020-06-04,1962,26,1266,1962,26,1266,0.6585117227319062,0.020123839009287926,0.9798761609907121,1292,
10,Russia,Perm Krai,2020-06-19,3001,62,2071,1709,36,805,0.49210064365125805,0.04280618311533888,0.9571938168846611,841,-0.022682344106050967
11,Russia,Perm Krai,2020-07-04,3911,80,2931,1778,18,860,0.4938132733408324,0.02050113895216401,0.979498861047836,878,0.022305044163174914
12,Russia,Perm Krai,2020-07-19,4982,107,3935,1971,27,1004,0.5230847285641806,0.026188166828322017,0.973811833171678,1031,-0.005687027876158046
13,Russia,Perm Krai,2020-08-03,6088,166,4372,2046,59,437,0.24242424242424243,0.11895161290322581,0.8810483870967742,496,-0.09276344607490372
14,Russia,Perm Krai,2020-08-18,7111,190,4995,2573,24,623,0.2514574426739215,0.03709428129829984,0.9629057187017002,647,0.08185733160492592
15,Russia,Perm Krai,2020-09-02,7983,215,5580,2798,25,585,0.21801286633309508,0.040983606557377046,0.9590163934426229,610,-0.0038893252590772587
16,Russia,Perm Krai,2020-09-17,8877,244,6155,3082,29,575,0.19597663854639844,0.048013245033112585,0.9519867549668874,604,-0.007029638475735456
17,Russia,Perm Krai,2020-10-02,9991,285,6836,3592,41,681,0.20100222717149221,0.05678670360110803,0.943213296398892,722,-0.008773458567995496
18,Russia,Perm Krai,2020-10-17,11482,342,7762,4361,57,926,0.22540701673928,0.05798575788402848,0.9420142421159715,983,-0.001199054282920442
19,Russia,Perm Krai,2020-11-01,13711,406,9082,5607,64,1320,0.2468343142500446,0.046242774566473986,0.953757225433526,1384,0.011742983317554523
20,Russia,Perm Krai,2020-11-16,16657,477,11226,7169,71,2144,0.3089691728274515,0.032054176072234764,0.9679458239277653,2215,0.014188598494239257
21,Russia,Perm Krai,2020-12-01,20980,644,14638,9277,167,3412,0.38579282095505013,0.04666107851355127,0.9533389214864487,3579,-0.014606902441316572
22,Russia,Perm Krai,2020-12-16,25666,898,19766,10384,254,5128,0.5182973805855162,0.04719435154217763,0.9528056484578223,5382,-0.0005332730286263798
23,Russia,Perm Krai,2020-12-31,30629,1133,24733,9965,235,4967,0.5220270948319117,0.04517493271818531,0.9548250672818147,5202,0.0020194188239923694
24,Russia,Perm Krai,2021-01-15,35106,1282,28502,9240,149,3769,0.42402597402597403,0.03802960694231751,0.9619703930576825,3918,0.007145325775867795
25,Russia,Perm Krai,2021-01-30,39515,1434,32850,9731,152,4348,0.4624396259377248,0.033777777777777775,0.9662222222222222,4500,0.0042518291645397
26,Russia,Perm Krai,2021-02-14,43627,1589,36197,9343,155,3347,0.37482607299582577,0.0442604226156482,0.9557395773843518,3502,-0.010482644837870425
27,Russia,Perm Krai,2021-03-01,47031,1740,39186,9245,151,2989,0.33964305029745806,0.048089171974522296,0.9519108280254777,3140,-0.0038287493588741173
28,Russia,Perm Krai,2021-03-16,49373,1840,42807,8447,100,3621,0.44051142417426303,0.026874496103198066,0.973125503896802,3721,0.021214675871324307
29,Russia,Perm Krai,2021-03-31,51249,1956,45575,6602,116,2768,0.4368373220236292,0.04022191400832178,0.9597780859916782,2884,-0.013347417905123726
30,Russia,Perm Krai,2021-04-15,52907,2057,47713,5376,101,2138,0.41648065476190477,0.04510942384993301,0.954890576150067,2239,-0.004887509841611237
31,Russia,Perm Krai,2021-04-19,53324,2085,48069,3554,28,356,0.1080472706809229,0.07291666666666667,0.9270833333333334,384,-0.027807242816733635
