Index,Region,Subregion,Stage,Confirmed,Deaths,Recovered,Stage_Confirmed,Stage_Deaths,Stage_Recovered,Stage_Treated%,Stage_Deaths%,Stage_Recovered%,Stage_Treated,Recovered_Change
24,Chile,Araucania,2020-05-20,1680,44,0,1680,44,0,0.02619047619047619,1.0,0.0,44,
25,Chile,Araucania,2020-05-25,1857,45,0,1813,1,0,0.0005515719801434088,1.0,0.0,1,0.0
26,Chile,Araucania,2020-05-30,2060,47,0,2015,2,0,0.0009925558312655087,1.0,0.0,2,0.0
27,Chile,Araucania,2020-06-04,2182,47,0,2135,0,0,0.0,,,0,
28,Chile,Araucania,2020-06-09,2445,32,0,2398,-15,0,-0.006255212677231026,1.0,-0.0,-15,
29,Chile,Araucania,2020-06-14,2675,36,0,2643,4,0,0.001513431706394249,1.0,0.0,4,0.0
30,Chile,Araucania,2020-06-19,2897,38,0,2861,2,0,0.0006990562740300594,1.0,0.0,2,0.0
31,Chile,Araucania,2020-06-24,3037,40,0,2999,2,0,0.0006668889629876625,1.0,0.0,2,0.0
32,Chile,Araucania,2020-06-29,3212,41,2880,3172,1,2880,0.9082597730138714,0.0003471017007983339,0.9996528982992017,2881,0.9996528982992017
33,Chile,Araucania,2020-07-04,3369,44,3037,448,3,157,0.35714285714285715,0.01875,0.98125,160,-0.01840289829920172
34,Chile,Araucania,2020-07-09,3505,47,3185,424,3,148,0.3561320754716981,0.019867549668874173,0.9801324503311258,151,-0.0011175496688741182
35,Chile,Araucania,2020-07-14,3615,48,3338,383,1,153,0.402088772845953,0.006493506493506494,0.9935064935064936,154,0.013374043175367722
36,Chile,Araucania,2020-07-19,3724,71,3474,338,23,136,0.47041420118343197,0.14465408805031446,0.8553459119496856,159,-0.138160581556808
37,Chile,Araucania,2020-07-24,3852,74,3577,307,3,103,0.34527687296416937,0.02830188679245283,0.9716981132075472,106,0.11635220125786161
38,Chile,Araucania,2020-07-29,4023,77,3678,372,3,101,0.27956989247311825,0.028846153846153848,0.9711538461538461,104,-0.0005442670537010308
39,Chile,Araucania,2020-08-03,4208,79,3812,453,2,134,0.30022075055187636,0.014705882352941176,0.9852941176470589,136,0.01414027149321273
40,Chile,Araucania,2020-08-08,4365,83,4004,474,4,192,0.41350210970464135,0.02040816326530612,0.9795918367346939,196,-0.005702280912365021
41,Chile,Araucania,2020-08-13,4528,83,4172,441,0,168,0.38095238095238093,0.0,1.0,168,0.020408163265306145
42,Chile,Araucania,2020-08-18,4705,86,4330,450,3,158,0.35777777777777775,0.018633540372670808,0.9813664596273292,161,-0.018633540372670843
43,Chile,Araucania,2020-08-23,4906,90,4490,490,4,160,0.3346938775510204,0.024390243902439025,0.975609756097561,164,-0.005756703529768203
44,Chile,Araucania,2020-08-28,5046,94,4673,466,4,183,0.4012875536480687,0.0213903743315508,0.9786096256684492,187,0.0029998695708882694
45,Chile,Araucania,2020-09-02,5228,94,4867,461,0,194,0.420824295010846,0.0,1.0,194,0.021390374331550777
46,Chile,Araucania,2020-09-07,5487,96,5020,526,2,153,0.2946768060836502,0.012903225806451613,0.9870967741935484,155,-0.012903225806451646
47,Chile,Araucania,2020-09-12,5830,98,5262,714,2,242,0.34173669467787116,0.00819672131147541,0.9918032786885246,244,0.004706504494976227
48,Chile,Araucania,2020-09-17,6194,101,5562,834,3,300,0.36330935251798563,0.009900990099009901,0.9900990099009901,303,-0.0017042687875344908
49,Chile,Araucania,2020-09-22,6601,104,6018,938,3,456,0.48933901918976547,0.006535947712418301,0.9934640522875817,459,0.0033650423865916324
50,Chile,Araucania,2020-09-27,7120,112,6409,998,8,391,0.3997995991983968,0.020050125313283207,0.9799498746867168,399,-0.01351417760086493
51,Chile,Araucania,2020-10-02,7722,117,6866,1201,5,457,0.38467943380516234,0.010822510822510822,0.9891774891774892,462,0.009227614490772362
52,Chile,Araucania,2020-10-07,8393,118,7338,1410,1,472,0.3354609929078014,0.0021141649048625794,0.9978858350951374,473,0.008708345917648241
53,Chile,Araucania,2020-10-12,9255,128,7891,1799,10,553,0.3129516397998888,0.017761989342806393,0.9822380106571936,563,-0.01564782443794377
54,Chile,Araucania,2020-10-17,9940,130,8623,1921,2,732,0.38209266007287873,0.0027247956403269754,0.997275204359673,734,0.015037193702479357
55,Chile,Araucania,2020-10-22,10688,138,9375,1935,8,752,0.39276485788113696,0.010526315789473684,0.9894736842105263,760,-0.007801520149146701
56,Chile,Araucania,2020-10-27,11670,144,10561,2157,6,1186,0.5526193787668058,0.0050335570469798654,0.9949664429530202,1192,0.005492758742493886
57,Chile,Araucania,2020-11-01,12592,157,11383,1887,13,822,0.442501324854266,0.015568862275449102,0.9844311377245509,835,-0.010535305228469238
58,Chile,Araucania,2020-11-06,13503,169,12180,1963,12,797,0.4121242995415181,0.014833127317676144,0.9851668726823238,809,0.0007357349577729044
59,Chile,Araucania,2020-11-11,14458,175,13187,2109,6,1007,0.48032242769084876,0.005923000987166831,0.9940769990128332,1013,0.00891012633050936
60,Chile,Araucania,2020-11-16,15311,192,14126,1949,17,939,0.4905079527963058,0.01778242677824268,0.9822175732217573,956,-0.011859425791075906
61,Chile,Araucania,2020-11-21,16101,205,14946,1783,13,820,0.46719012899607404,0.015606242496998799,0.9843937575030012,833,0.002176184281243887
62,Chile,Araucania,2020-11-26,16882,216,15783,1731,11,837,0.4898902368573079,0.012971698113207548,0.9870283018867925,848,0.002634544383791293
63,Chile,Araucania,2020-12-01,17702,229,16566,1703,13,783,0.4674104521432766,0.016331658291457288,0.9836683417085427,796,-0.003359960178249799
64,Chile,Araucania,2020-12-06,18510,246,17318,1715,17,752,0.44839650145772597,0.022106631989596878,0.9778933680104032,769,-0.005774973698139507
65,Chile,Araucania,2020-12-11,19367,257,18099,1803,11,781,0.43926788685524126,0.013888888888888888,0.9861111111111112,792,0.008217743100707997
66,Chile,Araucania,2020-12-16,20184,261,19056,1828,4,957,0.5257111597374179,0.004162330905306972,0.9958376690946931,961,0.009726557983581907
67,Chile,Araucania,2020-12-21,21756,278,19854,2439,17,798,0.33415334153341536,0.020858895705521473,0.9791411042944785,815,-0.01669656480021453
68,Chile,Araucania,2020-12-26,22090,288,20752,1958,10,898,0.4637385086823289,0.011013215859030838,0.9889867841409692,908,0.009845679846490651
69,Chile,Araucania,2020-12-31,22928,303,21610,1888,15,858,0.4623940677966102,0.01718213058419244,0.9828178694158075,873,-0.006168914725161678
70,Chile,Araucania,2021-01-05,24061,316,22555,2148,13,945,0.44599627560521415,0.013569937369519834,0.9864300626304802,958,0.0036121932146726543
71,Chile,Araucania,2021-01-10,25493,336,23707,2622,20,1152,0.4469870327993898,0.017064846416382253,0.9829351535836177,1172,-0.003494909046862449
72,Chile,Araucania,2021-01-15,26935,355,24946,2892,19,1239,0.43499308437067774,0.015103338632750398,0.9848966613672496,1258,0.0019615077836319106
73,Chile,Araucania,2021-01-20,28440,364,26542,3139,9,1596,0.5113093341828607,0.005607476635514018,0.994392523364486,1605,0.009495861997236399
74,Chile,Araucania,2021-01-25,30029,383,27966,3123,19,1424,0.4620557156580211,0.013167013167013167,0.9868329868329868,1443,-0.007559536531499211
75,Chile,Araucania,2021-01-30,31538,400,29505,3189,17,1539,0.4879272499216055,0.010925449871465296,0.9890745501285347,1556,0.0022415632955479214
76,Chile,Araucania,2021-02-04,32832,422,30956,2927,22,1451,0.5032456440040998,0.01493550577053632,0.9850644942294636,1473,-0.004010055899071108
77,Chile,Araucania,2021-02-09,34327,438,32442,2949,16,1486,0.5093251949813496,0.010652463382157125,0.9893475366178429,1502,0.004283042388379288
78,Chile,Araucania,2021-02-14,35837,460,33810,2957,22,1368,0.4700710179235712,0.015827338129496403,0.9841726618705036,1390,-0.005174874747339353
79,Chile,Araucania,2021-02-19,37198,483,35066,2928,23,1256,0.4368169398907104,0.017982799061767005,0.982017200938233,1279,-0.002155460932270592
80,Chile,Araucania,2021-02-24,38681,497,36674,3132,14,1608,0.5178799489144317,0.008631319358816275,0.9913686806411838,1622,0.009351479702950805
81,Chile,Araucania,2021-03-01,40643,533,38210,3472,36,1536,0.45276497695852536,0.022900763358778626,0.9770992366412213,1572,-0.014269443999962439
82,Chile,Araucania,2021-03-06,42469,547,39805,3726,14,1595,0.4318303811057434,0.00870105655686762,0.9912989434431324,1609,0.014199706801911072
83,Chile,Araucania,2021-03-11,44438,565,41660,4086,18,1855,0.4583945178658835,0.009610250934329953,0.99038974906567,1873,-0.0009091943774623967
84,Chile,Araucania,2021-03-16,46717,589,43850,4492,24,2190,0.4928762243989314,0.01084010840108401,0.989159891598916,2214,-0.0012298574667539697
85,Chile,Araucania,2021-03-21,49370,617,46175,4931,28,2325,0.47718515514094506,0.011899702507437314,0.9881002974925627,2353,-0.0010595941063533676
86,Chile,Araucania,2021-03-26,52027,636,48445,5235,19,2270,0.4372492836676218,0.008300567933595456,0.9916994320664045,2289,0.0035991345738418667
87,Chile,Araucania,2021-03-31,54915,671,51266,5834,35,2821,0.48954405210833046,0.012254901960784314,0.9877450980392157,2856,-0.0039543340271888106
88,Chile,Araucania,2021-04-05,57506,707,53939,5569,36,2673,0.48644280840366316,0.013289036544850499,0.9867109634551495,2709,-0.0010341345840662042
89,Chile,Araucania,2021-04-10,60101,732,56419,5455,25,2480,0.459211732355637,0.00998003992015968,0.9900199600798403,2505,0.003308996624690752
90,Chile,Araucania,2021-04-15,62646,773,58965,5495,41,2546,0.4707916287534122,0.015848473134905297,0.9841515268650947,2587,-0.005868433214745616
91,Chile,Araucania,2021-04-20,65478,804,61539,5740,31,2574,0.4538327526132404,0.011900191938579654,0.9880998080614204,2605,0.003948281196325731
92,Chile,Araucania,2021-04-25,68429,851,64168,6086,47,2629,0.4396976667762077,0.017563527653213753,0.9824364723467862,2676,-0.005663335714634177
93,Chile,Araucania,2021-04-27,69284,862,65379,4265,11,1211,0.2865181711606096,0.00900163666121113,0.9909983633387889,1222,0.008561890992002663
