Index,Region,Subregion,Stage,Confirmed,Deaths,Recovered,Stage_Confirmed,Stage_Deaths,Stage_Recovered,Stage_Treated%,Stage_Deaths%,Stage_Recovered%,Stage_Treated,Recovered_Change
3,Canada,Northwest Territories,2020-03-21,1,0,0,1,0,0,0.0,,,0,
4,Canada,Northwest Territories,2020-04-10,5,0,0,5,0,0,0.0,,,0,
5,Canada,Northwest Territories,2020-04-30,5,0,0,5,0,0,0.0,,,0,
6,Canada,Northwest Territories,2020-05-20,5,0,5,5,0,5,1.0,0.0,1.0,5,
7,Canada,Northwest Territories,2020-06-09,5,0,5,0,0,0,,,,0,
8,Canada,Northwest Territories,2020-06-29,5,0,5,0,0,0,,,,0,
9,Canada,Northwest Territories,2020-07-19,5,0,5,0,0,0,,,,0,
10,Canada,Northwest Territories,2020-08-08,5,0,5,0,0,0,,,,0,
11,Canada,Northwest Territories,2020-08-28,5,0,5,0,0,0,,,,0,
12,Canada,Northwest Territories,2020-09-17,5,0,5,0,0,0,,,,0,
13,Canada,Northwest Territories,2020-10-07,5,0,5,0,0,0,,,,0,
14,Canada,Northwest Territories,2020-10-27,9,0,8,4,0,3,0.75,0.0,1.0,3,
15,Canada,Northwest Territories,2020-11-16,15,0,10,7,0,2,0.2857142857142857,0.0,1.0,2,0.0
16,Canada,Northwest Territories,2020-12-06,15,0,15,5,0,5,1.0,0.0,1.0,5,0.0
17,Canada,Northwest Territories,2020-12-26,24,0,23,9,0,8,0.8888888888888888,0.0,1.0,8,0.0
18,Canada,Northwest Territories,2021-01-15,25,0,24,2,0,1,0.5,0.0,1.0,1,0.0
19,Canada,Northwest Territories,2021-02-04,36,0,35,12,0,11,0.9166666666666666,0.0,1.0,11,0.0
20,Canada,Northwest Territories,2021-02-24,47,0,43,12,0,8,0.6666666666666666,0.0,1.0,8,0.0
21,Canada,Northwest Territories,2021-03-16,47,0,46,4,0,3,0.75,0.0,1.0,3,0.0
22,Canada,Northwest Territories,2021-04-05,47,0,47,1,0,1,1.0,0.0,1.0,1,0.0
23,Canada,Northwest Territories,2021-04-25,54,0,49,7,0,2,0.2857142857142857,0.0,1.0,2,0.0
24,Canada,Northwest Territories,2021-05-15,121,0,83,72,0,34,0.4722222222222222,0.0,1.0,34,0.0
25,Canada,Northwest Territories,2021-06-04,128,0,128,45,0,45,1.0,0.0,1.0,45,0.0
26,Canada,Northwest Territories,2021-06-05,128,0,128,0,0,0,,,,0,
