Index,Region,Subregion,Stage,Confirmed,Deaths,Recovered,Stage_Confirmed,Stage_Deaths,Stage_Recovered,Stage_Treated%,Stage_Deaths%,Stage_Recovered%,Stage_Treated,Recovered_Change
9,Peru,Apurimac,2020-06-04,221,10,0,221,10,0,0.04524886877828054,1.0,0.0,10,
10,Peru,Apurimac,2020-06-19,412,21,0,402,11,0,0.02736318407960199,1.0,0.0,11,0.0
11,Peru,Apurimac,2020-07-04,589,33,0,568,12,0,0.02112676056338028,1.0,0.0,12,0.0
12,Peru,Apurimac,2020-07-19,668,42,0,635,9,0,0.014173228346456693,1.0,0.0,9,0.0
13,Peru,Apurimac,2020-08-03,1000,66,0,958,24,0,0.025052192066805846,1.0,0.0,24,0.0
14,Peru,Apurimac,2020-08-18,1806,111,0,1740,45,0,0.02586206896551724,1.0,0.0,45,0.0
15,Peru,Apurimac,2020-09-02,2873,157,0,2762,46,0,0.0166545981173063,1.0,0.0,46,0.0
16,Peru,Apurimac,2020-09-17,4091,197,0,3934,40,0,0.010167768174885612,1.0,0.0,40,0.0
17,Peru,Apurimac,2020-10-02,4829,232,0,4632,35,0,0.0075561312607944735,1.0,0.0,35,0.0
18,Peru,Apurimac,2020-10-17,5302,255,0,5070,23,0,0.004536489151873767,1.0,0.0,23,0.0
19,Peru,Apurimac,2020-11-01,5772,275,0,5517,20,0,0.0036251586006887803,1.0,0.0,20,0.0
20,Peru,Apurimac,2020-11-16,6187,295,0,5912,20,0,0.0033829499323410014,1.0,0.0,20,0.0
21,Peru,Apurimac,2020-12-01,6508,313,0,6213,18,0,0.0028971511347175277,1.0,0.0,18,0.0
22,Peru,Apurimac,2020-12-16,6915,338,0,6602,25,0,0.0037867312935474097,1.0,0.0,25,0.0
23,Peru,Apurimac,2020-12-31,7520,358,0,7182,20,0,0.00278473962684489,1.0,0.0,20,0.0
24,Peru,Apurimac,2021-01-15,8498,416,0,8140,58,0,0.007125307125307125,1.0,0.0,58,0.0
25,Peru,Apurimac,2021-01-30,9585,490,0,9169,74,0,0.00807067291962046,1.0,0.0,74,0.0
26,Peru,Apurimac,2021-02-14,10624,568,0,10134,78,0,0.0076968620485494375,1.0,0.0,78,0.0
27,Peru,Apurimac,2021-03-01,11280,622,0,10712,54,0,0.005041075429424944,1.0,0.0,54,0.0
28,Peru,Apurimac,2021-03-16,12056,687,0,11434,65,0,0.005684799720132937,1.0,0.0,65,0.0
29,Peru,Apurimac,2021-03-31,13616,768,0,12929,81,0,0.006264985691082064,1.0,0.0,81,0.0
30,Peru,Apurimac,2021-04-15,16004,865,0,15236,97,0,0.006366500393804148,1.0,0.0,97,0.0
31,Peru,Apurimac,2021-04-30,19326,1034,0,18461,169,0,0.00915443367098207,1.0,0.0,169,0.0
32,Peru,Apurimac,2021-05-15,21116,1199,0,20082,165,0,0.008216313116223483,1.0,0.0,165,0.0
33,Peru,Apurimac,2021-05-30,22855,1316,0,21656,117,0,0.005402659770964167,1.0,0.0,117,0.0
34,Peru,Apurimac,2021-06-14,23793,1383,0,22477,67,0,0.0029808248431730214,1.0,0.0,67,0.0
35,Peru,Apurimac,2021-06-29,24321,1406,0,22938,23,0,0.0010027029383555671,1.0,0.0,23,0.0
36,Peru,Apurimac,2021-07-01,24321,1406,0,22915,0,0,0.0,,,0,
