Index,Region,Subregion,Stage,Confirmed,Deaths,Recovered,Stage_Confirmed,Stage_Deaths,Stage_Recovered,Stage_Treated%,Stage_Deaths%,Stage_Recovered%,Stage_Treated,Recovered_Change
3,Oman,,2020-03-06,16,0,2,16,0,2,0.125,0.0,1.0,2,
4,Oman,,2020-03-21,52,0,12,50,0,10,0.2,0.0,1.0,10,0.0
5,Oman,,2020-04-05,298,2,61,286,2,49,0.17832167832167833,0.0392156862745098,0.9607843137254902,51,-0.039215686274509776
6,Oman,,2020-04-20,1410,7,238,1347,5,177,0.13511507052709726,0.027472527472527472,0.9725274725274725,182,0.01174315880198229
7,Oman,,2020-05-05,2735,13,858,2490,6,620,0.25140562248995985,0.009584664536741214,0.9904153354632588,626,0.01788786293578626
8,Oman,,2020-05-20,6043,30,1661,5172,17,803,0.1585460170146945,0.020731707317073172,0.9792682926829268,820,-0.011147042780331962
9,Oman,,2020-06-04,14316,67,3451,12625,37,1790,0.1447128712871287,0.020251778872468526,0.9797482211275315,1827,0.00047992844460464923
10,Oman,,2020-06-19,27670,125,13974,24152,58,10523,0.4381003643590593,0.005481523485492865,0.9945184765145071,10581,0.014770255386975628
11,Oman,,2020-07-04,45106,203,26968,31007,78,12994,0.4215822233689167,0.005966952264381885,0.9940330477356181,13072,-0.0004854287788890188
12,Oman,,2020-07-19,66661,318,44004,39490,115,17036,0.4343124841732084,0.006705148387849105,0.9932948516121509,17151,-0.0007381961234671497
13,Oman,,2020-08-03,79159,421,61421,34837,103,17417,0.5029135689066223,0.005878995433789954,0.99412100456621,17520,0.0008261529540590784
14,Oman,,2020-08-18,83418,597,77977,21576,176,16556,0.7754912866147572,0.010518766435572556,0.9894812335644274,16732,-0.004639771001782589
15,Oman,,2020-09-02,85928,689,81024,7354,92,3047,0.4268425346750068,0.029308697037273016,0.970691302962727,3139,-0.018789930601700422
16,Oman,,2020-09-17,91753,818,84648,10040,129,3624,0.37380478087649405,0.03437250199840128,0.9656274980015987,3753,-0.005063804961128238
17,Oman,,2020-10-02,98585,935,88528,13119,117,3880,0.3046726122417867,0.029271953965474107,0.9707280460345259,3997,0.0051005480329271435
18,Oman,,2020-10-17,108296,1071,94229,18833,136,5701,0.30993468910954175,0.023299640226143566,0.9767003597738564,5837,0.005972313739330493
19,Oman,,2020-11-01,115734,1246,105700,20434,175,11471,0.5699324654986787,0.015026618581487206,0.9849733814185128,11646,0.008273021644656375
20,Oman,,2020-11-16,120718,1350,111446,13772,104,5746,0.4247749056055765,0.017777777777777778,0.9822222222222222,5850,-0.0027511591962905424
21,Oman,,2020-12-01,123908,1430,115441,11112,80,3995,0.3667206623470122,0.0196319018404908,0.9803680981595092,4075,-0.001854124062713014
22,Oman,,2020-12-16,126835,1480,118736,9964,50,3295,0.33570855078281814,0.014947683109118086,0.9850523168908819,3345,0.004684218731372702
23,Oman,,2020-12-31,128867,1499,121890,8651,19,3154,0.3667784071205641,0.005988023952095809,0.9940119760479041,3173,0.008959659157022237
24,Oman,,2021-01-15,131264,1509,123593,7875,10,1703,0.21752380952380954,0.005837711617046118,0.9941622883829538,1713,0.000150312335049696
25,Oman,,2021-01-30,133728,1527,126572,8626,18,2979,0.34743797820542544,0.006006006006006006,0.993993993993994,2997,-0.00016829438895982207
26,Oman,,2021-02-14,137306,1542,129054,9207,15,2482,0.2712066905615293,0.006007208650380457,0.9939927913496196,2497,-1.202644374420636e-06
27,Oman,,2021-03-01,141808,1577,132685,11212,35,3631,0.3269711023902961,0.009547190398254229,0.9904528096017458,3666,-0.003539981747873844
28,Oman,,2021-03-16,148010,1614,137028,13748,37,4343,0.3185917951702066,0.008447488584474886,0.9915525114155251,4380,0.0010997018137793857
29,Oman,,2021-03-31,159218,1678,143966,20576,64,6938,0.34029937791601866,0.009140245644101685,0.9908597543558983,7002,-0.0006927570596267918
30,Oman,,2021-04-15,176668,1821,156845,31024,143,12879,0.41973955647240846,0.010981416065120566,0.9890185839348794,13022,-0.001841170421018945
31,Oman,,2021-04-30,193253,2010,173123,34587,189,16278,0.47610373839882036,0.011477500455456367,0.9885224995445436,16467,-0.0004960843903357715
32,Oman,,2021-05-15,202713,2148,186391,27580,138,13268,0.4860768672951414,0.010293898254512905,0.9897061017454871,13406,0.0011836022009434899
33,Oman,,2021-05-30,216183,2334,199287,27644,186,12896,0.4732310808855448,0.014218009478672985,0.985781990521327,13082,-0.003924111224160143
34,Oman,,2021-06-12,230219,2467,207795,28598,133,8508,0.3021539967829918,0.015391737067469043,0.984608262932531,8641,-0.0011737275887959697
