Index,Region,Subregion,Stage,Confirmed,Deaths,Recovered,Stage_Confirmed,Stage_Deaths,Stage_Recovered,Stage_Treated%,Stage_Deaths%,Stage_Recovered%,Stage_Treated,Recovered_Change
23,Italy,Liguria,2020-05-15,9060,1336,5121,9060,1336,5121,0.7126931567328918,0.20690723246089515,0.7930927675391048,6457,
24,Italy,Liguria,2020-05-20,9289,1386,5725,2832,50,604,0.2309322033898305,0.0764525993883792,0.9235474006116208,654,0.13045463307251592
25,Italy,Liguria,2020-05-25,9497,1425,6516,2386,39,791,0.34786253143336127,0.046987951807228916,0.9530120481927711,830,0.029464647581150305
26,Italy,Liguria,2020-05-30,9651,1459,7411,1710,34,895,0.5432748538011696,0.03659849300322928,0.9634015069967707,929,0.010389458803999663
27,Italy,Liguria,2020-06-04,9772,1479,7899,902,20,488,0.5631929046563193,0.03937007874015748,0.9606299212598425,508,-0.0027715857369282615
28,Italy,Liguria,2020-06-09,9834,1509,8076,456,30,177,0.45394736842105265,0.14492753623188406,0.855072463768116,207,-0.10555745749172651
29,Italy,Liguria,2020-06-14,9879,1521,8115,294,12,39,0.17346938775510204,0.23529411764705882,0.7647058823529411,51,-0.09036658141517484
30,Italy,Liguria,2020-06-19,9910,1540,8121,274,19,6,0.09124087591240876,0.76,0.24,25,-0.5247058823529411
31,Italy,Liguria,2020-06-24,9940,1555,8124,279,15,3,0.06451612903225806,0.8333333333333334,0.16666666666666666,18,-0.07333333333333333
32,Italy,Liguria,2020-06-29,9974,1558,8139,295,3,15,0.061016949152542375,0.16666666666666666,0.8333333333333334,18,0.6666666666666667
33,Italy,Liguria,2020-07-04,9991,1558,8150,294,0,11,0.03741496598639456,0.0,1.0,11,0.16666666666666663
34,Italy,Liguria,2020-07-09,10010,1558,8174,302,0,24,0.07947019867549669,0.0,1.0,24,0.0
35,Italy,Liguria,2020-07-14,10038,1561,8283,306,3,109,0.3660130718954248,0.026785714285714284,0.9732142857142857,112,-0.0267857142857143
36,Italy,Liguria,2020-07-19,10093,1565,8324,249,4,41,0.18072289156626506,0.08888888888888889,0.9111111111111111,45,-0.062103174603174605
37,Italy,Liguria,2020-07-24,10144,1566,8380,255,1,56,0.2235294117647059,0.017543859649122806,0.9824561403508771,57,0.07134502923976604
38,Italy,Liguria,2020-07-29,10197,1566,8434,251,0,54,0.2151394422310757,0.0,1.0,54,0.01754385964912286
39,Italy,Liguria,2020-08-03,10238,1568,8475,238,2,41,0.18067226890756302,0.046511627906976744,0.9534883720930233,43,-0.046511627906976716
40,Italy,Liguria,2020-08-08,10276,1569,8493,233,1,18,0.0815450643776824,0.05263157894736842,0.9473684210526315,19,-0.006119951040391758
41,Italy,Liguria,2020-08-13,10393,1569,8567,331,0,74,0.22356495468277945,0.0,1.0,74,0.052631578947368474
42,Italy,Liguria,2020-08-18,10501,1569,8610,365,0,43,0.1178082191780822,0.0,1.0,43,0.0
43,Italy,Liguria,2020-08-23,10645,1571,8676,466,2,66,0.1459227467811159,0.029411764705882353,0.9705882352941176,68,-0.02941176470588236
44,Italy,Liguria,2020-08-28,10807,1571,8767,560,0,91,0.1625,0.0,1.0,91,0.02941176470588236
45,Italy,Liguria,2020-09-02,11017,1571,8839,679,0,72,0.10603829160530191,0.0,1.0,72,0.0
46,Italy,Liguria,2020-09-07,11351,1577,8951,941,6,112,0.12539851222104145,0.05084745762711865,0.9491525423728814,118,-0.05084745762711862
47,Italy,Liguria,2020-09-12,11774,1579,9107,1246,2,156,0.12680577849117175,0.012658227848101266,0.9873417721518988,158,0.0381892297790174
48,Italy,Liguria,2020-09-17,12171,1586,9227,1485,7,120,0.08552188552188553,0.05511811023622047,0.9448818897637795,127,-0.04245988238811926
49,Italy,Liguria,2020-09-22,12661,1592,9539,1848,6,312,0.17207792207792208,0.018867924528301886,0.9811320754716981,318,0.0362501857079186
50,Italy,Liguria,2020-09-27,13086,1599,9749,1955,7,210,0.11099744245524297,0.03225806451612903,0.967741935483871,217,-0.013390139987827121
51,Italy,Liguria,2020-10-02,13586,1608,10149,2238,9,400,0.18275245755138517,0.022004889975550123,0.9779951100244498,409,0.010253174540578835
52,Italy,Liguria,2020-10-07,14322,1614,10676,2565,6,527,0.2077972709551657,0.01125703564727955,0.9887429643527205,533,0.010747854328270634
53,Italy,Liguria,2020-10-12,15455,1621,11093,3165,7,417,0.13396524486571879,0.01650943396226415,0.9834905660377359,424,-0.005252398314984585
54,Italy,Liguria,2020-10-17,17745,1633,12554,5031,12,1461,0.2927847346451998,0.008146639511201629,0.9918533604887984,1473,0.008362794451062472
55,Italy,Liguria,2020-10-22,20581,1673,13842,6394,40,1288,0.20769471379418206,0.030120481927710843,0.9698795180722891,1328,-0.021973842416509237
56,Italy,Liguria,2020-10-27,24597,1718,15922,9082,45,2080,0.23397929971371945,0.021176470588235293,0.9788235294117648,2125,0.008944011339475644
57,Italy,Liguria,2020-11-01,29344,1781,18849,11704,63,2927,0.2554682159945318,0.021070234113712373,0.9789297658862877,2990,0.00010623647452290275
58,Italy,Liguria,2020-11-06,34452,1879,20881,13822,98,2032,0.15410215598321517,0.046009389671361506,0.9539906103286385,2130,-0.02493915555764914
59,Italy,Liguria,2020-11-11,39242,2009,23278,16482,130,2397,0.1533187719936901,0.051444400474871387,0.9485555995251286,2527,-0.005435010803509943
60,Italy,Liguria,2020-11-16,43742,2124,25717,18455,115,2439,0.1383906800325115,0.04502740798747063,0.9549725920125294,2554,0.006416992487400797
61,Italy,Liguria,2020-11-21,47516,2227,29416,19675,103,3699,0.19324015247776366,0.027091004734350343,0.9729089952656497,3802,0.017936403253120292
62,Italy,Liguria,2020-11-26,49951,2322,34137,18308,95,4721,0.2630544024470177,0.01972591362126246,0.9802740863787376,4816,0.007365091113087918
63,Italy,Liguria,2020-12-01,52023,2404,37469,15564,82,3332,0.21935235158057054,0.02401874633860574,0.9759812536613942,3414,-0.004292832717343376
64,Italy,Liguria,2020-12-06,53779,2521,40842,13906,117,3373,0.25097080396950955,0.0335243553008596,0.9664756446991404,3490,-0.009505608962253831
65,Italy,Liguria,2020-12-11,55024,2627,43632,11661,106,2790,0.2483491981819741,0.03660220994475138,0.9633977900552486,2896,-0.0030778546438917642
66,Italy,Liguria,2020-12-16,56318,2705,45584,10059,78,1952,0.20180932498260265,0.03842364532019704,0.961576354679803,2030,-0.001821435375445657
67,Italy,Liguria,2020-12-21,57754,2782,48384,9465,77,2800,0.3039619651347068,0.0267639902676399,0.9732360097323601,2877,0.011659655052557172
68,Italy,Liguria,2020-12-26,59005,2844,50489,7839,62,2105,0.2764383212144406,0.02861098292570374,0.9713890170742963,2167,-0.001846992658063873
69,Italy,Liguria,2020-12-31,60469,2891,51958,7136,47,1469,0.2124439461883408,0.03100263852242744,0.9689973614775725,1516,-0.0023916555967237185
70,Italy,Liguria,2021-01-05,61913,2929,53412,7064,38,1454,0.21121177802944507,0.02546916890080429,0.9745308310991957,1492,0.005533469621623155
71,Italy,Liguria,2021-01-10,63774,3010,55538,7433,81,2126,0.29691914435624917,0.03670140462165836,0.9632985953783416,2207,-0.011232235720854078
72,Italy,Liguria,2021-01-15,65214,3084,57096,6666,74,1558,0.2448244824482448,0.04534313725490196,0.9546568627450981,1632,-0.008641732633243526
73,Italy,Liguria,2021-01-20,66546,3169,58619,6366,85,1523,0.2525918944392083,0.05286069651741294,0.947139303482587,1608,-0.007517559262511075
74,Italy,Liguria,2021-01-25,67857,3241,60078,6069,72,1459,0.25226561212720383,0.047028086218158065,0.952971913781842,1531,0.00583261029925497
75,Italy,Liguria,2021-01-30,69361,3341,61625,6042,100,1547,0.27259185700099303,0.06071645415907711,0.9392835458409229,1647,-0.0136883679409191
76,Italy,Liguria,2021-02-04,70777,3408,62966,5811,67,1341,0.24229908793667182,0.04758522727272727,0.9524147727272727,1408,0.013131226886349823
77,Italy,Liguria,2021-02-09,72226,3476,64020,5852,68,1054,0.19172932330827067,0.06060606060606061,0.9393939393939394,1122,-0.01302083333333326
78,Italy,Liguria,2021-02-14,73815,3515,65285,6319,39,1265,0.20636176610223136,0.0299079754601227,0.9700920245398773,1304,0.03069808514593786
79,Italy,Liguria,2021-02-19,75147,3559,66756,6347,44,1471,0.23869544666771703,0.029042904290429043,0.970957095709571,1515,0.0008650711696936986
80,Italy,Liguria,2021-02-24,76576,3608,68061,6261,49,1305,0.2162593834850663,0.0361890694239291,0.9638109305760709,1354,-0.007146165133500082
81,Italy,Liguria,2021-03-01,78287,3636,69166,6618,28,1105,0.17119975823511635,0.02471315092674316,0.9752868490732568,1133,0.011475918497185877
82,Italy,Liguria,2021-03-06,80016,3681,70475,7214,45,1309,0.18769060160798448,0.03323485967503693,0.9667651403249631,1354,-0.008521708748293721
83,Italy,Liguria,2021-03-11,81610,3711,71839,7454,30,1364,0.1870136839280923,0.021520803443328552,0.9784791965566715,1394,0.011714056231708403
84,Italy,Liguria,2021-03-16,83229,3761,73350,7679,50,1511,0.203281677301732,0.032030749519538756,0.9679692504804612,1561,-0.010509946076210253
85,Italy,Liguria,2021-03-21,85139,3795,75393,8028,34,2043,0.25871948181365223,0.01636976408281175,0.9836302359171882,2077,0.015660985436727004
86,Italy,Liguria,2021-03-26,87194,3833,77035,8006,38,1642,0.20984261803647264,0.02261904761904762,0.9773809523809524,1680,-0.006249283536235883
87,Italy,Liguria,2021-03-31,89324,3879,78350,8456,46,1315,0.1609508041627247,0.03379867744305658,0.9662013225569435,1361,-0.011179629824008885
88,Italy,Liguria,2021-04-05,91780,3905,80145,9551,26,1795,0.19066066380483718,0.014277869302580999,0.985722130697419,1821,0.01952080814047552
89,Italy,Liguria,2021-04-10,93597,3971,81824,9547,66,1679,0.1827799308683356,0.03782234957020057,0.9621776504297994,1745,-0.023544480267619572
90,Italy,Liguria,2021-04-15,95286,4046,84293,9491,75,2469,0.26804340954588557,0.0294811320754717,0.9705188679245284,2544,0.008341217494728936
91,Italy,Liguria,2021-04-20,96683,4090,86110,8344,44,1817,0.22303451581975073,0.023643202579258463,0.9763567974207416,1861,0.005837929496213201
92,Italy,Liguria,2021-04-25,98154,4136,87893,7954,46,1783,0.2299471963791803,0.025150355385456534,0.9748496446145435,1829,-0.0015071528061980644
93,Italy,Liguria,2021-04-30,99416,4183,89762,7387,47,1869,0.2593745769595235,0.024530271398747392,0.9754697286012526,1916,0.0006200839867090968
94,Italy,Liguria,2021-05-05,100327,4219,91406,6382,36,1644,0.26324036352240676,0.02142857142857143,0.9785714285714285,1680,0.003101699970175953
95,Italy,Liguria,2021-05-10,101081,4245,92908,5456,26,1502,0.28005865102639294,0.017015706806282723,0.9829842931937173,1528,0.004412864622288737
96,Italy,Liguria,2021-05-15,101702,4278,94307,4549,33,1399,0.31479446032094965,0.023044692737430168,0.9769553072625698,1432,-0.006028985931147424
97,Italy,Liguria,2021-05-20,102109,4299,95483,3524,21,1176,0.3396708286038593,0.017543859649122806,0.9824561403508771,1197,0.005500833088307289
98,Italy,Liguria,2021-05-25,102405,4312,96535,2623,13,1052,0.40602363705680516,0.012206572769953052,0.9877934272300469,1065,0.005337286879169789
99,Italy,Liguria,2021-05-30,102718,4322,97220,1871,10,685,0.3714591127739177,0.014388489208633094,0.9856115107913669,695,-0.0021819164386800427
100,Italy,Liguria,2021-06-04,102875,4330,97688,1333,8,468,0.3570892723180795,0.01680672268907563,0.9831932773109243,476,-0.0024182334804425665
101,Italy,Liguria,2021-06-09,102982,4340,98074,964,10,386,0.4107883817427386,0.025252525252525252,0.9747474747474747,396,-0.008445802563449623
102,Italy,Liguria,2021-06-14,103056,4343,98295,642,3,221,0.34890965732087226,0.013392857142857142,0.9866071428571429,224,0.011859668109668209
103,Italy,Liguria,2021-06-19,103133,4345,98497,495,2,202,0.4121212121212121,0.00980392156862745,0.9901960784313726,204,0.003588935574229679
104,Italy,Liguria,2021-06-24,103382,4349,98824,540,4,327,0.6129629629629629,0.012084592145015106,0.9879154078549849,331,-0.0022806705763877
105,Italy,Liguria,2021-06-29,103423,4351,98922,250,2,98,0.4,0.02,0.98,100,-0.007915407854984902
106,Italy,Liguria,2021-07-04,103476,4352,98999,203,1,77,0.3842364532019704,0.01282051282051282,0.9871794871794872,78,0.007179487179487243
107,Italy,Liguria,2021-07-09,103544,4352,99047,193,0,48,0.24870466321243523,0.0,1.0,48,0.012820512820512775
108,Italy,Liguria,2021-07-14,103670,4353,99109,271,1,62,0.23247232472324722,0.015873015873015872,0.9841269841269841,63,-0.015873015873015928
109,Italy,Liguria,2021-07-19,103920,4356,99189,458,3,80,0.1812227074235808,0.03614457831325301,0.963855421686747,83,-0.02027156244023709
110,Italy,Liguria,2021-07-24,104497,4359,99315,952,3,126,0.13550420168067226,0.023255813953488372,0.9767441860465116,129,0.012888764359764604
111,Italy,Liguria,2021-07-28,104934,4360,99529,1260,1,214,0.17063492063492064,0.004651162790697674,0.9953488372093023,215,0.018604651162790753
